1e-06 -2e+12 0
0.0502523 -791.49 0
0.100504 -197.505 0
0.150755 -87.5086 0
0.201006 -49.0126 0
0.251257 -31.197 0
0.301509 -21.5218 0
0.35176 -15.6899 0
0.402011 -11.9065 0
0.452262 -9.31398 0
0.502514 -7.46072 0
0.552765 -6.09043 0
0.603016 -5.04894 0
0.653267 -4.23896 0
0.703519 -3.5967 0
0.75377 -3.07888 0
0.804021 -2.65532 0
0.854272 -2.30447 0
0.904524 -2.01063 0
0.954775 -1.76211 0
1.00503 -1.5501 0
1.05528 -1.36784 0
1.10553 -1.21011 0
1.15578 -1.07279 0
1.20603 -0.952614 0
1.25628 -0.846967 0
1.30653 -0.75373 0
1.35678 -0.671171 0
1.40704 -0.597861 0
1.45729 -0.532612 0
1.50754 -0.474426 0
1.55779 -0.422457 0
1.60804 -0.375986 0
1.65829 -0.33439 0
1.70854 -0.297134 0
1.75879 -0.263748 0
1.80905 -0.233822 0
1.8593 -0.206993 0
1.90955 -0.182939 0
1.9598 -0.161376 0
2.01005 -0.142048 0
2.0603 -0.124727 0
2.11055 -0.10921 0
2.1608 -0.0953122 0
2.21106 -0.0828703 0
2.26131 -0.0717358 0
2.31156 -0.0617757 0
2.36181 -0.0528701 0
2.41206 -0.0449113 0
2.46231 -0.0378023 0
2.51256 -0.0314559 0
2.56281 -0.0257934 0
2.61307 -0.0207443 0
2.66332 -0.0162451 0
2.71357 -0.0122384 0
2.76382 -0.00867301 0
2.81407 -0.00550256 0
2.86432 -0.0026855 0
2.91457 -0.000184383 0
2.96482 0.00203446 0
3.01508 0.00400135 0
3.06533 0.00574358 0
3.11558 0.00728577 0
3.16583 0.0086501 0
3.21608 0.00985663 0
3.26633 0.0109235 0
3.31658 0.0118671 0
3.36683 0.0127023 0
3.41709 0.0134428 0
3.46734 0.014101 0
3.51759 0.0146882 0
3.56784 0.0152152 0
3.61809 0.0156916 0
3.66834 0.0161268 0
3.71859 0.0165297 0
3.76884 0.0169088 0
3.8191 0.0172726 0
3.86935 0.0176295 0
3.9196 0.0179885 0
3.96985 0.0183588 0
4.0201 0.0187508 0
4.07035 0.0191758 0
4.1206 0.0196475 0
4.17085 0.0201819 0
4.22111 0.0207991 0
4.27136 0.0215246 0
4.32161 0.0223924 0
4.37186 0.0234487 0
4.42211 0.0247588 0
4.47236 0.026419 0
4.52261 0.0285783 0
4.57286 0.0314803 0
4.62312 0.0355548 0
4.67337 0.0416374 0
4.72362 0.0516006 0
4.77387 0.0706876 0
4.82412 0.121312 0
4.87437 0.631049 0
4.92462 -0.168807 0
4.97487 -0.0694928 0
5.02513 -0.0417794 0
5.07538 -0.02882 0
5.12563 -0.0213508 0
5.17588 -0.0165202 0
5.22613 -0.0131593 0
5.27638 -0.0107001 0
5.32663 -0.00883349 0
5.37688 -0.00737666 0
5.42714 -0.00621468 0
5.47739 -0.00527165 0
5.52764 -0.00449541 0
5.57789 -0.00384896 0
5.62814 -0.00330529 0
5.67839 -0.00284428 0
5.72864 -0.00245058 0
5.77889 -0.00211233 0
5.82915 -0.0018202 0
5.8794 -0.00156675 0
5.92965 -0.00134597 0
5.9799 -0.001153 0
6.03015 -0.000983818 0
6.0804 -0.000835086 0
6.13065 -0.000704025 0
6.1809 -0.000588292 0
6.23116 -0.000485902 0
6.28141 -0.000395165 0
6.33166 -0.000314631 0
6.38191 -0.000243056 0
6.43216 -0.000179358 0
6.48241 -0.000122602 0
6.53266 -7.19696e-05 0
6.58291 -2.6744e-05 0
6.63317 1.37048e-05 0
6.68342 4.99336e-05 0
6.73367 8.24361e-05 0
6.78392 0.000111652 0
6.83417 0.000137976 0
6.88442 0.000161763 0
6.93467 0.000183332 0
6.98492 0.000202977 0
7.03518 0.000220969 0
7.08543 0.000237556 0
7.13568 0.000252977 0
7.18593 0.000267455 0
7.23618 0.000281212 0
7.28643 0.000294465 0
7.33668 0.000307439 0
7.38693 0.000320368 0
7.43719 0.000333505 0
7.48744 0.000347136 0
7.53769 0.000361587 0
7.58794 0.000377254 0
7.63819 0.000394626 0
7.68844 0.000414328 0
7.73869 0.000437197 0
7.78894 0.000464384 0
7.8392 0.000497543 0
7.88945 0.00053916 0
7.9397 0.000593176 0
7.98995 0.000666263 0
8.0402 0.000770727 0
8.09045 0.000932093 0
8.1407 0.00121347 0
8.19095 0.00182525 0
8.24121 0.00415685 0
8.29146 -0.00980994 0
8.34171 -0.00206498 0
8.39196 -0.0010969 0
8.44221 -0.000719389 0
8.49246 -0.000519129 0
8.54271 -0.000395541 0
8.59296 -0.00031204 0
8.64322 -0.000252119 0
8.69347 -0.000207238 0
8.74372 -0.000172533 0
8.79397 -0.000145029 0
8.84422 -0.000122805 0
8.89447 -0.000104565 0
8.94472 -8.93992e-05 0
8.99497 -7.66557e-05 0
9.04523 -6.58507e-05 0
9.09548 -5.66194e-05 0
9.14573 -4.86811e-05 0
9.19598 -4.18163e-05 0
9.24623 -3.58509e-05 0
9.29648 -3.06452e-05 0
9.34673 -2.60856e-05 0
9.39698 -2.20788e-05 0
9.44724 -1.85478e-05 0
9.49749 -1.54279e-05 0
9.54774 -1.26651e-05 0
9.59799 -1.02133e-05 0
9.64824 -8.03349e-06 0
9.69849 -6.09197e-06 0
9.74874 -4.3598e-06 0
9.79899 -2.8119e-06 0
9.84925 -1.42638e-06 0
9.8995 -1.8411e-07 0
9.94975 9.31774e-07 0
10 1.93616e-06 0
