0.399971 2.65535e-10 8.59154e-11 2.68881e-09 1.27176e-08 2.95435e-09 1.28035e-08
0.400162 2.69102e-10 8.72095e-11 2.72507e-09 1.28679e-08 2.99417e-09 1.29551e-08
0.400352 2.72723e-10 8.85252e-11 2.76187e-09 1.30202e-08 3.03459e-09 1.31087e-08
0.400543 2.76398e-10 8.98629e-11 2.79922e-09 1.31745e-08 3.07561e-09 1.32644e-08
0.400734 2.80128e-10 9.1223e-11 2.83712e-09 1.33309e-08 3.11725e-09 1.34221e-08
0.400925 2.83914e-10 9.26058e-11 2.87559e-09 1.34893e-08 3.15951e-09 1.35819e-08
0.401115 2.87757e-10 9.40118e-11 2.91464e-09 1.36498e-08 3.20239e-09 1.37438e-08
0.401306 2.91658e-10 9.54415e-11 2.95427e-09 1.38124e-08 3.24593e-09 1.39078e-08
0.401497 2.95618e-10 9.68951e-11 2.99449e-09 1.39771e-08 3.29011e-09 1.4074e-08
0.401688 2.99638e-10 9.83733e-11 3.03532e-09 1.41441e-08 3.33496e-09 1.42425e-08
0.401878 3.03719e-10 9.98765e-11 3.07677e-09 1.43132e-08 3.38049e-09 1.44131e-08
0.402069 3.07862e-10 1.01405e-10 3.11884e-09 1.44846e-08 3.4267e-09 1.45861e-08
0.40226 3.12067e-10 1.02959e-10 3.16154e-09 1.46583e-08 3.47361e-09 1.47613e-08
0.402451 3.16337e-10 1.0454e-10 3.20489e-09 1.48343e-08 3.52123e-09 1.49389e-08
0.402641 3.20671e-10 1.06148e-10 3.2489e-09 1.50127e-08 3.56957e-09 1.51188e-08
0.402832 3.25072e-10 1.07783e-10 3.29357e-09 1.51934e-08 3.61864e-09 1.53012e-08
0.403023 3.2954e-10 1.09446e-10 3.33892e-09 1.53765e-08 3.66846e-09 1.5486e-08
0.403214 3.34077e-10 1.11137e-10 3.38495e-09 1.55621e-08 3.71903e-09 1.56733e-08
0.403404 3.38683e-10 1.12857e-10 3.43169e-09 1.57502e-08 3.77037e-09 1.58631e-08
0.403595 3.4336e-10 1.14607e-10 3.47914e-09 1.59408e-08 3.8225e-09 1.60554e-08
0.403786 3.48109e-10 1.16387e-10 3.52732e-09 1.6134e-08 3.87542e-09 1.62504e-08
0.403976 3.5293e-10 1.18197e-10 3.57622e-09 1.63297e-08 3.92916e-09 1.64479e-08
0.404167 3.57827e-10 1.20038e-10 3.62588e-09 1.65281e-08 3.98371e-09 1.66482e-08
0.404358 3.62798e-10 1.21911e-10 3.6763e-09 1.67292e-08 4.0391e-09 1.68511e-08
0.404549 3.67847e-10 1.23817e-10 3.72749e-09 1.6933e-08 4.09534e-09 1.70568e-08
0.404739 3.72974e-10 1.25755e-10 3.77947e-09 1.71395e-08 4.15244e-09 1.72653e-08
0.40493 3.78181e-10 1.27727e-10 3.83224e-09 1.73488e-08 4.21043e-09 1.74766e-08
0.405121 3.83468e-10 1.29733e-10 3.88583e-09 1.7561e-08 4.2693e-09 1.76907e-08
0.405312 3.88838e-10 1.31774e-10 3.94025e-09 1.7776e-08 4.32909e-09 1.79078e-08
0.405502 3.94292e-10 1.33851e-10 3.99551e-09 1.7994e-08 4.3898e-09 1.81279e-08
0.405693 3.99831e-10 1.35963e-10 4.05162e-09 1.82149e-08 4.45145e-09 1.83509e-08
0.405884 4.05456e-10 1.38113e-10 4.10859e-09 1.84389e-08 4.51405e-09 1.8577e-08
0.406075 4.11169e-10 1.403e-10 4.16646e-09 1.86659e-08 4.57763e-09 1.88062e-08
0.406265 4.16972e-10 1.42525e-10 4.22522e-09 1.8896e-08 4.64219e-09 1.90385e-08
0.406456 4.22867e-10 1.4479e-10 4.28489e-09 1.91292e-08 4.70776e-09 1.9274e-08
0.406647 4.28854e-10 1.47094e-10 4.34549e-09 1.93656e-08 4.77435e-09 1.95127e-08
0.406837 4.34935e-10 1.49439e-10 4.40704e-09 1.96053e-08 4.84198e-09 1.97547e-08
0.407028 4.41112e-10 1.51825e-10 4.46955e-09 1.98483e-08 4.91066e-09 2.00001e-08
0.407219 4.47387e-10 1.54254e-10 4.53304e-09 2.00946e-08 4.98043e-09 2.02488e-08
0.40741 4.53761e-10 1.56725e-10 4.59752e-09 2.03442e-08 5.05128e-09 2.0501e-08
0.4076 4.60237e-10 1.5924e-10 4.66301e-09 2.05974e-08 5.12325e-09 2.07566e-08
0.407791 4.66815e-10 1.618e-10 4.72953e-09 2.0854e-08 5.19634e-09 2.10158e-08
0.407982 4.73498e-10 1.64405e-10 4.79709e-09 2.11141e-08 5.27059e-09 2.12785e-08
0.408173 4.80287e-10 1.67057e-10 4.86572e-09 2.13779e-08 5.34601e-09 2.15449e-08
0.408363 4.87185e-10 1.69755e-10 4.93543e-09 2.16453e-08 5.42262e-09 2.1815e-08
0.408554 4.94193e-10 1.72502e-10 5.00624e-09 2.19164e-08 5.50043e-09 2.20889e-08
0.408745 5.01313e-10 1.75299e-10 5.07817e-09 2.21913e-08 5.57948e-09 2.23666e-08
0.408936 5.08547e-10 1.78145e-10 5.15124e-09 2.247e-08 5.65979e-09 2.26481e-08
0.409126 5.15897e-10 1.81043e-10 5.22547e-09 2.27525e-08 5.74136e-09 2.29336e-08
0.409317 5.23366e-10 1.83992e-10 5.30087e-09 2.3039e-08 5.82424e-09 2.3223e-08
0.409508 5.30955e-10 1.86995e-10 5.37747e-09 2.33295e-08 5.90843e-09 2.35165e-08
0.409698 5.38666e-10 1.90052e-10 5.4553e-09 2.36241e-08 5.99396e-09 2.38141e-08
0.409889 5.46502e-10 1.93164e-10 5.53436e-09 2.39228e-08 6.08086e-09 2.41159e-08
0.41008 5.54464e-10 1.96332e-10 5.61468e-09 2.42256e-08 6.16915e-09 2.4422e-08
0.410271 5.62556e-10 1.99558e-10 5.69629e-09 2.45327e-08 6.25885e-09 2.47323e-08
0.410461 5.70779e-10 2.02842e-10 5.7792e-09 2.48441e-08 6.34998e-09 2.5047e-08
0.410652 5.79136e-10 2.06187e-10 5.86345e-09 2.51599e-08 6.44258e-09 2.53661e-08
0.410843 5.87628e-10 2.09592e-10 5.94904e-09 2.54802e-08 6.53667e-09 2.56898e-08
0.411034 5.9626e-10 2.13059e-10 6.03601e-09 2.58049e-08 6.63227e-09 2.6018e-08
0.411224 6.05032e-10 2.1659e-10 6.12438e-09 2.61342e-08 6.72942e-09 2.63508e-08
0.411415 6.13948e-10 2.20185e-10 6.21418e-09 2.64682e-08 6.82813e-09 2.66884e-08
0.411606 6.2301e-10 2.23847e-10 6.30542e-09 2.68069e-08 6.92843e-09 2.70308e-08
0.411797 6.3222e-10 2.27575e-10 6.39814e-09 2.71504e-08 7.03036e-09 2.7378e-08
0.411987 6.41582e-10 2.31373e-10 6.49236e-09 2.74988e-08 7.13394e-09 2.77301e-08
0.412178 6.51098e-10 2.3524e-10 6.5881e-09 2.78521e-08 7.2392e-09 2.80873e-08
0.412369 6.60771e-10 2.39179e-10 6.6854e-09 2.82104e-08 7.34618e-09 2.84496e-08
0.41256 6.70604e-10 2.4319e-10 6.78428e-09 2.85738e-08 7.45489e-09 2.8817e-08
0.41275 6.806e-10 2.47276e-10 6.88477e-09 2.89424e-08 7.56537e-09 2.91897e-08
0.412941 6.90761e-10 2.51438e-10 6.9869e-09 2.93163e-08 7.67766e-09 2.95677e-08
0.413132 7.01091e-10 2.55677e-10 7.09069e-09 2.96955e-08 7.79178e-09 2.99512e-08
0.413322 7.11592e-10 2.59995e-10 7.19618e-09 3.00801e-08 7.90778e-09 3.03401e-08
0.413513 7.22268e-10 2.64394e-10 7.3034e-09 3.04702e-08 8.02567e-09 3.07346e-08
0.413704 7.33123e-10 2.68875e-10 7.41237e-09 3.0866e-08 8.14549e-09 3.11348e-08
0.413895 7.44158e-10 2.7344e-10 7.52313e-09 3.12674e-08 8.26729e-09 3.15408e-08
0.414085 7.55378e-10 2.7809e-10 7.63571e-09 3.16746e-08 8.39109e-09 3.19526e-08
0.414276 7.66787e-10 2.82828e-10 7.75014e-09 3.20876e-08 8.51693e-09 3.23704e-08
0.414467 7.78386e-10 2.87655e-10 7.86646e-09 3.25066e-08 8.64485e-09 3.27942e-08
0.414658 7.90181e-10 2.92573e-10 7.9847e-09 3.29316e-08 8.77488e-09 3.32242e-08
0.414848 8.02174e-10 2.97584e-10 8.10489e-09 3.33628e-08 8.90706e-09 3.36603e-08
0.415039 8.14369e-10 3.0269e-10 8.22707e-09 3.38002e-08 9.04144e-09 3.41028e-08
0.41523 8.26771e-10 3.07893e-10 8.35127e-09 3.42439e-08 9.17804e-09 3.45518e-08
0.415421 8.39382e-10 3.13194e-10 8.47754e-09 3.4694e-08 9.31692e-09 3.50072e-08
0.415611 8.52207e-10 3.18596e-10 8.6059e-09 3.51507e-08 9.45811e-09 3.54693e-08
0.415802 8.65249e-10 3.24101e-10 8.7364e-09 3.56141e-08 9.60165e-09 3.59382e-08
0.415993 8.78514e-10 3.29711e-10 8.86907e-09 3.60841e-08 9.74758e-09 3.64139e-08
0.416183 8.92004e-10 3.35428e-10 9.00395e-09 3.65611e-08 9.89596e-09 3.68965e-08
0.416374 9.05724e-10 3.41255e-10 9.14109e-09 3.70449e-08 1.00468e-08 3.73862e-08
0.416565 9.19678e-10 3.47193e-10 9.28052e-09 3.75359e-08 1.02002e-08 3.78831e-08
0.416756 9.33871e-10 3.53246e-10 9.42229e-09 3.8034e-08 1.03562e-08 3.83872e-08
0.416946 9.48308e-10 3.59415e-10 9.56644e-09 3.85394e-08 1.05147e-08 3.88988e-08
0.417137 9.62992e-10 3.65703e-10 9.713e-09 3.90522e-08 1.0676e-08 3.94179e-08
0.417328 9.77928e-10 3.72113e-10 9.86204e-09 3.95726e-08 1.084e-08 3.99447e-08
0.417519 9.93122e-10 3.78646e-10 1.00136e-08 4.01006e-08 1.10067e-08 4.04792e-08
0.417709 1.00858e-09 3.85306e-10 1.01677e-08 4.06363e-08 1.11763e-08 4.10216e-08
0.4179 1.0243e-09 3.92096e-10 1.03244e-08 4.11799e-08 1.13487e-08 4.1572e-08
0.418091 1.0403e-09 3.99017e-10 1.04837e-08 4.17316e-08 1.1524e-08 4.21306e-08
0.418282 1.05657e-09 4.06074e-10 1.06458e-08 4.22914e-08 1.17024e-08 4.26975e-08
0.418472 1.07312e-09 4.13268e-10 1.08106e-08 4.28595e-08 1.18837e-08 4.32727e-08
0.418663 1.08996e-09 4.20603e-10 1.09782e-08 4.34359e-08 1.20681e-08 4.38565e-08
0.418854 1.1071e-09 4.28081e-10 1.11486e-08 4.4021e-08 1.22557e-08 4.4449e-08
0.419044 1.12453e-09 4.35706e-10 1.1322e-08 4.46147e-08 1.24465e-08 4.50504e-08
0.419235 1.14227e-09 4.43481e-10 1.14983e-08 4.52172e-08 1.26406e-08 4.56606e-08
0.419426 1.16032e-09 4.5141e-10 1.16776e-08 4.58286e-08 1.28379e-08 4.628e-08
0.419617 1.17869e-09 4.59494e-10 1.186e-08 4.64492e-08 1.30387e-08 4.69087e-08
0.419807 1.19738e-09 4.67739e-10 1.20455e-08 4.7079e-08 1.32429e-08 4.75467e-08
0.419998 1.2164e-09 4.76146e-10 1.22342e-08 4.77182e-08 1.34506e-08 4.81944e-08
0.420189 1.23575e-09 4.84721e-10 1.24261e-08 4.8367e-08 1.36619e-08 4.88517e-08
0.42038 1.25544e-09 4.93465e-10 1.26213e-08 4.90254e-08 1.38768e-08 4.95189e-08
0.42057 1.27548e-09 5.02384e-10 1.28199e-08 4.96938e-08 1.40954e-08 5.01961e-08
0.420761 1.29588e-09 5.11481e-10 1.30219e-08 5.03721e-08 1.43178e-08 5.08836e-08
0.420952 1.31664e-09 5.20759e-10 1.32274e-08 5.10606e-08 1.45441e-08 5.15814e-08
0.421143 1.33776e-09 5.30223e-10 1.34365e-08 5.17595e-08 1.47742e-08 5.22897e-08
0.421333 1.35927e-09 5.39876e-10 1.36491e-08 5.24688e-08 1.50084e-08 5.30087e-08
0.421524 1.38115e-09 5.49724e-10 1.38655e-08 5.31889e-08 1.52466e-08 5.37386e-08
0.421715 1.40343e-09 5.59769e-10 1.40856e-08 5.39198e-08 1.5489e-08 5.44796e-08
0.421906 1.4261e-09 5.70017e-10 1.43095e-08 5.46617e-08 1.57356e-08 5.52318e-08
0.422096 1.44918e-09 5.80472e-10 1.45374e-08 5.54149e-08 1.59865e-08 5.59954e-08
0.422287 1.47268e-09 5.91138e-10 1.47692e-08 5.61794e-08 1.62418e-08 5.67706e-08
0.422478 1.49659e-09 6.02021e-10 1.5005e-08 5.69556e-08 1.65016e-08 5.75576e-08
0.422668 1.52094e-09 6.13124e-10 1.5245e-08 5.77434e-08 1.67659e-08 5.83566e-08
0.422859 1.54572e-09 6.24453e-10 1.54891e-08 5.85433e-08 1.70349e-08 5.91677e-08
0.42305 1.57096e-09 6.36013e-10 1.57376e-08 5.93553e-08 1.73085e-08 5.99913e-08
0.423241 1.59665e-09 6.47809e-10 1.59904e-08 6.01796e-08 1.7587e-08 6.08274e-08
0.423431 1.6228e-09 6.59845e-10 1.62476e-08 6.10165e-08 1.78704e-08 6.16764e-08
0.423622 1.64943e-09 6.72129e-10 1.65094e-08 6.18662e-08 1.81588e-08 6.25383e-08
0.423813 1.67654e-09 6.84664e-10 1.67757e-08 6.27288e-08 1.84523e-08 6.34135e-08
0.424004 1.70415e-09 6.97457e-10 1.70468e-08 6.36046e-08 1.87509e-08 6.43021e-08
0.424194 1.73226e-09 7.10513e-10 1.73226e-08 6.44938e-08 1.90549e-08 6.52044e-08
0.424385 1.76088e-09 7.23839e-10 1.76034e-08 6.53967e-08 1.93642e-08 6.61205e-08
0.424576 1.79002e-09 7.3744e-10 1.78891e-08 6.63133e-08 1.96791e-08 6.70508e-08
0.424767 1.8197e-09 7.51323e-10 1.81798e-08 6.72441e-08 1.99995e-08 6.79954e-08
0.424957 1.84993e-09 7.65493e-10 1.84757e-08 6.81891e-08 2.03257e-08 6.89546e-08
0.425148 1.88071e-09 7.79959e-10 1.87769e-08 6.91486e-08 2.06576e-08 6.99286e-08
0.425339 1.91206e-09 7.94725e-10 1.90834e-08 7.01229e-08 2.09955e-08 7.09177e-08
0.425529 1.94398e-09 8.09799e-10 1.93954e-08 7.11123e-08 2.13394e-08 7.19221e-08
0.42572 1.97649e-09 8.25188e-10 1.9713e-08 7.21169e-08 2.16895e-08 7.29421e-08
0.425911 2.00961e-09 8.40899e-10 2.00362e-08 7.3137e-08 2.20458e-08 7.39779e-08
0.426102 2.04334e-09 8.56939e-10 2.03652e-08 7.41729e-08 2.24086e-08 7.50298e-08
0.426292 2.0777e-09 8.73317e-10 2.07002e-08 7.52248e-08 2.27778e-08 7.60981e-08
0.426483 2.11269e-09 8.90039e-10 2.10411e-08 7.6293e-08 2.31538e-08 7.7183e-08
0.426674 2.14834e-09 9.07113e-10 2.13881e-08 7.73777e-08 2.35364e-08 7.82848e-08
0.426865 2.18465e-09 9.24549e-10 2.17414e-08 7.84793e-08 2.3926e-08 7.94039e-08
0.427055 2.22164e-09 9.42353e-10 2.2101e-08 7.9598e-08 2.43226e-08 8.05404e-08
0.427246 2.25932e-09 9.60534e-10 2.24671e-08 8.07341e-08 2.47264e-08 8.16947e-08
0.427437 2.29771e-09 9.79102e-10 2.28398e-08 8.18879e-08 2.51375e-08 8.2867e-08
0.427628 2.33681e-09 9.98065e-10 2.32192e-08 8.30597e-08 2.5556e-08 8.40578e-08
0.427818 2.37666e-09 1.01743e-09 2.36055e-08 8.42497e-08 2.59822e-08 8.52672e-08
0.428009 2.41725e-09 1.03721e-09 2.39988e-08 8.54584e-08 2.64161e-08 8.64956e-08
0.4282 2.45861e-09 1.05742e-09 2.43992e-08 8.66859e-08 2.68579e-08 8.77433e-08
0.428391 2.50076e-09 1.07805e-09 2.48069e-08 8.79326e-08 2.73077e-08 8.90106e-08
0.428581 2.54369e-09 1.09913e-09 2.5222e-08 8.91988e-08 2.77657e-08 9.02979e-08
0.428772 2.58745e-09 1.12066e-09 2.56447e-08 9.04848e-08 2.82321e-08 9.16055e-08
0.428963 2.63203e-09 1.14266e-09 2.6075e-08 9.17911e-08 2.87071e-08 9.29337e-08
0.429153 2.67747e-09 1.16513e-09 2.65132e-08 9.31178e-08 2.91907e-08 9.42829e-08
0.429344 2.72377e-09 1.18809e-09 2.69594e-08 9.44654e-08 2.96832e-08 9.56535e-08
0.429535 2.77095e-09 1.21155e-09 2.74138e-08 9.58342e-08 3.01848e-08 9.70457e-08
0.429726 2.81903e-09 1.23551e-09 2.78765e-08 9.72245e-08 3.06955e-08 9.846e-08
0.429916 2.86804e-09 1.26e-09 2.83476e-08 9.86367e-08 3.12157e-08 9.98967e-08
0.430107 2.91798e-09 1.28502e-09 2.88274e-08 1.00071e-07 3.17454e-08 1.01356e-07
0.430298 2.96889e-09 1.31058e-09 2.9316e-08 1.01528e-07 3.22849e-08 1.02839e-07
0.430489 3.02077e-09 1.33671e-09 2.98136e-08 1.03008e-07 3.28344e-08 1.04345e-07
0.430679 3.07365e-09 1.3634e-09 3.03204e-08 1.04512e-07 3.3394e-08 1.05875e-07
0.43087 3.12756e-09 1.39069e-09 3.08365e-08 1.06039e-07 3.3964e-08 1.0743e-07
0.431061 3.1825e-09 1.41857e-09 3.13621e-08 1.07591e-07 3.45446e-08 1.09009e-07
0.431252 3.23851e-09 1.44707e-09 3.18974e-08 1.09167e-07 3.51359e-08 1.10614e-07
0.431442 3.29561e-09 1.47619e-09 3.24426e-08 1.10768e-07 3.57382e-08 1.12244e-07
0.431633 3.35381e-09 1.50596e-09 3.29979e-08 1.12395e-07 3.63517e-08 1.139e-07
0.431824 3.41315e-09 1.53639e-09 3.35635e-08 1.14047e-07 3.69766e-08 1.15583e-07
0.432014 3.47365e-09 1.5675e-09 3.41395e-08 1.15725e-07 3.76132e-08 1.17293e-07
0.432205 3.53532e-09 1.59929e-09 3.47263e-08 1.17431e-07 3.82616e-08 1.1903e-07
0.432396 3.5982e-09 1.6318e-09 3.5324e-08 1.19163e-07 3.89222e-08 1.20795e-07
0.432587 3.66232e-09 1.66503e-09 3.59328e-08 1.20923e-07 3.95951e-08 1.22588e-07
0.432777 3.72769e-09 1.699e-09 3.65529e-08 1.22711e-07 4.02806e-08 1.2441e-07
0.432968 3.79434e-09 1.73373e-09 3.71847e-08 1.24528e-07 4.0979e-08 1.26262e-07
0.433159 3.86231e-09 1.76925e-09 3.78282e-08 1.26373e-07 4.16905e-08 1.28143e-07
0.43335 3.93162e-09 1.80556e-09 3.84837e-08 1.28248e-07 4.24153e-08 1.30054e-07
0.43354 4.00229e-09 1.84269e-09 3.91514e-08 1.30153e-07 4.31537e-08 1.31996e-07
0.433731 4.07436e-09 1.88066e-09 3.98317e-08 1.32089e-07 4.39061e-08 1.3397e-07
0.433922 4.14786e-09 1.91948e-09 4.05247e-08 1.34055e-07 4.46726e-08 1.35975e-07
0.434113 4.22282e-09 1.95919e-09 4.12308e-08 1.36053e-07 4.54536e-08 1.38013e-07
0.434303 4.29927e-09 1.99979e-09 4.195e-08 1.38083e-07 4.62493e-08 1.40083e-07
0.434494 4.37723e-09 2.04132e-09 4.26828e-08 1.40146e-07 4.70601e-08 1.42187e-07
0.434685 4.45676e-09 2.0838e-09 4.34294e-08 1.42241e-07 4.78862e-08 1.44325e-07
0.434875 4.53786e-09 2.12724e-09 4.419e-08 1.44371e-07 4.87279e-08 1.46498e-07
0.435066 4.62059e-09 2.17168e-09 4.4965e-08 1.46534e-07 4.95856e-08 1.48706e-07
0.435257 4.70498e-09 2.21713e-09 4.57546e-08 1.48732e-07 5.04596e-08 1.50949e-07
0.435448 4.79106e-09 2.26363e-09 4.65591e-08 1.50965e-07 5.13501e-08 1.53229e-07
0.435638 4.87887e-09 2.31119e-09 4.73787e-08 1.53235e-07 5.22576e-08 1.55546e-07
0.435829 4.96844e-09 2.35985e-09 4.82139e-08 1.55541e-07 5.31824e-08 1.57901e-07
0.43602 5.05982e-09 2.40963e-09 4.90649e-08 1.57884e-07 5.41247e-08 1.60293e-07
0.436211 5.15305e-09 2.46057e-09 4.9932e-08 1.60264e-07 5.50851e-08 1.62725e-07
0.436401 5.24815e-09 2.51268e-09 5.08155e-08 1.62683e-07 5.60637e-08 1.65196e-07
0.436592 5.34519e-09 2.566e-09 5.17158e-08 1.65141e-07 5.7061e-08 1.67707e-07
0.436783 5.44419e-09 2.62056e-09 5.26332e-08 1.67639e-07 5.80774e-08 1.70259e-07
0.436974 5.5452e-09 2.67639e-09 5.3568e-08 1.70177e-07 5.91132e-08 1.72853e-07
0.437164 5.64826e-09 2.73352e-09 5.45206e-08 1.72755e-07 6.01689e-08 1.75489e-07
0.437355 5.75342e-09 2.79199e-09 5.54913e-08 1.75376e-07 6.12447e-08 1.78168e-07
0.437546 5.86073e-09 2.85183e-09 5.64805e-08 1.78038e-07 6.23412e-08 1.8089e-07
0.437737 5.97023e-09 2.91307e-09 5.74885e-08 1.80744e-07 6.34587e-08 1.83657e-07
0.437927 6.08197e-09 2.97574e-09 5.85158e-08 1.83493e-07 6.45977e-08 1.86469e-07
0.438118 6.19601e-09 3.0399e-09 5.95626e-08 1.86286e-07 6.57586e-08 1.89326e-07
0.438309 6.31238e-09 3.10556e-09 6.06294e-08 1.89125e-07 6.69418e-08 1.92231e-07
0.438499 6.43114e-09 3.17278e-09 6.17166e-08 1.92009e-07 6.81477e-08 1.95182e-07
0.43869 6.55234e-09 3.24159e-09 6.28246e-08 1.9494e-07 6.93769e-08 1.98182e-07
0.438881 6.67605e-09 3.31203e-09 6.39537e-08 1.97919e-07 7.06298e-08 2.01231e-07
0.439072 6.80231e-09 3.38414e-09 6.51045e-08 2.00945e-07 7.19068e-08 2.04329e-07
0.439262 6.93118e-09 3.45797e-09 6.62773e-08 2.0402e-07 7.32084e-08 2.07478e-07
0.439453 7.06271e-09 3.53355e-09 6.74725e-08 2.07145e-07 7.45352e-08 2.10679e-07
0.439644 7.19698e-09 3.61095e-09 6.86906e-08 2.10321e-07 7.58876e-08 2.13932e-07
0.439835 7.33403e-09 3.69019e-09 6.99321e-08 2.13547e-07 7.72662e-08 2.17238e-07
0.440025 7.47393e-09 3.77133e-09 7.11974e-08 2.16826e-07 7.86713e-08 2.20597e-07
0.440216 7.61674e-09 3.85442e-09 7.2487e-08 2.20158e-07 8.01037e-08 2.24012e-07
0.440407 7.76254e-09 3.93951e-09 7.38013e-08 2.23543e-07 8.15638e-08 2.27482e-07
0.440598 7.91137e-09 4.02665e-09 7.51408e-08 2.26983e-07 8.30522e-08 2.3101e-07
0.440788 8.06333e-09 4.11589e-09 7.65061e-08 2.30478e-07 8.45694e-08 2.34594e-07
0.440979 8.21846e-09 4.20729e-09 7.78976e-08 2.3403e-07 8.6116e-08 2.38237e-07
0.44117 8.37684e-09 4.30091e-09 7.93158e-08 2.37639e-07 8.76926e-08 2.4194e-07
0.44136 8.53856e-09 4.3968e-09 8.07612e-08 2.41306e-07 8.92998e-08 2.45703e-07
0.441551 8.70367e-09 4.49501e-09 8.22345e-08 2.45032e-07 9.09382e-08 2.49527e-07
0.441742 8.87226e-09 4.59562e-09 8.37361e-08 2.48818e-07 9.26083e-08 2.53414e-07
0.441933 9.04441e-09 4.69869e-09 8.52665e-08 2.52665e-07 9.43109e-08 2.57364e-07
0.442123 9.22019e-09 4.80427e-09 8.68264e-08 2.56574e-07 9.60466e-08 2.61378e-07
0.442314 9.39969e-09 4.91244e-09 8.84162e-08 2.60545e-07 9.78159e-08 2.65458e-07
0.442505 9.58298e-09 5.02326e-09 9.00367e-08 2.64581e-07 9.96196e-08 2.69604e-07
0.442696 9.77017e-09 5.1368e-09 9.16882e-08 2.68681e-07 1.01458e-07 2.73818e-07
0.442886 9.96133e-09 5.25314e-09 9.33716e-08 2.72847e-07 1.03333e-07 2.781e-07
0.443077 1.01566e-08 5.37235e-09 9.50873e-08 2.77079e-07 1.05244e-07 2.82451e-07
0.443268 1.03559e-08 5.49449e-09 9.6836e-08 2.81379e-07 1.07192e-07 2.86874e-07
0.443459 1.05596e-08 5.61967e-09 9.86183e-08 2.85748e-07 1.09178e-07 2.91368e-07
0.443649 1.07675e-08 5.74794e-09 1.00435e-07 2.90187e-07 1.11202e-07 2.95935e-07
0.44384 1.09799e-08 5.8794e-09 1.02286e-07 2.94697e-07 1.13266e-07 3.00576e-07
0.444031 1.11969e-08 6.01412e-09 1.04173e-07 2.99278e-07 1.1537e-07 3.05292e-07
0.444221 1.14185e-08 6.15221e-09 1.06097e-07 3.03932e-07 1.17515e-07 3.10085e-07
0.444412 1.16449e-08 6.29374e-09 1.08057e-07 3.08661e-07 1.19702e-07 3.14954e-07
0.444603 1.18761e-08 6.4388e-09 1.10054e-07 3.13464e-07 1.21931e-07 3.19903e-07
0.444794 1.21123e-08 6.5875e-09 1.12091e-07 3.18344e-07 1.24203e-07 3.24931e-07
0.444984 1.23536e-08 6.73993e-09 1.14166e-07 3.23301e-07 1.26519e-07 3.30041e-07
0.445175 1.26001e-08 6.89618e-09 1.1628e-07 3.28336e-07 1.28881e-07 3.35232e-07
0.445366 1.28519e-08 7.05637e-09 1.18436e-07 3.33451e-07 1.31288e-07 3.40507e-07
0.445557 1.31091e-08 7.2206e-09 1.20632e-07 3.38646e-07 1.33741e-07 3.45867e-07
0.445747 1.33719e-08 7.38897e-09 1.22871e-07 3.43923e-07 1.36243e-07 3.51312e-07
0.445938 1.36404e-08 7.5616e-09 1.25152e-07 3.49283e-07 1.38793e-07 3.56845e-07
0.446129 1.39147e-08 7.7386e-09 1.27477e-07 3.54727e-07 1.41392e-07 3.62466e-07
0.44632 1.4195e-08 7.92009e-09 1.29846e-07 3.60256e-07 1.44041e-07 3.68176e-07
0.44651 1.44813e-08 8.1062e-09 1.3226e-07 3.65872e-07 1.46742e-07 3.73978e-07
0.446701 1.47739e-08 8.29704e-09 1.34721e-07 3.71575e-07 1.49494e-07 3.79872e-07
0.446892 1.50729e-08 8.49275e-09 1.37227e-07 3.77367e-07 1.523e-07 3.85859e-07
0.447083 1.53783e-08 8.69345e-09 1.39782e-07 3.83248e-07 1.5516e-07 3.91942e-07
0.447273 1.56904e-08 8.89929e-09 1.42385e-07 3.89221e-07 1.58075e-07 3.9812e-07
0.447464 1.60094e-08 9.1104e-09 1.45037e-07 3.95285e-07 1.61046e-07 4.04396e-07
0.447655 1.63353e-08 9.32693e-09 1.47739e-07 4.01443e-07 1.64075e-07 4.1077e-07
0.447845 1.66684e-08 9.54902e-09 1.50493e-07 4.07696e-07 1.67161e-07 4.17245e-07
0.448036 1.70087e-08 9.77683e-09 1.53298e-07 4.14044e-07 1.70307e-07 4.23821e-07
0.448227 1.73565e-08 1.00105e-08 1.56156e-07 4.20489e-07 1.73512e-07 4.305e-07
0.448418 1.77119e-08 1.02502e-08 1.59068e-07 4.27033e-07 1.7678e-07 4.37283e-07
0.448608 1.80752e-08 1.04961e-08 1.62034e-07 4.33675e-07 1.80109e-07 4.44171e-07
0.448799 1.84464e-08 1.07484e-08 1.65056e-07 4.40418e-07 1.83502e-07 4.51166e-07
0.44899 1.88258e-08 1.10072e-08 1.68134e-07 4.47262e-07 1.86959e-07 4.5827e-07
0.449181 1.92135e-08 1.12728e-08 1.71269e-07 4.54209e-07 1.90483e-07 4.65482e-07
0.449371 1.96098e-08 1.15452e-08 1.74463e-07 4.6126e-07 1.94073e-07 4.72805e-07
0.449562 2.00148e-08 1.18248e-08 1.77716e-07 4.68416e-07 1.97731e-07 4.80241e-07
0.449753 2.04288e-08 1.21116e-08 1.81029e-07 4.75678e-07 2.01458e-07 4.8779e-07
0.449944 2.08519e-08 1.24059e-08 1.84403e-07 4.83047e-07 2.05255e-07 4.95453e-07
0.450134 2.12844e-08 1.2708e-08 1.87839e-07 4.90525e-07 2.09123e-07 5.03233e-07
0.450325 2.17264e-08 1.30179e-08 1.91338e-07 4.98112e-07 2.13065e-07 5.1113e-07
0.450516 2.21782e-08 1.3336e-08 1.94901e-07 5.05809e-07 2.1708e-07 5.19145e-07
0.450706 2.264e-08 1.36624e-08 1.9853e-07 5.13618e-07 2.2117e-07 5.2728e-07
0.450897 2.31121e-08 1.39975e-08 2.02224e-07 5.21539e-07 2.25336e-07 5.35537e-07
0.451088 2.35946e-08 1.43413e-08 2.05985e-07 5.29574e-07 2.29579e-07 5.43915e-07
0.451279 2.40878e-08 1.46942e-08 2.09813e-07 5.37723e-07 2.33901e-07 5.52418e-07
0.451469 2.4592e-08 1.50565e-08 2.13711e-07 5.45988e-07 2.38303e-07 5.61045e-07
0.45166 2.51073e-08 1.54283e-08 2.17678e-07 5.54369e-07 2.42785e-07 5.69797e-07
0.451851 2.56341e-08 1.58099e-08 2.21716e-07 5.62868e-07 2.4735e-07 5.78677e-07
0.452042 2.61726e-08 1.62017e-08 2.25825e-07 5.71484e-07 2.51998e-07 5.87686e-07
0.452232 2.67231e-08 1.66039e-08 2.30007e-07 5.80219e-07 2.56731e-07 5.96823e-07
0.452423 2.72859e-08 1.70168e-08 2.34263e-07 5.89074e-07 2.61549e-07 6.06091e-07
0.452614 2.78611e-08 1.74406e-08 2.38593e-07 5.98049e-07 2.66454e-07 6.1549e-07
0.452805 2.84492e-08 1.78758e-08 2.42998e-07 6.07146e-07 2.71448e-07 6.25022e-07
0.452995 2.90504e-08 1.83225e-08 2.4748e-07 6.16364e-07 2.7653e-07 6.34686e-07
0.453186 2.96649e-08 1.87812e-08 2.52039e-07 6.25704e-07 2.81704e-07 6.44485e-07
0.453377 3.02931e-08 1.92522e-08 2.56675e-07 6.35167e-07 2.86968e-07 6.54419e-07
0.453568 3.09354e-08 1.97357e-08 2.61391e-07 6.44753e-07 2.92326e-07 6.64488e-07
0.453758 3.15919e-08 2.02323e-08 2.66186e-07 6.54462e-07 2.97778e-07 6.74694e-07
0.453949 3.22631e-08 2.07421e-08 2.71061e-07 6.64295e-07 3.03324e-07 6.85037e-07
0.45414 3.29492e-08 2.12656e-08 2.76018e-07 6.74253e-07 3.08967e-07 6.95518e-07
0.45433 3.36506e-08 2.18032e-08 2.81056e-07 6.84334e-07 3.14707e-07 7.06137e-07
0.454521 3.43676e-08 2.23553e-08 2.86177e-07 6.9454e-07 3.20545e-07 7.16895e-07
0.454712 3.51006e-08 2.29222e-08 2.91381e-07 7.04869e-07 3.26482e-07 7.27792e-07
0.454903 3.585e-08 2.35044e-08 2.96669e-07 7.15323e-07 3.32519e-07 7.38828e-07
0.455093 3.6616e-08 2.41023e-08 3.02042e-07 7.25901e-07 3.38658e-07 7.50003e-07
0.455284 3.73991e-08 2.47164e-08 3.07499e-07 7.36602e-07 3.44898e-07 7.61319e-07
0.455475 3.81996e-08 2.53471e-08 3.13042e-07 7.47426e-07 3.51241e-07 7.72773e-07
0.455666 3.90179e-08 2.59948e-08 3.1867e-07 7.58373e-07 3.57688e-07 7.84368e-07
0.455856 3.98544e-08 2.66601e-08 3.24385e-07 7.69441e-07 3.6424e-07 7.96101e-07
0.456047 4.07095e-08 2.73433e-08 3.30186e-07 7.80631e-07 3.70896e-07 8.07974e-07
0.456238 4.15836e-08 2.80452e-08 3.36074e-07 7.9194e-07 3.77658e-07 8.19985e-07
0.456429 4.24771e-08 2.8766e-08 3.42049e-07 8.03368e-07 3.84526e-07 8.32134e-07
0.456619 4.33905e-08 2.95064e-08 3.48111e-07 8.14913e-07 3.91502e-07 8.44419e-07
0.45681 4.43241e-08 3.0267e-08 3.5426e-07 8.26574e-07 3.98584e-07 8.56841e-07
0.457001 4.52784e-08 3.10482e-08 3.60495e-07 8.3835e-07 4.05774e-07 8.69398e-07
0.457191 4.62538e-08 3.18506e-08 3.66817e-07 8.50238e-07 4.13071e-07 8.82089e-07
0.457382 4.72508e-08 3.26749e-08 3.73226e-07 8.62237e-07 4.20476e-07 8.94912e-07
0.457573 4.82698e-08 3.35217e-08 3.7972e-07 8.74344e-07 4.2799e-07 9.07866e-07
0.457764 4.93113e-08 3.43915e-08 3.86299e-07 8.86557e-07 4.35611e-07 9.20949e-07
0.457954 5.03758e-08 3.5285e-08 3.92963e-07 8.98873e-07 4.43339e-07 9.34158e-07
0.458145 5.14637e-08 3.62029e-08 3.99711e-07 9.1129e-07 4.51175e-07 9.47493e-07
0.458336 5.25756e-08 3.71458e-08 4.06542e-07 9.23804e-07 4.59118e-07 9.60949e-07
0.458527 5.37119e-08 3.81144e-08 4.13455e-07 9.36411e-07 4.67166e-07 9.74526e-07
0.458717 5.48731e-08 3.91094e-08 4.20448e-07 9.49109e-07 4.75321e-07 9.88218e-07
0.458908 5.60597e-08 4.01316e-08 4.2752e-07 9.61893e-07 4.83579e-07 1.00202e-06
0.459099 5.72723e-08 4.11817e-08 4.34669e-07 9.74759e-07 4.91941e-07 1.01594e-06
0.45929 5.85114e-08 4.22605e-08 4.41894e-07 9.87702e-07 5.00405e-07 1.02996e-06
0.45948 5.97774e-08 4.33687e-08 4.49193e-07 1.00072e-06 5.0897e-07 1.04409e-06
0.459671 6.1071e-08 4.45071e-08 4.56563e-07 1.0138e-06 5.17634e-07 1.05831e-06
0.459862 6.23926e-08 4.56766e-08 4.64001e-07 1.02695e-06 5.26394e-07 1.07262e-06
0.460052 6.37429e-08 4.68781e-08 4.71506e-07 1.04015e-06 5.35249e-07 1.08702e-06
0.460243 6.51224e-08 4.81123e-08 4.79074e-07 1.0534e-06 5.44197e-07 1.10151e-06
0.460434 6.65316e-08 4.93802e-08 4.86702e-07 1.06669e-06 5.53234e-07 1.11607e-06
0.460625 6.79711e-08 5.06826e-08 4.94386e-07 1.08002e-06 5.62357e-07 1.1307e-06
0.460815 6.94414e-08 5.20206e-08 5.02123e-07 1.09337e-06 5.71564e-07 1.14539e-06
0.461006 7.09433e-08 5.3395e-08 5.09908e-07 1.10675e-06 5.80851e-07 1.16014e-06
0.461197 7.24771e-08 5.48068e-08 5.17737e-07 1.12014e-06 5.90214e-07 1.17494e-06
0.461388 7.40436e-08 5.62571e-08 5.25604e-07 1.13353e-06 5.99648e-07 1.18978e-06
0.461578 7.56433e-08 5.77468e-08 5.33506e-07 1.14691e-06 6.09149e-07 1.20465e-06
0.461769 7.72768e-08 5.9277e-08 5.41435e-07 1.16027e-06 6.18712e-07 1.21955e-06
0.46196 7.89447e-08 6.08488e-08 5.49387e-07 1.17361e-06 6.28331e-07 1.23446e-06
0.462151 8.06475e-08 6.24632e-08 5.57354e-07 1.1869e-06 6.38001e-07 1.24937e-06
0.462341 8.2386e-08 6.41214e-08 5.65329e-07 1.20015e-06 6.47715e-07 1.26427e-06
0.462532 8.41607e-08 6.58245e-08 5.73305e-07 1.21333e-06 6.57466e-07 1.27915e-06
0.462723 8.59722e-08 6.75737e-08 5.81275e-07 1.22643e-06 6.67247e-07 1.29401e-06
0.462914 8.78211e-08 6.93701e-08 5.89229e-07 1.23944e-06 6.7705e-07 1.30881e-06
0.463104 8.9708e-08 7.1215e-08 5.97158e-07 1.25235e-06 6.86866e-07 1.32357e-06
0.463295 9.16335e-08 7.31096e-08 6.05054e-07 1.26514e-06 6.96687e-07 1.33825e-06
0.463486 9.35982e-08 7.50552e-08 6.12904e-07 1.27778e-06 7.06503e-07 1.35284e-06
0.463676 9.56027e-08 7.70531e-08 6.20699e-07 1.29028e-06 7.16302e-07 1.36733e-06
0.463867 9.76476e-08 7.91045e-08 6.28427e-07 1.3026e-06 7.26075e-07 1.3817e-06
0.464058 9.97334e-08 8.12108e-08 6.36076e-07 1.31473e-06 7.35809e-07 1.39594e-06
0.464249 1.01861e-07 8.33734e-08 6.43632e-07 1.32665e-06 7.45492e-07 1.41002e-06
0.464439 1.0403e-07 8.55937e-08 6.51081e-07 1.33833e-06 7.55111e-07 1.42393e-06
0.46463 1.06243e-07 8.7873e-08 6.58408e-07 1.34977e-06 7.64651e-07 1.43764e-06
0.464821 1.08498e-07 9.02128e-08 6.65598e-07 1.36093e-06 7.74097e-07 1.45114e-06
0.465012 1.10797e-07 9.26145e-08 6.72635e-07 1.37179e-06 7.83432e-07 1.4644e-06
0.465202 1.13141e-07 9.50797e-08 6.79501e-07 1.38233e-06 7.92641e-07 1.47741e-06
0.465393 1.15529e-07 9.76097e-08 6.86176e-07 1.39251e-06 8.01705e-07 1.49012e-06
0.465584 1.17963e-07 1.00206e-07 6.92642e-07 1.40233e-06 8.10605e-07 1.50253e-06
0.465775 1.20442e-07 1.02871e-07 6.98879e-07 1.41173e-06 8.19321e-07 1.5146e-06
0.465965 1.22968e-07 1.05605e-07 7.04863e-07 1.42071e-06 8.27831e-07 1.52631e-06
0.466156 1.2554e-07 1.0841e-07 7.10572e-07 1.42922e-06 8.36112e-07 1.53763e-06
0.466347 1.2816e-07 1.11288e-07 7.15981e-07 1.43723e-06 8.44141e-07 1.54852e-06
0.466537 1.30826e-07 1.1424e-07 7.21066e-07 1.44471e-06 8.51892e-07 1.55895e-06
0.466728 1.33541e-07 1.17268e-07 7.25799e-07 1.45163e-06 8.5934e-07 1.5689e-06
0.466919 1.36304e-07 1.20373e-07 7.30151e-07 1.45795e-06 8.66455e-07 1.57832e-06
0.46711 1.39115e-07 1.23558e-07 7.34092e-07 1.46363e-06 8.73208e-07 1.58719e-06
0.4673 1.41975e-07 1.26824e-07 7.37592e-07 1.46863e-06 8.79567e-07 1.59545e-06
0.467491 1.44884e-07 1.30172e-07 7.40617e-07 1.47291e-06 8.85501e-07 1.60309e-06
0.467682 1.47842e-07 1.33604e-07 7.43132e-07 1.47644e-06 8.90974e-07 1.61004e-06
0.467873 1.50849e-07 1.37122e-07 7.451e-07 1.47916e-06 8.95949e-07 1.61628e-06
0.468063 1.53906e-07 1.40727e-07 7.46484e-07 1.48102e-06 9.00389e-07 1.62175e-06
0.468254 1.57011e-07 1.44422e-07 7.47242e-07 1.48199e-06 9.04253e-07 1.62641e-06
0.468445 1.60166e-07 1.48208e-07 7.47333e-07 1.48201e-06 9.07499e-07 1.63022e-06
0.468636 1.63371e-07 1.52085e-07 7.46711e-07 1.48103e-06 9.10082e-07 1.63312e-06
0.468826 1.66624e-07 1.56057e-07 7.45332e-07 1.479e-06 9.11956e-07 1.63506e-06
0.469017 1.69926e-07 1.60125e-07 7.43145e-07 1.47587e-06 9.13071e-07 1.63599e-06
0.469208 1.73277e-07 1.64289e-07 7.40099e-07 1.47156e-06 9.13376e-07 1.63585e-06
0.469398 1.76676e-07 1.68553e-07 7.36142e-07 1.46604e-06 9.12818e-07 1.63459e-06
0.469589 1.80123e-07 1.72917e-07 7.31218e-07 1.45923e-06 9.1134e-07 1.63215e-06
0.46978 1.83617e-07 1.77382e-07 7.25266e-07 1.45107e-06 9.08883e-07 1.62845e-06
0.469971 1.87157e-07 1.81951e-07 7.18227e-07 1.4415e-06 9.05385e-07 1.62345e-06
0.470161 1.90744e-07 1.86624e-07 7.10037e-07 1.43045e-06 9.00781e-07 1.61707e-06
0.470352 1.94376e-07 1.91403e-07 7.00628e-07 1.41784e-06 8.95004e-07 1.60925e-06
0.470543 1.98051e-07 1.9629e-07 6.89931e-07 1.40362e-06 8.87982e-07 1.59991e-06
0.470734 2.01771e-07 2.01284e-07 6.77872e-07 1.38769e-06 8.79643e-07 1.58898e-06
0.470924 2.05532e-07 2.06388e-07 6.64376e-07 1.36999e-06 8.69908e-07 1.57638e-06
0.471115 2.09334e-07 2.11603e-07 6.49363e-07 1.35044e-06 8.58697e-07 1.56204e-06
0.471306 2.13175e-07 2.16929e-07 6.32751e-07 1.32895e-06 8.45926e-07 1.54588e-06
0.471497 2.17054e-07 2.22367e-07 6.14454e-07 1.30545e-06 8.31508e-07 1.52781e-06
0.471687 2.2097e-07 2.27918e-07 5.94381e-07 1.27984e-06 8.15351e-07 1.50775e-06
0.471878 2.2492e-07 2.33583e-07 5.72439e-07 1.25203e-06 7.97359e-07 1.48561e-06
0.472069 2.28903e-07 2.39361e-07 5.48531e-07 1.22194e-06 7.77434e-07 1.4613e-06
0.47226 2.32916e-07 2.45254e-07 5.22556e-07 1.18947e-06 7.55472e-07 1.43472e-06
0.47245 2.36957e-07 2.51261e-07 4.94409e-07 1.15452e-06 7.31366e-07 1.40578e-06
0.472641 2.41024e-07 2.57382e-07 4.63981e-07 1.117e-06 7.05004e-07 1.37438e-06
0.472832 2.45113e-07 2.63618e-07 4.31158e-07 1.0768e-06 6.76271e-07 1.34042e-06
0.473022 2.49223e-07 2.69967e-07 3.95823e-07 1.03383e-06 6.45046e-07 1.3038e-06
0.473213 2.53351e-07 2.76428e-07 3.57854e-07 9.8797e-07 6.11204e-07 1.2644e-06
0.473404 2.57492e-07 2.83002e-07 3.17124e-07 9.39118e-07 5.74616e-07 1.22212e-06
0.473595 2.61644e-07 2.89687e-07 2.73503e-07 8.87163e-07 5.35147e-07 1.17685e-06
0.473785 2.65802e-07 2.9648e-07 2.26855e-07 8.31992e-07 4.92658e-07 1.12847e-06
0.473976 2.69964e-07 3.03382e-07 1.7704e-07 7.7349e-07 4.47004e-07 1.07687e-06
0.474167 2.74124e-07 3.10389e-07 1.23913e-07 7.11541e-07 3.98038e-07 1.02193e-06
0.474358 2.7828e-07 3.17499e-07 6.73248e-08 6.46024e-07 3.45604e-07 9.63523e-07
0.474548 2.82425e-07 3.2471e-07 7.11968e-09 5.76819e-07 2.89544e-07 9.01529e-07
0.474739 2.86555e-07 3.32019e-07 -5.68612e-08 5.03802e-07 2.29694e-07 8.35821e-07
0.47493 2.90665e-07 3.39421e-07 -1.24782e-07 4.2685e-07 1.65883e-07 7.66271e-07
0.475121 2.9475e-07 3.46913e-07 -1.96813e-07 3.45835e-07 9.79369e-08 6.92748e-07
0.475311 2.98804e-07 3.54491e-07 -2.73128e-07 2.60631e-07 2.56761e-08 6.15122e-07
0.475502 3.02821e-07 3.62149e-07 -3.53906e-07 1.71108e-07 -5.1085e-08 5.33257e-07
0.475693 3.06795e-07 3.69883e-07 -4.39332e-07 7.71356e-08 -1.32537e-07 4.47019e-07
0.475883 3.10719e-07 3.77687e-07 -5.29594e-07 -2.14169e-08 -2.18875e-07 3.5627e-07
0.476074 3.14587e-07 3.85554e-07 -6.24886e-07 -1.24682e-07 -3.10299e-07 2.60873e-07
0.476265 3.18391e-07 3.93477e-07 -7.25407e-07 -2.32791e-07 -4.07017e-07 1.60687e-07
0.476456 3.22123e-07 4.01449e-07 -8.31361e-07 -3.45877e-07 -5.09238e-07 5.55722e-08
0.476646 3.25777e-07 4.09461e-07 -9.42955e-07 -4.64072e-07 -6.17178e-07 -5.46116e-08
0.476837 3.29345e-07 4.17504e-07 -1.0604e-06 -5.8751e-07 -7.31057e-07 -1.70006e-07
0.477028 3.32817e-07 4.25569e-07 -1.18392e-06 -7.16322e-07 -8.51101e-07 -2.90753e-07
0.477219 3.36185e-07 4.33645e-07 -1.31372e-06 -8.50638e-07 -9.77539e-07 -4.16993e-07
0.477409 3.3944e-07 4.41722e-07 -1.45004e-06 -9.9059e-07 -1.1106e-06 -5.48868e-07
0.4776 3.42573e-07 4.49786e-07 -1.59311e-06 -1.1363e-06 -1.25053e-06 -6.86517e-07
0.477791 3.45574e-07 4.57826e-07 -1.74314e-06 -1.28791e-06 -1.39757e-06 -8.30081e-07
0.477982 3.48433e-07 4.65827e-07 -1.90038e-06 -1.44552e-06 -1.55195e-06 -9.79695e-07
0.478172 3.5114e-07 4.73775e-07 -2.06507e-06 -1.60927e-06 -1.71393e-06 -1.1355e-06
0.478363 3.53684e-07 4.81654e-07 -2.23744e-06 -1.77927e-06 -1.88375e-06 -1.29762e-06
0.478554 3.56055e-07 4.89448e-07 -2.41773e-06 -1.95564e-06 -2.06168e-06 -1.46619e-06
0.478745 3.58241e-07 4.97139e-07 -2.60619e-06 -2.13849e-06 -2.24795e-06 -1.64135e-06
0.478935 3.60231e-07 5.04707e-07 -2.80306e-06 -2.32791e-06 -2.44283e-06 -1.8232e-06
0.479126 3.62013e-07 5.12134e-07 -3.00858e-06 -2.52402e-06 -2.64656e-06 -2.01188e-06
0.479317 3.63576e-07 5.19399e-07 -3.22299e-06 -2.7269e-06 -2.85941e-06 -2.2075e-06
0.479507 3.64906e-07 5.26478e-07 -3.44653e-06 -2.93665e-06 -3.08163e-06 -2.41017e-06
0.479698 3.65992e-07 5.3335e-07 -3.67945e-06 -3.15334e-06 -3.31346e-06 -2.61999e-06
0.479889 3.66821e-07 5.39988e-07 -3.92198e-06 -3.37705e-06 -3.55516e-06 -2.83706e-06
0.48008 3.67381e-07 5.46368e-07 -4.17435e-06 -3.60785e-06 -3.80697e-06 -3.06148e-06
0.48027 3.67658e-07 5.52462e-07 -4.43679e-06 -3.84579e-06 -4.06913e-06 -3.29332e-06
0.480461 3.67639e-07 5.58241e-07 -4.70953e-06 -4.09091e-06 -4.34189e-06 -3.53267e-06
0.480652 3.67312e-07 5.63676e-07 -4.99277e-06 -4.34326e-06 -4.62546e-06 -3.77959e-06
0.480843 3.66663e-07 5.68735e-07 -5.28673e-06 -4.60287e-06 -4.92007e-06 -4.03413e-06
0.481033 3.65679e-07 5.73385e-07 -5.59161e-06 -4.86973e-06 -5.22593e-06 -4.29635e-06
0.481224 3.64347e-07 5.77593e-07 -5.9076e-06 -5.14387e-06 -5.54325e-06 -4.56628e-06
0.481415 3.62653e-07 5.81322e-07 -6.23487e-06 -5.42527e-06 -5.87222e-06 -4.84395e-06
0.481606 3.60585e-07 5.84536e-07 -6.57359e-06 -5.7139e-06 -6.21301e-06 -5.12937e-06
0.481796 3.58131e-07 5.87196e-07 -6.92391e-06 -6.00973e-06 -6.56578e-06 -5.42254e-06
0.481987 3.55276e-07 5.89262e-07 -7.28597e-06 -6.31271e-06 -6.9307e-06 -5.72345e-06
0.482178 3.5201e-07 5.90693e-07 -7.65989e-06 -6.62276e-06 -7.30788e-06 -6.03206e-06
0.482368 3.4832e-07 5.91446e-07 -8.04576e-06 -6.9398e-06 -7.69744e-06 -6.34835e-06
0.482559 3.44195e-07 5.91476e-07 -8.44366e-06 -7.26372e-06 -8.09946e-06 -6.67225e-06
0.48275 3.39623e-07 5.90737e-07 -8.85364e-06 -7.59442e-06 -8.51402e-06 -7.00368e-06
0.482941 3.34594e-07 5.89183e-07 -9.27575e-06 -7.93175e-06 -8.94115e-06 -7.34257e-06
0.483131 3.29098e-07 5.86765e-07 -9.70998e-06 -8.27555e-06 -9.38088e-06 -7.68879e-06
0.483322 3.23125e-07 5.83434e-07 -1.01563e-05 -8.62566e-06 -9.83318e-06 -8.04222e-06
0.483513 3.16667e-07 5.79137e-07 -1.06147e-05 -8.98186e-06 -1.0298e-05 -8.40273e-06
0.483704 3.09717e-07 5.73823e-07 -1.1085e-05 -9.34396e-06 -1.07753e-05 -8.77013e-06
0.483894 3.02267e-07 5.67439e-07 -1.15672e-05 -9.71171e-06 -1.12649e-05 -9.14427e-06
0.484085 2.94312e-07 5.59929e-07 -1.2061e-05 -1.00849e-05 -1.17667e-05 -9.52492e-06
0.484276 2.85848e-07 5.51239e-07 -1.25664e-05 -1.04631e-05 -1.22805e-05 -9.91188e-06
0.484467 2.76869e-07 5.41312e-07 -1.3083e-05 -1.08462e-05 -1.28061e-05 -1.03049e-05
0.484657 2.67376e-07 5.30092e-07 -1.36106e-05 -1.12338e-05 -1.33432e-05 -1.07037e-05
0.484848 2.57366e-07 5.1752e-07 -1.41488e-05 -1.16255e-05 -1.38914e-05 -1.1108e-05
0.485039 2.4684e-07 5.03539e-07 -1.46973e-05 -1.20211e-05 -1.44505e-05 -1.15176e-05
0.485229 2.35801e-07 4.8809e-07 -1.52557e-05 -1.24201e-05 -1.50199e-05 -1.1932e-05
0.48542 2.24252e-07 4.71115e-07 -1.58234e-05 -1.2822e-05 -1.55992e-05 -1.23509e-05
0.485611 2.12199e-07 4.52554e-07 -1.64e-05 -1.32266e-05 -1.61878e-05 -1.27741e-05
0.485802 1.9965e-07 4.32351e-07 -1.69849e-05 -1.36333e-05 -1.67853e-05 -1.3201e-05
0.485992 1.86614e-07 4.10446e-07 -1.75774e-05 -1.40417e-05 -1.73908e-05 -1.36313e-05
0.486183 1.73102e-07 3.86782e-07 -1.81769e-05 -1.44514e-05 -1.80038e-05 -1.40646e-05
0.486374 1.59128e-07 3.61303e-07 -1.87826e-05 -1.48617e-05 -1.86235e-05 -1.45004e-05
0.486565 1.44708e-07 3.33953e-07 -1.93937e-05 -1.52722e-05 -1.92489e-05 -1.49383e-05
0.486755 1.2986e-07 3.04678e-07 -2.00092e-05 -1.56825e-05 -1.98793e-05 -1.53778e-05
0.486946 1.14604e-07 2.73427e-07 -2.06283e-05 -1.60918e-05 -2.05137e-05 -1.58184e-05
0.487137 9.89632e-08 2.40147e-07 -2.125e-05 -1.64998e-05 -2.1151e-05 -1.62597e-05
0.487328 8.29624e-08 2.04791e-07 -2.18731e-05 -1.69058e-05 -2.17901e-05 -1.6701e-05
0.487518 6.66295e-08 1.67313e-07 -2.24965e-05 -1.73093e-05 -2.24299e-05 -1.7142e-05
0.487709 4.99949e-08 1.27669e-07 -2.31191e-05 -1.77097e-05 -2.30691e-05 -1.7582e-05
0.4879 3.30914e-08 8.58197e-08 -2.37395e-05 -1.81064e-05 -2.37064e-05 -1.80206e-05
0.488091 1.59544e-08 4.17286e-08 -2.43564e-05 -1.84988e-05 -2.43404e-05 -1.84571e-05
0.488281 -1.37793e-09 -4.63744e-09 -2.49684e-05 -1.88865e-05 -2.49698e-05 -1.88911e-05
0.488472 -1.8865e-08 -5.3307e-08 -2.55741e-05 -1.92687e-05 -2.55929e-05 -1.9322e-05
0.488663 -3.64635e-08 -1.04304e-07 -2.61718e-05 -1.9645e-05 -2.62083e-05 -1.97493e-05
0.488853 -5.41278e-08 -1.57648e-07 -2.67601e-05 -2.00148e-05 -2.68142e-05 -2.01725e-05
0.489044 -7.18096e-08 -2.13354e-07 -2.73373e-05 -2.03776e-05 -2.74091e-05 -2.05909e-05
0.489235 -8.94582e-08 -2.71429e-07 -2.79016e-05 -2.07328e-05 -2.79911e-05 -2.10042e-05
0.489426 -1.07021e-07 -3.31878e-07 -2.84514e-05 -2.10799e-05 -2.85584e-05 -2.14118e-05
0.489616 -1.24442e-07 -3.94695e-07 -2.89848e-05 -2.14184e-05 -2.91092e-05 -2.18131e-05
0.489807 -1.41664e-07 -4.59872e-07 -2.94999e-05 -2.1748e-05 -2.96416e-05 -2.22078e-05
0.489998 -1.58629e-07 -5.2739e-07 -2.9995e-05 -2.2068e-05 -3.01536e-05 -2.25954e-05
0.490189 -1.75274e-07 -5.97228e-07 -3.0468e-05 -2.23783e-05 -3.06433e-05 -2.29755e-05
0.490379 -1.91537e-07 -6.69351e-07 -3.09171e-05 -2.26783e-05 -3.11086e-05 -2.33477e-05
0.49057 -2.07354e-07 -7.43723e-07 -3.13401e-05 -2.29678e-05 -3.15475e-05 -2.37116e-05
0.490761 -2.2266e-07 -8.20293e-07 -3.17353e-05 -2.32465e-05 -3.1958e-05 -2.40668e-05
0.490952 -2.37388e-07 -8.99009e-07 -3.21005e-05 -2.35142e-05 -3.23379e-05 -2.44132e-05
0.491142 -2.51471e-07 -9.79804e-07 -3.24338e-05 -2.37705e-05 -3.26852e-05 -2.47503e-05
0.491333 -2.6484e-07 -1.06261e-06 -3.27331e-05 -2.40155e-05 -3.29979e-05 -2.50781e-05
0.491524 -2.7743e-07 -1.14733e-06 -3.29965e-05 -2.4249e-05 -3.32739e-05 -2.53964e-05
0.491714 -2.89171e-07 -1.2339e-06 -3.3222e-05 -2.4471e-05 -3.35112e-05 -2.57049e-05
0.491905 -2.99997e-07 -1.32219e-06 -3.34077e-05 -2.46815e-05 -3.37077e-05 -2.60037e-05
0.492096 -3.0984e-07 -1.41212e-06 -3.35517e-05 -2.48805e-05 -3.38615e-05 -2.62926e-05
0.492287 -3.18636e-07 -1.50355e-06 -3.36521e-05 -2.50682e-05 -3.39707e-05 -2.65718e-05
0.492477 -3.26321e-07 -1.59637e-06 -3.37071e-05 -2.52449e-05 -3.40335e-05 -2.68412e-05
0.492668 -3.32833e-07 -1.69043e-06 -3.37151e-05 -2.54106e-05 -3.4048e-05 -2.71011e-05
0.492859 -3.38111e-07 -1.78559e-06 -3.36744e-05 -2.55659e-05 -3.40125e-05 -2.73515e-05
0.49305 -3.42099e-07 -1.88171e-06 -3.35835e-05 -2.5711e-05 -3.39256e-05 -2.75927e-05
0.49324 -3.44743e-07 -1.97861e-06 -3.34408e-05 -2.58464e-05 -3.37855e-05 -2.7825e-05
0.493431 -3.45991e-07 -2.07613e-06 -3.32451e-05 -2.59726e-05 -3.3591e-05 -2.80487e-05
0.493622 -3.45796e-07 -2.17409e-06 -3.2995e-05 -2.60901e-05 -3.33408e-05 -2.82642e-05
0.493813 -3.44115e-07 -2.2723e-06 -3.26896e-05 -2.61996e-05 -3.30337e-05 -2.84719e-05
0.494003 -3.40909e-07 -2.37058e-06 -3.23278e-05 -2.63017e-05 -3.26687e-05 -2.86723e-05
0.494194 -3.36146e-07 -2.46873e-06 -3.19088e-05 -2.63972e-05 -3.22449e-05 -2.88659e-05
0.494385 -3.29795e-07 -2.56655e-06 -3.1432e-05 -2.64868e-05 -3.17618e-05 -2.90534e-05
0.494576 -3.21835e-07 -2.66382e-06 -3.08968e-05 -2.65714e-05 -3.12186e-05 -2.92352e-05
0.494766 -3.12247e-07 -2.76033e-06 -3.03029e-05 -2.66517e-05 -3.06151e-05 -2.9412e-05
0.494957 -3.0102e-07 -2.85586e-06 -2.96501e-05 -2.67288e-05 -2.99511e-05 -2.95846e-05
0.495148 -2.8815e-07 -2.95021e-06 -2.89385e-05 -2.68034e-05 -2.92267e-05 -2.97536e-05
0.495338 -2.73637e-07 -3.04313e-06 -2.81683e-05 -2.68767e-05 -2.84419e-05 -2.99198e-05
0.495529 -2.57491e-07 -3.13442e-06 -2.73399e-05 -2.69495e-05 -2.75974e-05 -3.00839e-05
0.49572 -2.39726e-07 -3.22384e-06 -2.64538e-05 -2.70228e-05 -2.66935e-05 -3.02467e-05
0.495911 -2.20365e-07 -3.31117e-06 -2.55109e-05 -2.70977e-05 -2.57313e-05 -3.04089e-05
0.496101 -1.99437e-07 -3.39619e-06 -2.45123e-05 -2.71751e-05 -2.47117e-05 -3.05713e-05
0.496292 -1.76978e-07 -3.47867e-06 -2.34589e-05 -2.7256e-05 -2.36359e-05 -3.07347e-05
0.496483 -1.53033e-07 -3.5584e-06 -2.23524e-05 -2.73415e-05 -2.25055e-05 -3.08999e-05
0.496674 -1.27651e-07 -3.63517e-06 -2.11943e-05 -2.74324e-05 -2.1322e-05 -3.10676e-05
0.496864 -1.00892e-07 -3.70877e-06 -1.99864e-05 -2.75298e-05 -2.00873e-05 -3.12385e-05
0.497055 -7.28193e-08 -3.77899e-06 -1.87307e-05 -2.76344e-05 -1.88035e-05 -3.14134e-05
0.497246 -4.35049e-08 -3.84563e-06 -1.74294e-05 -2.77473e-05 -1.74729e-05 -3.15929e-05
0.497437 -1.30269e-08 -3.90852e-06 -1.60849e-05 -2.78692e-05 -1.60979e-05 -3.17777e-05
0.497627 1.85302e-08 -3.96746e-06 -1.46997e-05 -2.80008e-05 -1.46811e-05 -3.19683e-05
0.497818 5.10762e-08 -4.02229e-06 -1.32765e-05 -2.81429e-05 -1.32255e-05 -3.21652e-05
0.498009 8.4515e-08 -4.07285e-06 -1.18183e-05 -2.82962e-05 -1.17338e-05 -3.2369e-05
0.498199 1.18745e-07 -4.11899e-06 -1.03281e-05 -2.84611e-05 -1.02094e-05 -3.25801e-05
0.49839 1.53661e-07 -4.16058e-06 -8.80905e-06 -2.86382e-05 -8.65539e-06 -3.27988e-05
0.498581 1.89151e-07 -4.19748e-06 -7.26445e-06 -2.88279e-05 -7.0753e-06 -3.30254e-05
0.498772 2.25102e-07 -4.22959e-06 -5.69774e-06 -2.90306e-05 -5.47264e-06 -3.32602e-05
0.498962 2.61395e-07 -4.25681e-06 -4.11243e-06 -2.92463e-05 -3.85103e-06 -3.35032e-05
0.499153 2.97911e-07 -4.27906e-06 -2.51214e-06 -2.94754e-05 -2.21423e-06 -3.37545e-05
0.499344 3.34525e-07 -4.29627e-06 -9.00552e-07 -2.97178e-05 -5.66027e-07 -3.40141e-05
0.499535 3.71114e-07 -4.30839e-06 7.1859e-07 -2.99735e-05 1.0897e-06 -3.42819e-05
0.499725 4.07551e-07 -4.31537e-06 2.3415e-06 -3.02423e-05 2.74905e-06 -3.45576e-05
0.499916 4.43711e-07 -4.31721e-06 3.96438e-06 -3.05239e-05 4.40809e-06 -3.48411e-05
0.500107 4.79468e-07 -4.31388e-06 5.58339e-06 -3.0818e-05 6.06286e-06 -3.51319e-05
0.500298 5.14695e-07 -4.30541e-06 7.19473e-06 -3.11242e-05 7.70943e-06 -3.54296e-05
0.500488 5.49271e-07 -4.29181e-06 8.79461e-06 -3.14419e-05 9.34388e-06 -3.57337e-05
0.500679 5.83072e-07 -4.27312e-06 1.03793e-05 -3.17704e-05 1.09623e-05 -3.60435e-05
0.50087 6.15979e-07 -4.24942e-06 1.1945e-05 -3.21089e-05 1.2561e-05 -3.63583e-05
0.50106 6.47877e-07 -4.22075e-06 1.34882e-05 -3.24567e-05 1.41361e-05 -3.66775e-05
0.501251 6.78653e-07 -4.18722e-06 1.50053e-05 -3.28129e-05 1.5684e-05 -3.70001e-05
0.501442 7.08199e-07 -4.14892e-06 1.64929e-05 -3.31763e-05 1.72011e-05 -3.73252e-05
0.501633 7.36412e-07 -4.10596e-06 1.79477e-05 -3.3546e-05 1.86841e-05 -3.76519e-05
0.501823 7.63195e-07 -4.05849e-06 1.93664e-05 -3.39207e-05 2.01296e-05 -3.79792e-05
0.502014 7.88454e-07 -4.00662e-06 2.0746e-05 -3.42993e-05 2.15344e-05 -3.83059e-05
0.502205 8.12105e-07 -3.95052e-06 2.20835e-05 -3.46805e-05 2.28956e-05 -3.8631e-05
0.502396 8.34068e-07 -3.89035e-06 2.33764e-05 -3.5063e-05 2.42104e-05 -3.89533e-05
0.502586 8.5427e-07 -3.82629e-06 2.46218e-05 -3.54454e-05 2.54761e-05 -3.92717e-05
0.502777 8.72646e-07 -3.75852e-06 2.58176e-05 -3.58263e-05 2.66903e-05 -3.95848e-05
0.502968 8.89138e-07 -3.68722e-06 2.69615e-05 -3.62042e-05 2.78506e-05 -3.98914e-05
0.503159 9.03697e-07 -3.61261e-06 2.80514e-05 -3.65778e-05 2.89551e-05 -4.01904e-05
0.503349 9.16279e-07 -3.53488e-06 2.90856e-05 -3.69456e-05 3.00019e-05 -4.04805e-05
0.50354 9.2685e-07 -3.45425e-06 3.00625e-05 -3.73061e-05 3.09893e-05 -4.07603e-05
0.503731 9.35383e-07 -3.37094e-06 3.09806e-05 -3.76578e-05 3.1916e-05 -4.10288e-05
0.503922 9.41859e-07 -3.28517e-06 3.18388e-05 -3.79994e-05 3.27807e-05 -4.12846e-05
0.504112 9.46268e-07 -3.19717e-06 3.26362e-05 -3.83294e-05 3.35824e-05 -4.15266e-05
0.504303 9.48607e-07 -3.10715e-06 3.33719e-05 -3.86464e-05 3.43205e-05 -4.17536e-05
0.504494 9.4888e-07 -3.01535e-06 3.40454e-05 -3.89491e-05 3.49943e-05 -4.19645e-05
0.504684 9.471e-07 -2.922e-06 3.46564e-05 -3.92362e-05 3.56035e-05 -4.21582e-05
0.504875 9.43285e-07 -2.82732e-06 3.52047e-05 -3.95063e-05 3.61479e-05 -4.23337e-05
0.505066 9.37464e-07 -2.73155e-06 3.56903e-05 -3.97584e-05 3.66278e-05 -4.24899e-05
0.505257 9.29669e-07 -2.63489e-06 3.61136e-05 -3.99912e-05 3.70433e-05 -4.26261e-05
0.505447 9.19941e-07 -2.53758e-06 3.64749e-05 -4.02037e-05 3.73949e-05 -4.27413e-05
0.505638 9.08325e-07 -2.43982e-06 3.67749e-05 -4.03949e-05 3.76832e-05 -4.28347e-05
0.505829 8.94875e-07 -2.34183e-06 3.70143e-05 -4.05639e-05 3.79092e-05 -4.29057e-05
0.50602 8.79647e-07 -2.24382e-06 3.71942e-05 -4.07098e-05 3.80738e-05 -4.29536e-05
0.50621 8.62704e-07 -2.14598e-06 3.73155e-05 -4.08318e-05 3.81782e-05 -4.29778e-05
0.506401 8.44114e-07 -2.04851e-06 3.73796e-05 -4.09293e-05 3.82238e-05 -4.29778e-05
0.506592 8.23948e-07 -1.9516e-06 3.73879e-05 -4.10016e-05 3.82118e-05 -4.29532e-05
0.506783 8.02282e-07 -1.85542e-06 3.73418e-05 -4.10484e-05 3.81441e-05 -4.29038e-05
0.506973 7.79194e-07 -1.76014e-06 3.7243e-05 -4.10691e-05 3.80222e-05 -4.28292e-05
0.507164 7.54766e-07 -1.66592e-06 3.70933e-05 -4.10635e-05 3.7848e-05 -4.27294e-05
0.507355 7.29082e-07 -1.57292e-06 3.68944e-05 -4.10312e-05 3.76234e-05 -4.26042e-05
0.507545 7.02229e-07 -1.48129e-06 3.66482e-05 -4.09723e-05 3.73505e-05 -4.24536e-05
0.507736 6.74294e-07 -1.39116e-06 3.63569e-05 -4.08865e-05 3.70312e-05 -4.22777e-05
0.507927 6.45366e-07 -1.30265e-06 3.60223e-05 -4.0774e-05 3.66677e-05 -4.20767e-05
0.508118 6.15536e-07 -1.21588e-06 3.56467e-05 -4.06349e-05 3.62622e-05 -4.18508e-05
0.508308 5.84893e-07 -1.13096e-06 3.52321e-05 -4.04693e-05 3.5817e-05 -4.16003e-05
0.508499 5.53527e-07 -1.04798e-06 3.47808e-05 -4.02776e-05 3.53343e-05 -4.13256e-05
0.50869 5.21528e-07 -9.67048e-07 3.42949e-05 -4.006e-05 3.48164e-05 -4.10271e-05
0.508881 4.88985e-07 -8.88228e-07 3.37767e-05 -3.98171e-05 3.42656e-05 -4.07053e-05
0.509071 4.55987e-07 -8.11594e-07 3.32283e-05 -3.95493e-05 3.36843e-05 -4.03609e-05
0.509262 4.2262e-07 -7.37207e-07 3.26521e-05 -3.92572e-05 3.30747e-05 -3.99944e-05
0.509453 3.88968e-07 -6.65121e-07 3.20502e-05 -3.89413e-05 3.24391e-05 -3.96064e-05
0.509644 3.55114e-07 -5.9538e-07 3.14247e-05 -3.86024e-05 3.17798e-05 -3.91978e-05
0.509834 3.2114e-07 -5.28019e-07 3.07779e-05 -3.82412e-05 3.10991e-05 -3.87693e-05
0.510025 2.87124e-07 -4.63066e-07 3.01119e-05 -3.78585e-05 3.03991e-05 -3.83216e-05
0.510216 2.53141e-07 -4.00542e-07 2.94288e-05 -3.74551e-05 2.96819e-05 -3.78557e-05
0.510406 2.19264e-07 -3.4046e-07 2.87306e-05 -3.70319e-05 2.89499e-05 -3.73723e-05
0.510597 1.85564e-07 -2.82825e-07 2.80193e-05 -3.65897e-05 2.82048e-05 -3.68725e-05
0.510788 1.52106e-07 -2.27635e-07 2.72968e-05 -3.61295e-05 2.74489e-05 -3.63571e-05
0.510979 1.18955e-07 -1.74884e-07 2.65651e-05 -3.56522e-05 2.6684e-05 -3.58271e-05
0.511169 8.61713e-08 -1.24559e-07 2.58259e-05 -3.51588e-05 2.5912e-05 -3.52833e-05
0.51136 5.38111e-08 -7.66394e-08 2.5081e-05 -3.46503e-05 2.51348e-05 -3.47269e-05
0.511551 2.19282e-08 -3.11016e-08 2.4332e-05 -3.41276e-05 2.4354e-05 -3.41588e-05
0.511742 -9.42745e-09 1.20837e-08 2.35807e-05 -3.35919e-05 2.35713e-05 -3.35798e-05
0.511932 -4.02092e-08 5.29504e-08 2.28285e-05 -3.30441e-05 2.27883e-05 -3.29911e-05
0.512123 -7.03741e-08 9.15364e-08 2.20769e-05 -3.24851e-05 2.20065e-05 -3.23936e-05
0.512314 -9.98824e-08 1.27884e-07 2.13273e-05 -3.19161e-05 2.12274e-05 -3.17882e-05
0.512505 -1.28698e-07 1.62037e-07 2.0581e-05 -3.1338e-05 2.04523e-05 -3.1176e-05
0.512695 -1.56789e-07 1.94046e-07 1.98392e-05 -3.07519e-05 1.96824e-05 -3.05578e-05
0.512886 -1.84124e-07 2.2396e-07 1.91032e-05 -3.01586e-05 1.89191e-05 -2.99347e-05
0.513077 -2.10679e-07 2.51834e-07 1.8374e-05 -2.95592e-05 1.81633e-05 -2.93074e-05
0.513268 -2.3643e-07 2.77722e-07 1.76526e-05 -2.89546e-05 1.74161e-05 -2.86769e-05
0.513458 -2.61357e-07 3.01684e-07 1.694e-05 -2.83458e-05 1.66786e-05 -2.80441e-05
0.513649 -2.85443e-07 3.23777e-07 1.6237e-05 -2.77336e-05 1.59516e-05 -2.74098e-05
0.51384 -3.08675e-07 3.44062e-07 1.55445e-05 -2.71189e-05 1.52358e-05 -2.67749e-05
0.51403 -3.31041e-07 3.62601e-07 1.48632e-05 -2.65026e-05 1.45321e-05 -2.614e-05
0.514221 -3.52533e-07 3.79454e-07 1.41937e-05 -2.58856e-05 1.38412e-05 -2.55061e-05
0.514412 -3.73145e-07 3.94685e-07 1.35367e-05 -2.52686e-05 1.31636e-05 -2.48739e-05
0.514603 -3.92874e-07 4.08357e-07 1.28927e-05 -2.46523e-05 1.24998e-05 -2.4244e-05
0.514793 -4.11718e-07 4.20531e-07 1.22621e-05 -2.40376e-05 1.18504e-05 -2.36171e-05
0.514984 -4.29678e-07 4.31271e-07 1.16455e-05 -2.34251e-05 1.12158e-05 -2.29938e-05
0.515175 -4.46758e-07 4.40639e-07 1.10431e-05 -2.28156e-05 1.05963e-05 -2.23749e-05
0.515366 -4.62963e-07 4.48697e-07 1.04552e-05 -2.22096e-05 9.99227e-06 -2.17609e-05
0.515556 -4.78298e-07 4.55506e-07 9.8822e-06 -2.16077e-05 9.4039e-06 -2.11522e-05
0.515747 -4.92774e-07 4.61126e-07 9.32419e-06 -2.10107e-05 8.83141e-06 -2.05495e-05
0.515938 -5.064e-07 4.65616e-07 8.78136e-06 -2.04189e-05 8.27496e-06 -1.99533e-05
0.516129 -5.19188e-07 4.69036e-07 8.25384e-06 -1.98329e-05 7.73466e-06 -1.93639e-05
0.516319 -5.3115e-07 4.71441e-07 7.7417e-06 -1.92533e-05 7.21055e-06 -1.87818e-05
0.51651 -5.42301e-07 4.72889e-07 7.24497e-06 -1.86803e-05 6.70267e-06 -1.82074e-05
0.516701 -5.52656e-07 4.73434e-07 6.76366e-06 -1.81146e-05 6.211e-06 -1.76411e-05
0.516891 -5.62231e-07 4.7313e-07 6.29773e-06 -1.75563e-05 5.73549e-06 -1.70832e-05
0.517082 -5.71043e-07 4.72027e-07 5.84711e-06 -1.7006e-05 5.27606e-06 -1.6534e-05
0.517273 -5.79111e-07 4.70177e-07 5.41171e-06 -1.64639e-05 4.8326e-06 -1.59937e-05
0.517464 -5.86452e-07 4.67629e-07 4.9914e-06 -1.59303e-05 4.40495e-06 -1.54627e-05
0.517654 -5.93085e-07 4.64429e-07 4.58604e-06 -1.54055e-05 3.99296e-06 -1.49411e-05
0.517845 -5.99031e-07 4.60623e-07 4.19546e-06 -1.48898e-05 3.59643e-06 -1.44291e-05
0.518036 -6.04309e-07 4.56256e-07 3.81946e-06 -1.43832e-05 3.21515e-06 -1.3927e-05
0.518227 -6.0894e-07 4.51371e-07 3.45783e-06 -1.38861e-05 2.84889e-06 -1.34347e-05
0.518417 -6.12944e-07 4.46007e-07 3.11034e-06 -1.33986e-05 2.49739e-06 -1.29526e-05
0.518608 -6.16343e-07 4.40204e-07 2.77675e-06 -1.29208e-05 2.1604e-06 -1.24806e-05
0.518799 -6.19157e-07 4.34e-07 2.45679e-06 -1.24528e-05 1.83763e-06 -1.20188e-05
0.51899 -6.21406e-07 4.27431e-07 2.1502e-06 -1.19948e-05 1.5288e-06 -1.15673e-05
0.51918 -6.23113e-07 4.20531e-07 1.8567e-06 -1.15467e-05 1.23359e-06 -1.11262e-05
0.519371 -6.24298e-07 4.13333e-07 1.576e-06 -1.11088e-05 9.51698e-07 -1.06954e-05
0.519562 -6.24982e-07 4.05869e-07 1.30779e-06 -1.06809e-05 6.82806e-07 -1.0275e-05
0.519753 -6.25185e-07 3.98168e-07 1.05177e-06 -1.02631e-05 4.26588e-07 -9.86495e-06
0.519943 -6.24928e-07 3.90258e-07 8.0764e-07 -9.85544e-06 1.82712e-07 -9.46519e-06
0.520134 -6.24231e-07 3.82167e-07 5.75077e-07 -9.45786e-06 -4.9154e-08 -9.07569e-06
0.520325 -6.23114e-07 3.7392e-07 3.53766e-07 -9.07033e-06 -2.69348e-07 -8.69641e-06
0.520515 -6.21597e-07 3.65542e-07 1.43388e-07 -8.6928e-06 -4.78209e-07 -8.32726e-06
0.520706 -6.197e-07 3.57054e-07 -5.63758e-08 -8.32523e-06 -6.76075e-07 -7.96818e-06
0.520897 -6.1744e-07 3.48478e-07 -2.45847e-07 -7.96753e-06 -8.63287e-07 -7.61905e-06
0.521088 -6.14837e-07 3.39835e-07 -4.25344e-07 -7.61962e-06 -1.04018e-06 -7.27979e-06
0.521278 -6.11908e-07 3.31144e-07 -5.95185e-07 -7.28142e-06 -1.20709e-06 -6.95027e-06
0.521469 -6.08673e-07 3.22421e-07 -7.55687e-07 -6.95281e-06 -1.36436e-06 -6.63038e-06
0.52166 -6.05147e-07 3.13685e-07 -9.07162e-07 -6.63368e-06 -1.51231e-06 -6.31999e-06
0.521851 -6.01347e-07 3.0495e-07 -1.04992e-06 -6.32391e-06 -1.65127e-06 -6.01896e-06
0.522041 -5.97291e-07 2.96231e-07 -1.18427e-06 -6.02338e-06 -1.78156e-06 -5.72715e-06
0.522232 -5.92994e-07 2.87542e-07 -1.31051e-06 -5.73195e-06 -1.90351e-06 -5.44441e-06
0.522423 -5.88471e-07 2.78894e-07 -1.42895e-06 -5.44948e-06 -2.01742e-06 -5.17058e-06
0.522614 -5.83738e-07 2.70301e-07 -1.53986e-06 -5.17582e-06 -2.1236e-06 -4.90552e-06
0.522804 -5.78809e-07 2.61771e-07 -1.64355e-06 -4.91082e-06 -2.22236e-06 -4.64905e-06
0.522995 -5.73698e-07 2.53316e-07 -1.74028e-06 -4.65433e-06 -2.31398e-06 -4.40102e-06
0.523186 -5.68419e-07 2.44943e-07 -1.83035e-06 -4.40619e-06 -2.39877e-06 -4.16125e-06
0.523376 -5.62984e-07 2.36663e-07 -1.91401e-06 -4.16624e-06 -2.477e-06 -3.92958e-06
0.523567 -5.57406e-07 2.28481e-07 -1.99154e-06 -3.93431e-06 -2.54895e-06 -3.70583e-06
0.523758 -5.51698e-07 2.20405e-07 -2.06318e-06 -3.71023e-06 -2.61488e-06 -3.48983e-06
0.523949 -5.45871e-07 2.12441e-07 -2.1292e-06 -3.49384e-06 -2.67507e-06 -3.2814e-06
0.524139 -5.39937e-07 2.04594e-07 -2.18983e-06 -3.28497e-06 -2.72976e-06 -3.08038e-06
0.52433 -5.33905e-07 1.9687e-07 -2.24531e-06 -3.08345e-06 -2.77921e-06 -2.88658e-06
0.524521 -5.27786e-07 1.89273e-07 -2.29587e-06 -2.8891e-06 -2.82366e-06 -2.69983e-06
0.524712 -5.21591e-07 1.81806e-07 -2.34174e-06 -2.70176e-06 -2.86333e-06 -2.51996e-06
0.524902 -5.15328e-07 1.74474e-07 -2.38314e-06 -2.52126e-06 -2.89847e-06 -2.34678e-06
0.525093 -5.09007e-07 1.67278e-07 -2.42027e-06 -2.34742e-06 -2.92928e-06 -2.18014e-06
0.525284 -5.02636e-07 1.60222e-07 -2.45334e-06 -2.18007e-06 -2.95598e-06 -2.01985e-06
0.525475 -4.96224e-07 1.53307e-07 -2.48255e-06 -2.01905e-06 -2.97878e-06 -1.86575e-06
0.525665 -4.89777e-07 1.46536e-07 -2.50809e-06 -1.86419e-06 -2.99787e-06 -1.71766e-06
0.525856 -4.83304e-07 1.39909e-07 -2.53015e-06 -1.71532e-06 -3.01345e-06 -1.57542e-06
0.526047 -4.76812e-07 1.33427e-07 -2.54889e-06 -1.57228e-06 -3.02571e-06 -1.43886e-06
0.526237 -4.70308e-07 1.27091e-07 -2.56451e-06 -1.43491e-06 -3.03481e-06 -1.30782e-06
0.526428 -4.63796e-07 1.20902e-07 -2.57715e-06 -1.30304e-06 -3.04094e-06 -1.18214e-06
0.526619 -4.57285e-07 1.14859e-07 -2.58698e-06 -1.17652e-06 -3.04427e-06 -1.06166e-06
0.52681 -4.50779e-07 1.08962e-07 -2.59416e-06 -1.05519e-06 -3.04494e-06 -9.46229e-07
0.527 -4.44284e-07 1.03211e-07 -2.59883e-06 -9.38897e-07 -3.04311e-06 -8.35686e-07
0.527191 -4.37804e-07 9.76048e-08 -2.60113e-06 -8.27489e-07 -3.03894e-06 -7.29884e-07
0.527382 -4.31345e-07 9.2143e-08 -2.60121e-06 -7.20818e-07 -3.03255e-06 -6.28675e-07
0.527573 -4.2491e-07 8.68244e-08 -2.59919e-06 -6.18738e-07 -3.0241e-06 -5.31913e-07
0.527763 -4.18505e-07 8.16479e-08 -2.59519e-06 -5.21105e-07 -3.0137e-06 -4.39457e-07
0.527954 -4.12133e-07 7.66121e-08 -2.58935e-06 -4.27779e-07 -3.00149e-06 -3.51167e-07
0.528145 -4.05798e-07 7.17156e-08 -2.58178e-06 -3.38622e-07 -2.98758e-06 -2.66906e-07
0.528336 -3.99503e-07 6.69566e-08 -2.57258e-06 -2.53499e-07 -2.97208e-06 -1.86543e-07
0.528526 -3.93251e-07 6.23335e-08 -2.56186e-06 -1.72279e-07 -2.95511e-06 -1.09945e-07
0.528717 -3.87046e-07 5.78445e-08 -2.54973e-06 -9.4832e-08 -2.93678e-06 -3.69875e-08
0.528908 -3.80889e-07 5.34876e-08 -2.53628e-06 -2.10321e-08 -2.91717e-06 3.24554e-08
0.529099 -3.74785e-07 4.92608e-08 -2.5216e-06 4.92437e-08 -2.89639e-06 9.85045e-08
0.529289 -3.68734e-07 4.51621e-08 -2.50579e-06 1.16116e-07 -2.87453e-06 1.61278e-07
0.52948 -3.62739e-07 4.11893e-08 -2.48893e-06 1.79701e-07 -2.85167e-06 2.20891e-07
0.529671 -3.56802e-07 3.73403e-08 -2.47109e-06 2.40114e-07 -2.82789e-06 2.77455e-07
0.529861 -3.50926e-07 3.36128e-08 -2.45236e-06 2.97467e-07 -2.80329e-06 3.3108e-07
0.530052 -3.45111e-07 3.00045e-08 -2.43281e-06 3.51867e-07 -2.77792e-06 3.81872e-07
0.530243 -3.39358e-07 2.65132e-08 -2.4125e-06 4.03421e-07 -2.75186e-06 4.29934e-07
0.530434 -3.3367e-07 2.31364e-08 -2.39151e-06 4.5223e-07 -2.72518e-06 4.75367e-07
0.530624 -3.28048e-07 1.9872e-08 -2.3699e-06 4.98396e-07 -2.69795e-06 5.18268e-07
0.530815 -3.22492e-07 1.67174e-08 -2.34772e-06 5.42014e-07 -2.67022e-06 5.58732e-07
0.531006 -3.17004e-07 1.36704e-08 -2.32504e-06 5.83181e-07 -2.64204e-06 5.96851e-07
0.531197 -3.11584e-07 1.07285e-08 -2.30191e-06 6.21987e-07 -2.61349e-06 6.32715e-07
0.531387 -3.06233e-07 7.88947e-09 -2.27837e-06 6.58521e-07 -2.5846e-06 6.6641e-07
0.531578 -3.00952e-07 5.15083e-09 -2.25448e-06 6.9287e-07 -2.55543e-06 6.98021e-07
0.531769 -2.95741e-07 2.51025e-09 -2.23029e-06 7.25117e-07 -2.52603e-06 7.27628e-07
0.53196 -2.906e-07 -3.46064e-11 -2.20583e-06 7.55345e-07 -2.49643e-06 7.5531e-07
0.53215 -2.8553e-07 -2.48607e-09 -2.18114e-06 7.83631e-07 -2.46667e-06 7.81145e-07
0.532341 -2.80532e-07 -4.84645e-09 -2.15628e-06 8.10053e-07 -2.43681e-06 8.05206e-07
0.532532 -2.75604e-07 -7.11805e-09 -2.13126e-06 8.34683e-07 -2.40687e-06 8.27565e-07
0.532722 -2.70747e-07 -9.30312e-09 -2.10614e-06 8.57594e-07 -2.37688e-06 8.48291e-07
0.532913 -2.65962e-07 -1.14039e-08 -2.08093e-06 8.78856e-07 -2.34689e-06 8.67452e-07
0.533104 -2.61247e-07 -1.34227e-08 -2.05567e-06 8.98535e-07 -2.31692e-06 8.85112e-07
0.533295 -2.56604e-07 -1.53615e-08 -2.03039e-06 9.16695e-07 -2.28699e-06 9.01334e-07
0.533485 -2.52031e-07 -1.72227e-08 -2.00511e-06 9.33401e-07 -2.25714e-06 9.16179e-07
0.533676 -2.47529e-07 -1.90082e-08 -1.97986e-06 9.48713e-07 -2.22739e-06 9.29705e-07
0.533867 -2.43097e-07 -2.07203e-08 -1.95467e-06 9.62689e-07 -2.19777e-06 9.41968e-07
0.534058 -2.38734e-07 -2.23609e-08 -1.92956e-06 9.75386e-07 -2.16829e-06 9.53025e-07
0.534248 -2.34441e-07 -2.39321e-08 -1.90454e-06 9.86859e-07 -2.13898e-06 9.62927e-07
0.534439 -2.30217e-07 -2.54358e-08 -1.87963e-06 9.97161e-07 -2.10985e-06 9.71725e-07
0.53463 -2.26061e-07 -2.68741e-08 -1.85486e-06 1.00634e-06 -2.08092e-06 9.79468e-07
0.534821 -2.21973e-07 -2.82488e-08 -1.83024e-06 1.01445e-06 -2.05221e-06 9.86204e-07
0.535011 -2.17952e-07 -2.95618e-08 -1.80578e-06 1.02154e-06 -2.02373e-06 9.91979e-07
0.535202 -2.13998e-07 -3.08149e-08 -1.7815e-06 1.02765e-06 -1.9955e-06 9.96836e-07
0.535393 -2.10111e-07 -3.201e-08 -1.75742e-06 1.03283e-06 -1.96753e-06 1.00082e-06
0.535583 -2.06288e-07 -3.31488e-08 -1.73354e-06 1.03712e-06 -1.93983e-06 1.00397e-06
0.535774 -2.02531e-07 -3.42331e-08 -1.70988e-06 1.04055e-06 -1.91241e-06 1.00632e-06
0.535965 -1.98838e-07 -3.52644e-08 -1.68644e-06 1.04318e-06 -1.88528e-06 1.00792e-06
0.536156 -1.95208e-07 -3.62445e-08 -1.66325e-06 1.04504e-06 -1.85845e-06 1.00879e-06
0.536346 -1.9164e-07 -3.7175e-08 -1.64029e-06 1.04616e-06 -1.83193e-06 1.00898e-06
0.536537 -1.88135e-07 -3.80575e-08 -1.61759e-06 1.04658e-06 -1.80572e-06 1.00853e-06
0.536728 -1.84691e-07 -3.88935e-08 -1.59514e-06 1.04634e-06 -1.77984e-06 1.00745e-06
0.536919 -1.81308e-07 -3.96844e-08 -1.57297e-06 1.04547e-06 -1.75427e-06 1.00578e-06
0.537109 -1.77984e-07 -4.04318e-08 -1.55106e-06 1.04399e-06 -1.72904e-06 1.00356e-06
0.5373 -1.74719e-07 -4.11371e-08 -1.52943e-06 1.04194e-06 -1.70415e-06 1.00081e-06
0.537491 -1.71512e-07 -4.18017e-08 -1.50808e-06 1.03936e-06 -1.67959e-06 9.97556e-07
0.537682 -1.68363e-07 -4.24268e-08 -1.48702e-06 1.03626e-06 -1.65538e-06 9.93831e-07
0.537872 -1.6527e-07 -4.3014e-08 -1.46624e-06 1.03267e-06 -1.63151e-06 9.89658e-07
0.538063 -1.62233e-07 -4.35643e-08 -1.44575e-06 1.02863e-06 -1.60799e-06 9.85062e-07
0.538254 -1.59251e-07 -4.40792e-08 -1.42556e-06 1.02415e-06 -1.58481e-06 9.80066e-07
0.538445 -1.56323e-07 -4.45597e-08 -1.40566e-06 1.01925e-06 -1.56198e-06 9.74693e-07
0.538635 -1.53448e-07 -4.50072e-08 -1.38606e-06 1.01397e-06 -1.5395e-06 9.68965e-07
0.538826 -1.50626e-07 -4.54226e-08 -1.36675e-06 1.00833e-06 -1.51738e-06 9.62903e-07
0.539017 -1.47855e-07 -4.58073e-08 -1.34774e-06 1.00233e-06 -1.4956e-06 9.56527e-07
0.539207 -1.45136e-07 -4.61622e-08 -1.32903e-06 9.96019e-07 -1.47417e-06 9.49856e-07
0.539398 -1.42466e-07 -4.64884e-08 -1.31062e-06 9.89398e-07 -1.45309e-06 9.42909e-07
0.539589 -1.39846e-07 -4.67869e-08 -1.29251e-06 9.8249e-07 -1.43236e-06 9.35703e-07
0.53978 -1.37275e-07 -4.70588e-08 -1.27469e-06 9.75315e-07 -1.41197e-06 9.28256e-07
0.53997 -1.34751e-07 -4.7305e-08 -1.25717e-06 9.67888e-07 -1.39193e-06 9.20583e-07
0.540161 -1.32274e-07 -4.75265e-08 -1.23995e-06 9.60226e-07 -1.37222e-06 9.127e-07
0.540352 -1.29844e-07 -4.77242e-08 -1.22302e-06 9.52346e-07 -1.35286e-06 9.04622e-07
0.540543 -1.27459e-07 -4.78989e-08 -1.20638e-06 9.44262e-07 -1.33384e-06 8.96363e-07
0.540733 -1.25118e-07 -4.80515e-08 -1.19004e-06 9.35989e-07 -1.31515e-06 8.87937e-07
0.540924 -1.22822e-07 -4.81829e-08 -1.17398e-06 9.2754e-07 -1.2968e-06 8.79357e-07
0.541115 -1.20568e-07 -4.82939e-08 -1.15821e-06 9.18929e-07 -1.27877e-06 8.70635e-07
0.541306 -1.18357e-07 -4.83852e-08 -1.14272e-06 9.10169e-07 -1.26108e-06 8.61783e-07
0.541496 -1.16188e-07 -4.84577e-08 -1.12751e-06 9.01271e-07 -1.2437e-06 8.52813e-07
0.541687 -1.14059e-07 -4.8512e-08 -1.11259e-06 8.92247e-07 -1.22665e-06 8.43735e-07
0.541878 -1.11971e-07 -4.85489e-08 -1.09794e-06 8.83109e-07 -1.20991e-06 8.34561e-07
0.542068 -1.09923e-07 -4.85691e-08 -1.08357e-06 8.73867e-07 -1.19349e-06 8.25298e-07
0.542259 -1.07913e-07 -4.85732e-08 -1.06946e-06 8.64532e-07 -1.17737e-06 8.15958e-07
0.54245 -1.05941e-07 -4.8562e-08 -1.05563e-06 8.55111e-07 -1.16157e-06 8.06549e-07
0.542641 -1.04007e-07 -4.85359e-08 -1.04206e-06 8.45616e-07 -1.14606e-06 7.9708e-07
0.542831 -1.02109e-07 -4.84958e-08 -1.02875e-06 8.36055e-07 -1.13086e-06 7.87559e-07
0.543022 -1.00247e-07 -4.8442e-08 -1.0157e-06 8.26436e-07 -1.11595e-06 7.77994e-07
0.543213 -9.84212e-08 -4.83753e-08 -1.0029e-06 8.16767e-07 -1.10132e-06 7.68392e-07
0.543404 -9.66298e-08 -4.82961e-08 -9.90361e-07 8.07056e-07 -1.08699e-06 7.58759e-07
0.543594 -9.48725e-08 -4.8205e-08 -9.78068e-07 7.97309e-07 -1.07294e-06 7.49104e-07
0.543785 -9.31487e-08 -4.81026e-08 -9.66019e-07 7.87535e-07 -1.05917e-06 7.39433e-07
0.543976 -9.14578e-08 -4.79893e-08 -9.54213e-07 7.7774e-07 -1.04567e-06 7.2975e-07
0.544167 -8.97991e-08 -4.78656e-08 -9.42646e-07 7.67929e-07 -1.03244e-06 7.20063e-07
0.544357 -8.81721e-08 -4.77319e-08 -9.31313e-07 7.58109e-07 -1.01948e-06 7.10377e-07
0.544548 -8.65761e-08 -4.75888e-08 -9.20212e-07 7.48285e-07 -1.00679e-06 7.00696e-07
0.544739 -8.50106e-08 -4.74367e-08 -9.09338e-07 7.38463e-07 -9.94349e-07 6.91026e-07
0.54493 -8.34749e-08 -4.72759e-08 -8.98689e-07 7.28647e-07 -9.82164e-07 6.81371e-07
0.54512 -8.19686e-08 -4.7107e-08 -8.88262e-07 7.18844e-07 -9.7023e-07 6.71737e-07
0.545311 -8.0491e-08 -4.69303e-08 -8.78051e-07 7.09056e-07 -9.58542e-07 6.62126e-07
0.545502 -7.90417e-08 -4.67461e-08 -8.68054e-07 6.99289e-07 -9.47096e-07 6.52543e-07
0.545692 -7.762e-08 -4.65549e-08 -8.58268e-07 6.89547e-07 -9.35888e-07 6.42992e-07
0.545883 -7.62255e-08 -4.6357e-08 -8.48689e-07 6.79833e-07 -9.24914e-07 6.33476e-07
0.546074 -7.48576e-08 -4.61528e-08 -8.39313e-07 6.70152e-07 -9.1417e-07 6.23999e-07
0.546265 -7.35157e-08 -4.59425e-08 -8.30136e-07 6.60506e-07 -9.03652e-07 6.14563e-07
0.546455 -7.21995e-08 -4.57265e-08 -8.21156e-07 6.50899e-07 -8.93356e-07 6.05172e-07
0.546646 -7.09084e-08 -4.55052e-08 -8.12369e-07 6.41333e-07 -8.83278e-07 5.95828e-07
0.546837 -6.96419e-08 -4.52788e-08 -8.03772e-07 6.31813e-07 -8.73414e-07 5.86534e-07
0.547028 -6.83996e-08 -4.50475e-08 -7.95361e-07 6.2234e-07 -8.6376e-07 5.77293e-07
0.547218 -6.71809e-08 -4.48118e-08 -7.87132e-07 6.12918e-07 -8.54313e-07 5.68106e-07
0.547409 -6.59855e-08 -4.45718e-08 -7.79083e-07 6.03547e-07 -8.45068e-07 5.58976e-07
0.5476 -6.48128e-08 -4.43278e-08 -7.7121e-07 5.94232e-07 -8.36023e-07 5.49904e-07
0.547791 -6.36624e-08 -4.40801e-08 -7.6351e-07 5.84973e-07 -8.27172e-07 5.40893e-07
0.547981 -6.25339e-08 -4.38288e-08 -7.55979e-07 5.75773e-07 -8.18513e-07 5.31945e-07
0.548172 -6.14269e-08 -4.35743e-08 -7.48614e-07 5.66634e-07 -8.10041e-07 5.2306e-07
0.548363 -6.03408e-08 -4.33167e-08 -7.41413e-07 5.57557e-07 -8.01754e-07 5.1424e-07
0.548553 -5.92755e-08 -4.30563e-08 -7.34372e-07 5.48544e-07 -7.93647e-07 5.05488e-07
0.548744 -5.82303e-08 -4.27932e-08 -7.27487e-07 5.39596e-07 -7.85718e-07 4.96803e-07
0.548935 -5.72049e-08 -4.25277e-08 -7.20757e-07 5.30715e-07 -7.77962e-07 4.88188e-07
0.549126 -5.6199e-08 -4.226e-08 -7.14177e-07 5.21902e-07 -7.70376e-07 4.79642e-07
0.549316 -5.52121e-08 -4.19902e-08 -7.07745e-07 5.13158e-07 -7.62957e-07 4.71168e-07
0.549507 -5.42439e-08 -4.17186e-08 -7.01457e-07 5.04484e-07 -7.55701e-07 4.62766e-07
0.549698 -5.32939e-08 -4.14452e-08 -6.95312e-07 4.95881e-07 -7.48606e-07 4.54436e-07
0.549889 -5.2362e-08 -4.11703e-08 -6.89305e-07 4.8735e-07 -7.41667e-07 4.4618e-07
0.550079 -5.14476e-08 -4.08939e-08 -6.83435e-07 4.78892e-07 -7.34882e-07 4.37998e-07
0.55027 -5.05504e-08 -4.06164e-08 -6.77697e-07 4.70507e-07 -7.28248e-07 4.29891e-07
0.550461 -4.96702e-08 -4.03377e-08 -6.72091e-07 4.62196e-07 -7.21761e-07 4.21859e-07
0.550652 -4.88065e-08 -4.00581e-08 -6.66612e-07 4.5396e-07 -7.15418e-07 4.13902e-07
0.550842 -4.79591e-08 -3.97777e-08 -6.61258e-07 4.45799e-07 -7.09217e-07 4.06021e-07
0.551033 -4.71275e-08 -3.94966e-08 -6.56027e-07 4.37713e-07 -7.03154e-07 3.98217e-07
0.551224 -4.63116e-08 -3.92149e-08 -6.50915e-07 4.29703e-07 -6.97227e-07 3.90489e-07
0.551414 -4.5511e-08 -3.89327e-08 -6.45921e-07 4.2177e-07 -6.91432e-07 3.82837e-07
0.551605 -4.47254e-08 -3.86502e-08 -6.41041e-07 4.13912e-07 -6.85767e-07 3.75262e-07
0.551796 -4.39545e-08 -3.83675e-08 -6.36274e-07 4.06131e-07 -6.80228e-07 3.67764e-07
0.551987 -4.31979e-08 -3.80847e-08 -6.31617e-07 3.98427e-07 -6.74814e-07 3.60342e-07
0.552177 -4.24555e-08 -3.78019e-08 -6.27066e-07 3.90799e-07 -6.69522e-07 3.52998e-07
0.552368 -4.1727e-08 -3.75191e-08 -6.22621e-07 3.83249e-07 -6.64348e-07 3.4573e-07
0.552559 -4.1012e-08 -3.72365e-08 -6.18279e-07 3.75775e-07 -6.59291e-07 3.38538e-07
0.55275 -4.03103e-08 -3.69541e-08 -6.14037e-07 3.68377e-07 -6.54347e-07 3.31423e-07
0.55294 -3.96217e-08 -3.66721e-08 -6.09893e-07 3.61057e-07 -6.49515e-07 3.24384e-07
0.553131 -3.89458e-08 -3.63904e-08 -6.05845e-07 3.53812e-07 -6.44791e-07 3.17422e-07
0.553322 -3.82825e-08 -3.61093e-08 -6.01891e-07 3.46644e-07 -6.40174e-07 3.10535e-07
0.553513 -3.76315e-08 -3.58288e-08 -5.98028e-07 3.39553e-07 -6.3566e-07 3.03724e-07
0.553703 -3.69925e-08 -3.55489e-08 -5.94255e-07 3.32537e-07 -6.31248e-07 2.96988e-07
0.553894 -3.63653e-08 -3.52696e-08 -5.9057e-07 3.25596e-07 -6.26935e-07 2.90327e-07
0.554085 -3.57497e-08 -3.49912e-08 -5.8697e-07 3.18731e-07 -6.22719e-07 2.8374e-07
0.554276 -3.51454e-08 -3.47136e-08 -5.83453e-07 3.11942e-07 -6.18598e-07 2.77228e-07
0.554466 -3.45522e-08 -3.44368e-08 -5.80017e-07 3.05226e-07 -6.1457e-07 2.70789e-07
0.554657 -3.397e-08 -3.4161e-08 -5.76662e-07 2.98585e-07 -6.10632e-07 2.64424e-07
0.554848 -3.33984e-08 -3.38862e-08 -5.73383e-07 2.92018e-07 -6.06782e-07 2.58132e-07
0.555038 -3.28373e-08 -3.36125e-08 -5.70181e-07 2.85525e-07 -6.03018e-07 2.51913e-07
0.555229 -3.22865e-08 -3.33398e-08 -5.67053e-07 2.79105e-07 -5.99339e-07 2.45765e-07
0.55542 -3.17458e-08 -3.30683e-08 -5.63996e-07 2.72757e-07 -5.95742e-07 2.39689e-07
0.555611 -3.12149e-08 -3.27979e-08 -5.61011e-07 2.66482e-07 -5.92226e-07 2.33684e-07
0.555801 -3.06937e-08 -3.25288e-08 -5.58094e-07 2.60278e-07 -5.88787e-07 2.27749e-07
0.555992 -3.0182e-08 -3.22609e-08 -5.55244e-07 2.54146e-07 -5.85426e-07 2.21885e-07
0.556183 -2.96796e-08 -3.19943e-08 -5.52459e-07 2.48084e-07 -5.82139e-07 2.1609e-07
0.556374 -2.91864e-08 -3.1729e-08 -5.49738e-07 2.42092e-07 -5.78925e-07 2.10363e-07
0.556564 -2.8702e-08 -3.14651e-08 -5.4708e-07 2.36171e-07 -5.75782e-07 2.04706e-07
0.556755 -2.82265e-08 -3.12026e-08 -5.44481e-07 2.30318e-07 -5.72708e-07 1.99115e-07
0.556946 -2.77595e-08 -3.09415e-08 -5.41942e-07 2.24534e-07 -5.69702e-07 1.93593e-07
0.557137 -2.7301e-08 -3.06819e-08 -5.39461e-07 2.18818e-07 -5.66762e-07 1.88136e-07
0.557327 -2.68507e-08 -3.04237e-08 -5.37036e-07 2.1317e-07 -5.63886e-07 1.82746e-07
0.557518 -2.64086e-08 -3.0167e-08 -5.34665e-07 2.07588e-07 -5.61074e-07 1.77421e-07
0.557709 -2.59744e-08 -2.99118e-08 -5.32348e-07 2.02073e-07 -5.58322e-07 1.72161e-07
0.557899 -2.5548e-08 -2.96582e-08 -5.30082e-07 1.96624e-07 -5.5563e-07 1.66965e-07
0.55809 -2.51292e-08 -2.94061e-08 -5.27867e-07 1.91239e-07 -5.52996e-07 1.61833e-07
0.558281 -2.4718e-08 -2.91556e-08 -5.25701e-07 1.8592e-07 -5.50419e-07 1.56764e-07
0.558472 -2.43141e-08 -2.89067e-08 -5.23583e-07 1.80664e-07 -5.47897e-07 1.51757e-07
0.558662 -2.39174e-08 -2.86594e-08 -5.21511e-07 1.75472e-07 -5.45429e-07 1.46812e-07
0.558853 -2.35277e-08 -2.84137e-08 -5.19485e-07 1.70342e-07 -5.43013e-07 1.41928e-07
0.559044 -2.3145e-08 -2.81696e-08 -5.17503e-07 1.65275e-07 -5.40648e-07 1.37105e-07
0.559235 -2.27691e-08 -2.79272e-08 -5.15564e-07 1.60269e-07 -5.38333e-07 1.32341e-07
0.559425 -2.23999e-08 -2.76864e-08 -5.13666e-07 1.55324e-07 -5.36066e-07 1.27637e-07
0.559616 -2.20372e-08 -2.74473e-08 -5.11809e-07 1.50439e-07 -5.33847e-07 1.22992e-07
0.559807 -2.1681e-08 -2.72099e-08 -5.09992e-07 1.45614e-07 -5.31673e-07 1.18404e-07
0.559998 -2.1331e-08 -2.69742e-08 -5.08212e-07 1.40848e-07 -5.29543e-07 1.13874e-07
0.560188 -2.09872e-08 -2.67401e-08 -5.0647e-07 1.36141e-07 -5.27458e-07 1.094e-07
0.560379 -2.06494e-08 -2.65078e-08 -5.04764e-07 1.31491e-07 -5.25414e-07 1.04983e-07
0.56057 -2.03176e-08 -2.62771e-08 -5.03094e-07 1.26898e-07 -5.23411e-07 1.00621e-07
0.56076 -1.99916e-08 -2.60481e-08 -5.01457e-07 1.22363e-07 -5.21448e-07 9.63145e-08
0.560951 -1.96714e-08 -2.58209e-08 -4.99853e-07 1.17883e-07 -5.19524e-07 9.2062e-08
0.561142 -1.93567e-08 -2.55953e-08 -4.98281e-07 1.13458e-07 -5.17638e-07 8.78631e-08
0.561333 -1.90475e-08 -2.53715e-08 -4.96741e-07 1.09089e-07 -5.15788e-07 8.37173e-08
0.561523 -1.87437e-08 -2.51494e-08 -4.95231e-07 1.04773e-07 -5.13974e-07 7.96239e-08
0.561714 -1.84453e-08 -2.4929e-08 -4.9375e-07 1.00511e-07 -5.12195e-07 7.55824e-08
0.561905 -1.8152e-08 -2.47103e-08 -4.92297e-07 9.63024e-08 -5.10449e-07 7.15921e-08
0.562096 -1.78638e-08 -2.44933e-08 -4.90872e-07 9.21458e-08 -5.08736e-07 6.76525e-08
0.562286 -1.75806e-08 -2.4278e-08 -4.89473e-07 8.80409e-08 -5.07054e-07 6.37629e-08
0.562477 -1.73023e-08 -2.40645e-08 -4.881e-07 8.39872e-08 -5.05403e-07 5.99228e-08
0.562668 -1.70288e-08 -2.38526e-08 -4.86752e-07 7.99841e-08 -5.03781e-07 5.61315e-08
0.562859 -1.676e-08 -2.36425e-08 -4.85429e-07 7.6031e-08 -5.02189e-07 5.23885e-08
0.563049 -1.64959e-08 -2.3434e-08 -4.84128e-07 7.21273e-08 -5.00624e-07 4.86932e-08
0.56324 -1.62363e-08 -2.32273e-08 -4.8285e-07 6.82723e-08 -4.99087e-07 4.50451e-08
0.563431 -1.59811e-08 -2.30222e-08 -4.81594e-07 6.44657e-08 -4.97575e-07 4.14435e-08
0.563622 -1.57304e-08 -2.28188e-08 -4.80359e-07 6.07067e-08 -4.9609e-07 3.78879e-08
0.563812 -1.54839e-08 -2.26171e-08 -4.79145e-07 5.69948e-08 -4.94629e-07 3.43777e-08
0.564003 -1.52416e-08 -2.24171e-08 -4.7795e-07 5.33294e-08 -4.93191e-07 3.09123e-08
0.564194 -1.50035e-08 -2.22188e-08 -4.76773e-07 4.97101e-08 -4.91777e-07 2.74913e-08
0.564384 -1.47694e-08 -2.20221e-08 -4.75615e-07 4.61361e-08 -4.90385e-07 2.4114e-08
0.564575 -1.45394e-08 -2.18271e-08 -4.74475e-07 4.2607e-08 -4.89014e-07 2.07799e-08
0.564766 -1.43132e-08 -2.16338e-08 -4.73351e-07 3.91223e-08 -4.87665e-07 1.74885e-08
0.564957 -1.40908e-08 -2.1442e-08 -4.72244e-07 3.56813e-08 -4.86335e-07 1.42393e-08
0.565147 -1.38723e-08 -2.1252e-08 -4.71153e-07 3.22836e-08 -4.85025e-07 1.10316e-08
0.565338 -1.36574e-08 -2.10635e-08 -4.70076e-07 2.89286e-08 -4.83733e-07 7.86504e-09
0.565529 -1.34461e-08 -2.08767e-08 -4.69014e-07 2.56158e-08 -4.8246e-07 4.73903e-09
0.56572 -1.32384e-08 -2.06915e-08 -4.67966e-07 2.23446e-08 -4.81204e-07 1.65306e-09
0.56591 -1.30342e-08 -2.0508e-08 -4.6693e-07 1.91146e-08 -4.79965e-07 -1.39337e-09
0.566101 -1.28335e-08 -2.0326e-08 -4.65908e-07 1.59252e-08 -4.78742e-07 -4.40077e-09
0.566292 -1.26361e-08 -2.01456e-08 -4.64898e-07 1.27759e-08 -4.77534e-07 -7.36964e-09
0.566483 -1.2442e-08 -1.99668e-08 -4.63899e-07 9.66629e-09 -4.76341e-07 -1.03005e-08
0.566673 -1.22511e-08 -1.97895e-08 -4.62912e-07 6.59577e-09 -4.75163e-07 -1.31938e-08
0.566864 -1.20634e-08 -1.96138e-08 -4.61935e-07 3.56388e-09 -4.73998e-07 -1.605e-08
0.567055 -1.18789e-08 -1.94397e-08 -4.60968e-07 5.70127e-10 -4.72847e-07 -1.88696e-08
0.567245 -1.16974e-08 -1.92672e-08 -4.6001e-07 -2.38596e-09 -4.71708e-07 -2.16531e-08
0.567436 -1.1519e-08 -1.90961e-08 -4.59062e-07 -5.30487e-09 -4.70581e-07 -2.4401e-08
0.567627 -1.13435e-08 -1.89266e-08 -4.58123e-07 -8.18707e-09 -4.69466e-07 -2.71137e-08
0.567818 -1.11709e-08 -1.87586e-08 -4.57191e-07 -1.1033e-08 -4.68362e-07 -2.97917e-08
0.568008 -1.10012e-08 -1.85921e-08 -4.56267e-07 -1.38432e-08 -4.67269e-07 -3.24354e-08
0.568199 -1.08342e-08 -1.84271e-08 -4.55351e-07 -1.66181e-08 -4.66185e-07 -3.50452e-08
0.56839 -1.067e-08 -1.82636e-08 -4.54441e-07 -1.93581e-08 -4.65111e-07 -3.76217e-08
0.568581 -1.05085e-08 -1.81016e-08 -4.53538e-07 -2.20637e-08 -4.64047e-07 -4.01653e-08
0.568771 -1.03497e-08 -1.79411e-08 -4.52641e-07 -2.47353e-08 -4.62991e-07 -4.26763e-08
0.568962 -1.01935e-08 -1.7782e-08 -4.51749e-07 -2.73733e-08 -4.61943e-07 -4.51553e-08
0.569153 -1.00398e-08 -1.76243e-08 -4.50863e-07 -2.99783e-08 -4.60903e-07 -4.76026e-08
0.569344 -9.88867e-09 -1.74681e-08 -4.49982e-07 -3.25505e-08 -4.5987e-07 -5.00186e-08
0.569534 -9.73998e-09 -1.73133e-08 -4.49105e-07 -3.50906e-08 -4.58845e-07 -5.24038e-08
0.569725 -9.59371e-09 -1.71599e-08 -4.48232e-07 -3.75987e-08 -4.57825e-07 -5.47586e-08
0.569916 -9.44983e-09 -1.70079e-08 -4.47362e-07 -4.00755e-08 -4.56812e-07 -5.70834e-08
0.570107 -9.30828e-09 -1.68573e-08 -4.46497e-07 -4.25212e-08 -4.55805e-07 -5.93785e-08
0.570297 -9.16903e-09 -1.67081e-08 -4.45634e-07 -4.49363e-08 -4.54803e-07 -6.16445e-08
0.570488 -9.03203e-09 -1.65603e-08 -4.44774e-07 -4.73212e-08 -4.53806e-07 -6.38815e-08
0.570679 -8.89725e-09 -1.64138e-08 -4.43916e-07 -4.96763e-08 -4.52813e-07 -6.60901e-08
0.570869 -8.76465e-09 -1.62687e-08 -4.43061e-07 -5.20019e-08 -4.51825e-07 -6.82706e-08
0.57106 -8.63418e-09 -1.61249e-08 -4.42207e-07 -5.42985e-08 -4.50841e-07 -7.04234e-08
0.571251 -8.50581e-09 -1.59825e-08 -4.41354e-07 -5.65664e-08 -4.4986e-07 -7.25489e-08
0.571442 -8.3795e-09 -1.58413e-08 -4.40503e-07 -5.8806e-08 -4.48883e-07 -7.46474e-08
0.571632 -8.25522e-09 -1.57015e-08 -4.39653e-07 -6.10177e-08 -4.47908e-07 -7.67192e-08
0.571823 -8.13293e-09 -1.5563e-08 -4.38803e-07 -6.32018e-08 -4.46936e-07 -7.87648e-08
0.572014 -8.0126e-09 -1.54258e-08 -4.37954e-07 -6.53587e-08 -4.45966e-07 -8.07845e-08
0.572205 -7.89418e-09 -1.52898e-08 -4.37104e-07 -6.74888e-08 -4.44998e-07 -8.27786e-08
0.572395 -7.77766e-09 -1.51551e-08 -4.36254e-07 -6.95923e-08 -4.44032e-07 -8.47474e-08
0.572586 -7.66299e-09 -1.50216e-08 -4.35404e-07 -7.16697e-08 -4.43067e-07 -8.66914e-08
0.572777 -7.55014e-09 -1.48894e-08 -4.34553e-07 -7.37214e-08 -4.42104e-07 -8.86108e-08
0.572968 -7.43909e-09 -1.47585e-08 -4.33702e-07 -7.57475e-08 -4.41141e-07 -9.0506e-08
0.573158 -7.32979e-09 -1.46287e-08 -4.32848e-07 -7.77485e-08 -4.40178e-07 -9.23772e-08
0.573349 -7.22222e-09 -1.45002e-08 -4.31994e-07 -7.97247e-08 -4.39216e-07 -9.42249e-08
0.57354 -7.11635e-09 -1.43728e-08 -4.31138e-07 -8.16764e-08 -4.38254e-07 -9.60493e-08
0.57373 -7.01215e-09 -1.42467e-08 -4.30279e-07 -8.3604e-08 -4.37292e-07 -9.78507e-08
0.573921 -6.90959e-09 -1.41217e-08 -4.29419e-07 -8.55077e-08 -4.36329e-07 -9.96294e-08
0.574112 -6.80865e-09 -1.39979e-08 -4.28557e-07 -8.73879e-08 -4.35365e-07 -1.01386e-07
0.574303 -6.70928e-09 -1.38753e-08 -4.27691e-07 -8.92449e-08 -4.34401e-07 -1.0312e-07
0.574493 -6.61148e-09 -1.37538e-08 -4.26823e-07 -9.10789e-08 -4.33435e-07 -1.04833e-07
0.574684 -6.51521e-09 -1.36335e-08 -4.25953e-07 -9.28904e-08 -4.32468e-07 -1.06524e-07
0.574875 -6.42044e-09 -1.35143e-08 -4.25079e-07 -9.46795e-08 -4.31499e-07 -1.08194e-07
0.575066 -6.32715e-09 -1.33962e-08 -4.24201e-07 -9.64466e-08 -4.30528e-07 -1.09843e-07
0.575256 -6.23531e-09 -1.32792e-08 -4.2332e-07 -9.8192e-08 -4.29556e-07 -1.11471e-07
0.575447 -6.1449e-09 -1.31633e-08 -4.22436e-07 -9.99159e-08 -4.28581e-07 -1.13079e-07
0.575638 -6.05589e-09 -1.30485e-08 -4.21548e-07 -1.01619e-07 -4.27604e-07 -1.14667e-07
0.575829 -5.96827e-09 -1.29348e-08 -4.20655e-07 -1.033e-07 -4.26624e-07 -1.16235e-07
0.576019 -5.882e-09 -1.28221e-08 -4.19759e-07 -1.04962e-07 -4.25641e-07 -1.17784e-07
0.57621 -5.79707e-09 -1.27105e-08 -4.18858e-07 -1.06603e-07 -4.24655e-07 -1.19313e-07
0.576401 -5.71345e-09 -1.26e-08 -4.17952e-07 -1.08223e-07 -4.23666e-07 -1.20823e-07
0.576591 -5.63111e-09 -1.24905e-08 -4.17042e-07 -1.09824e-07 -4.22673e-07 -1.22315e-07
0.576782 -5.55005e-09 -1.2382e-08 -4.16127e-07 -1.11406e-07 -4.21678e-07 -1.23788e-07
0.576973 -5.47023e-09 -1.22746e-08 -4.15208e-07 -1.12968e-07 -4.20678e-07 -1.25243e-07
0.577164 -5.39163e-09 -1.21681e-08 -4.14283e-07 -1.14511e-07 -4.19674e-07 -1.26679e-07
0.577354 -5.31424e-09 -1.20627e-08 -4.13353e-07 -1.16035e-07 -4.18667e-07 -1.28098e-07
0.577545 -5.23804e-09 -1.19583e-08 -4.12417e-07 -1.17541e-07 -4.17655e-07 -1.29499e-07
0.577736 -5.163e-09 -1.18548e-08 -4.11476e-07 -1.19028e-07 -4.16639e-07 -1.30883e-07
0.577927 -5.0891e-09 -1.17523e-08 -4.1053e-07 -1.20498e-07 -4.15619e-07 -1.3225e-07
0.578117 -5.01633e-09 -1.16508e-08 -4.09577e-07 -1.21949e-07 -4.14594e-07 -1.336e-07
0.578308 -4.94466e-09 -1.15502e-08 -4.08619e-07 -1.23383e-07 -4.13564e-07 -1.34933e-07
0.578499 -4.87409e-09 -1.14506e-08 -4.07655e-07 -1.248e-07 -4.12529e-07 -1.3625e-07
0.57869 -4.80458e-09 -1.13519e-08 -4.06685e-07 -1.26199e-07 -4.11489e-07 -1.37551e-07
0.57888 -4.73613e-09 -1.12542e-08 -4.05708e-07 -1.27582e-07 -4.10445e-07 -1.38836e-07
0.579071 -4.66871e-09 -1.11573e-08 -4.04726e-07 -1.28947e-07 -4.09394e-07 -1.40105e-07
0.579262 -4.60231e-09 -1.10614e-08 -4.03737e-07 -1.30297e-07 -4.08339e-07 -1.41358e-07
0.579453 -4.53692e-09 -1.09664e-08 -4.02741e-07 -1.3163e-07 -4.07278e-07 -1.42596e-07
0.579643 -4.4725e-09 -1.08723e-08 -4.01739e-07 -1.32946e-07 -4.06211e-07 -1.43819e-07
0.579834 -4.40906e-09 -1.0779e-08 -4.0073e-07 -1.34248e-07 -4.05139e-07 -1.45027e-07
0.580025 -4.34657e-09 -1.06867e-08 -3.99715e-07 -1.35533e-07 -4.04061e-07 -1.4622e-07
0.580215 -4.28501e-09 -1.05952e-08 -3.98692e-07 -1.36803e-07 -4.02977e-07 -1.47398e-07
0.580406 -4.22438e-09 -1.05045e-08 -3.97663e-07 -1.38058e-07 -4.01887e-07 -1.48562e-07
0.580597 -4.16465e-09 -1.04147e-08 -3.96626e-07 -1.39297e-07 -4.00791e-07 -1.49712e-07
0.580788 -4.10582e-09 -1.03258e-08 -3.95583e-07 -1.40522e-07 -3.99688e-07 -1.50848e-07
0.580978 -4.04786e-09 -1.02377e-08 -3.94532e-07 -1.41732e-07 -3.9858e-07 -1.5197e-07
0.581169 -3.99076e-09 -1.01504e-08 -3.93474e-07 -1.42928e-07 -3.97465e-07 -1.53078e-07
0.58136 -3.93452e-09 -1.00639e-08 -3.92408e-07 -1.44109e-07 -3.96343e-07 -1.54173e-07
0.581551 -3.87911e-09 -9.97828e-09 -3.91336e-07 -1.45276e-07 -3.95215e-07 -1.55255e-07
0.581741 -3.82452e-09 -9.89343e-09 -3.90255e-07 -1.4643e-07 -3.9408e-07 -1.56323e-07
0.581932 -3.77074e-09 -9.80938e-09 -3.89168e-07 -1.47569e-07 -3.92938e-07 -1.57379e-07
0.582123 -3.71775e-09 -9.72611e-09 -3.88072e-07 -1.48695e-07 -3.9179e-07 -1.58422e-07
0.582314 -3.66555e-09 -9.64362e-09 -3.86969e-07 -1.49808e-07 -3.90635e-07 -1.59452e-07
0.582504 -3.61411e-09 -9.5619e-09 -3.85858e-07 -1.50907e-07 -3.89472e-07 -1.60469e-07
0.582695 -3.56344e-09 -9.48095e-09 -3.8474e-07 -1.51994e-07 -3.88303e-07 -1.61475e-07
0.582886 -3.51351e-09 -9.40076e-09 -3.83613e-07 -1.53067e-07 -3.87127e-07 -1.62468e-07
0.583076 -3.46431e-09 -9.32131e-09 -3.82479e-07 -1.54128e-07 -3.85943e-07 -1.63449e-07
0.583267 -3.41583e-09 -9.24261e-09 -3.81337e-07 -1.55176e-07 -3.84753e-07 -1.64419e-07
0.583458 -3.36807e-09 -9.16464e-09 -3.80187e-07 -1.56212e-07 -3.83555e-07 -1.65377e-07
0.583649 -3.321e-09 -9.0874e-09 -3.79028e-07 -1.57235e-07 -3.82349e-07 -1.66323e-07
0.583839 -3.27462e-09 -9.01088e-09 -3.77862e-07 -1.58247e-07 -3.81137e-07 -1.67258e-07
0.58403 -3.22891e-09 -8.93507e-09 -3.76688e-07 -1.59246e-07 -3.79917e-07 -1.68181e-07
0.584221 -3.18387e-09 -8.85997e-09 -3.75505e-07 -1.60234e-07 -3.78689e-07 -1.69094e-07
0.584412 -3.13949e-09 -8.78556e-09 -3.74314e-07 -1.6121e-07 -3.77454e-07 -1.69996e-07
0.584602 -3.09575e-09 -8.71186e-09 -3.73115e-07 -1.62175e-07 -3.76211e-07 -1.70887e-07
0.584793 -3.05265e-09 -8.63883e-09 -3.71908e-07 -1.63128e-07 -3.74961e-07 -1.71767e-07
0.584984 -3.01017e-09 -8.56649e-09 -3.70692e-07 -1.6407e-07 -3.73702e-07 -1.72636e-07
0.585175 -2.9683e-09 -8.49481e-09 -3.69468e-07 -1.65001e-07 -3.72437e-07 -1.73496e-07
0.585365 -2.92704e-09 -8.42381e-09 -3.68236e-07 -1.65921e-07 -3.71163e-07 -1.74345e-07
0.585556 -2.88638e-09 -8.35346e-09 -3.66995e-07 -1.6683e-07 -3.69882e-07 -1.75184e-07
0.585747 -2.8463e-09 -8.28376e-09 -3.65746e-07 -1.67729e-07 -3.68593e-07 -1.76012e-07
0.585938 -2.8068e-09 -8.21471e-09 -3.64489e-07 -1.68617e-07 -3.67295e-07 -1.76831e-07
0.586128 -2.76787e-09 -8.1463e-09 -3.63223e-07 -1.69494e-07 -3.6599e-07 -1.77641e-07
0.586319 -2.72949e-09 -8.07852e-09 -3.61948e-07 -1.70362e-07 -3.64677e-07 -1.7844e-07
0.58651 -2.69167e-09 -8.01137e-09 -3.60665e-07 -1.71219e-07 -3.63357e-07 -1.7923e-07
0.5867 -2.65439e-09 -7.94484e-09 -3.59373e-07 -1.72066e-07 -3.62028e-07 -1.80011e-07
0.586891 -2.61764e-09 -7.87893e-09 -3.58073e-07 -1.72904e-07 -3.60691e-07 -1.80783e-07
0.587082 -2.58141e-09 -7.81362e-09 -3.56764e-07 -1.73731e-07 -3.59346e-07 -1.81545e-07
0.587273 -2.54571e-09 -7.74892e-09 -3.55447e-07 -1.74549e-07 -3.57993e-07 -1.82298e-07
0.587463 -2.51051e-09 -7.68481e-09 -3.54121e-07 -1.75358e-07 -3.56632e-07 -1.83043e-07
0.587654 -2.47581e-09 -7.62129e-09 -3.52787e-07 -1.76157e-07 -3.55262e-07 -1.83778e-07
0.587845 -2.44161e-09 -7.55836e-09 -3.51443e-07 -1.76947e-07 -3.53885e-07 -1.84505e-07
0.588036 -2.40789e-09 -7.49601e-09 -3.50092e-07 -1.77727e-07 -3.52499e-07 -1.85223e-07
0.588226 -2.37465e-09 -7.43423e-09 -3.48731e-07 -1.78499e-07 -3.51106e-07 -1.85933e-07
0.588417 -2.34188e-09 -7.37301e-09 -3.47362e-07 -1.79261e-07 -3.49704e-07 -1.86634e-07
0.588608 -2.30957e-09 -7.31236e-09 -3.45984e-07 -1.80015e-07 -3.48294e-07 -1.87327e-07
0.588799 -2.27772e-09 -7.25227e-09 -3.44598e-07 -1.8076e-07 -3.46875e-07 -1.88012e-07
0.588989 -2.24632e-09 -7.19272e-09 -3.43203e-07 -1.81496e-07 -3.45449e-07 -1.88689e-07
0.58918 -2.21537e-09 -7.13372e-09 -3.41799e-07 -1.82224e-07 -3.44014e-07 -1.89358e-07
0.589371 -2.18484e-09 -7.07526e-09 -3.40386e-07 -1.82944e-07 -3.42571e-07 -1.90019e-07
0.589561 -2.15475e-09 -7.01734e-09 -3.38965e-07 -1.83655e-07 -3.4112e-07 -1.90672e-07
0.589752 -2.12508e-09 -6.95994e-09 -3.37535e-07 -1.84358e-07 -3.3966e-07 -1.91318e-07
0.589943 -2.09583e-09 -6.90307e-09 -3.36097e-07 -1.85052e-07 -3.38192e-07 -1.91955e-07
0.590134 -2.06698e-09 -6.84672e-09 -3.34649e-07 -1.85739e-07 -3.36716e-07 -1.92586e-07
0.590324 -2.03854e-09 -6.79088e-09 -3.33193e-07 -1.86418e-07 -3.35232e-07 -1.93209e-07
0.590515 -2.0105e-09 -6.73555e-09 -3.31729e-07 -1.87089e-07 -3.33739e-07 -1.93824e-07
0.590706 -1.98285e-09 -6.68072e-09 -3.30256e-07 -1.87752e-07 -3.32238e-07 -1.94433e-07
0.590897 -1.95558e-09 -6.6264e-09 -3.28774e-07 -1.88408e-07 -3.30729e-07 -1.95034e-07
0.591087 -1.92869e-09 -6.57256e-09 -3.27283e-07 -1.89056e-07 -3.29212e-07 -1.95628e-07
0.591278 -1.90218e-09 -6.51922e-09 -3.25784e-07 -1.89696e-07 -3.27686e-07 -1.96216e-07
0.591469 -1.87604e-09 -6.46635e-09 -3.24276e-07 -1.90329e-07 -3.26152e-07 -1.96796e-07
0.59166 -1.85026e-09 -6.41397e-09 -3.2276e-07 -1.90955e-07 -3.2461e-07 -1.97369e-07
0.59185 -1.82484e-09 -6.36206e-09 -3.21234e-07 -1.91574e-07 -3.23059e-07 -1.97936e-07
0.592041 -1.79976e-09 -6.31062e-09 -3.19701e-07 -1.92186e-07 -3.215e-07 -1.98496e-07
0.592232 -1.77504e-09 -6.25965e-09 -3.18158e-07 -1.9279e-07 -3.19933e-07 -1.9905e-07
0.592422 -1.75066e-09 -6.20913e-09 -3.16607e-07 -1.93388e-07 -3.18358e-07 -1.99597e-07
0.592613 -1.72661e-09 -6.15908e-09 -3.15048e-07 -1.93978e-07 -3.16775e-07 -2.00137e-07
0.592804 -1.7029e-09 -6.10947e-09 -3.1348e-07 -1.94562e-07 -3.15183e-07 -2.00672e-07
0.592995 -1.67951e-09 -6.06031e-09 -3.11903e-07 -1.95139e-07 -3.13583e-07 -2.012e-07
0.593185 -1.65644e-09 -6.01159e-09 -3.10318e-07 -1.9571e-07 -3.11975e-07 -2.01722e-07
0.593376 -1.63369e-09 -5.96331e-09 -3.08725e-07 -1.96274e-07 -3.10358e-07 -2.02237e-07
0.593567 -1.61126e-09 -5.91547e-09 -3.07122e-07 -1.96832e-07 -3.08734e-07 -2.02747e-07
0.593758 -1.58913e-09 -5.86805e-09 -3.05512e-07 -1.97383e-07 -3.07101e-07 -2.03251e-07
0.593948 -1.5673e-09 -5.82106e-09 -3.03893e-07 -1.97927e-07 -3.0546e-07 -2.03748e-07
0.594139 -1.54577e-09 -5.77449e-09 -3.02265e-07 -1.98466e-07 -3.03811e-07 -2.0424e-07
0.59433 -1.52454e-09 -5.72834e-09 -3.00629e-07 -1.98998e-07 -3.02154e-07 -2.04727e-07
0.594521 -1.5036e-09 -5.6826e-09 -2.98985e-07 -1.99524e-07 -3.00489e-07 -2.05207e-07
0.594711 -1.48294e-09 -5.63727e-09 -2.97332e-07 -2.00045e-07 -2.98815e-07 -2.05682e-07
0.594902 -1.46257e-09 -5.59234e-09 -2.95671e-07 -2.00559e-07 -2.97134e-07 -2.06151e-07
0.595093 -1.44247e-09 -5.54782e-09 -2.94002e-07 -2.01067e-07 -2.95444e-07 -2.06615e-07
0.595284 -1.42264e-09 -5.50369e-09 -2.92324e-07 -2.01569e-07 -2.93747e-07 -2.07073e-07
0.595474 -1.40309e-09 -5.45995e-09 -2.90638e-07 -2.02066e-07 -2.92041e-07 -2.07526e-07
0.595665 -1.3838e-09 -5.41661e-09 -2.88944e-07 -2.02557e-07 -2.90328e-07 -2.07973e-07
0.595856 -1.36477e-09 -5.37364e-09 -2.87242e-07 -2.03042e-07 -2.88606e-07 -2.08416e-07
0.596046 -1.346e-09 -5.33107e-09 -2.85531e-07 -2.03522e-07 -2.86877e-07 -2.08853e-07
0.596237 -1.32748e-09 -5.28886e-09 -2.83812e-07 -2.03996e-07 -2.8514e-07 -2.09285e-07
0.596428 -1.30921e-09 -5.24704e-09 -2.82085e-07 -2.04464e-07 -2.83394e-07 -2.09711e-07
0.596619 -1.29119e-09 -5.20558e-09 -2.8035e-07 -2.04928e-07 -2.81641e-07 -2.10133e-07
0.596809 -1.27342e-09 -5.16449e-09 -2.78607e-07 -2.05386e-07 -2.7988e-07 -2.1055e-07
0.597 -1.25588e-09 -5.12376e-09 -2.76855e-07 -2.05838e-07 -2.78111e-07 -2.10962e-07
0.597191 -1.23858e-09 -5.08339e-09 -2.75096e-07 -2.06286e-07 -2.76335e-07 -2.11369e-07
0.597382 -1.22151e-09 -5.04338e-09 -2.73329e-07 -2.06728e-07 -2.7455e-07 -2.11771e-07
0.597572 -1.20467e-09 -5.00372e-09 -2.71553e-07 -2.07165e-07 -2.72758e-07 -2.12169e-07
0.597763 -1.18806e-09 -4.96441e-09 -2.6977e-07 -2.07597e-07 -2.70958e-07 -2.12561e-07
0.597954 -1.17167e-09 -4.92545e-09 -2.67979e-07 -2.08024e-07 -2.6915e-07 -2.12949e-07
0.598145 -1.1555e-09 -4.88683e-09 -2.6618e-07 -2.08446e-07 -2.67335e-07 -2.13333e-07
0.598335 -1.13954e-09 -4.84854e-09 -2.64373e-07 -2.08863e-07 -2.65512e-07 -2.13712e-07
0.598526 -1.1238e-09 -4.8106e-09 -2.62558e-07 -2.09275e-07 -2.63682e-07 -2.14086e-07
0.598717 -1.10827e-09 -4.77298e-09 -2.60735e-07 -2.09683e-07 -2.61844e-07 -2.14456e-07
0.598907 -1.09295e-09 -4.7357e-09 -2.58905e-07 -2.10086e-07 -2.59998e-07 -2.14821e-07
0.599098 -1.07783e-09 -4.69874e-09 -2.57067e-07 -2.10484e-07 -2.58145e-07 -2.15183e-07
0.599289 -1.06291e-09 -4.6621e-09 -2.55221e-07 -2.10877e-07 -2.56284e-07 -2.15539e-07
0.59948 -1.0482e-09 -4.62579e-09 -2.53368e-07 -2.11266e-07 -2.54416e-07 -2.15892e-07
0.59967 -1.03367e-09 -4.58979e-09 -2.51507e-07 -2.11651e-07 -2.5254e-07 -2.1624e-07
