0.449896 4.67384e-09 3.1993e-09 1.96769e-08 4.55359e-08 2.43507e-08 4.87353e-08
0.450134 4.79367e-09 3.29585e-09 2.01267e-08 4.64101e-08 2.49203e-08 4.9706e-08
0.450373 4.91676e-09 3.39552e-09 2.05864e-08 4.73001e-08 2.55032e-08 5.06956e-08
0.450611 5.0432e-09 3.49842e-09 2.10563e-08 4.82061e-08 2.60995e-08 5.17045e-08
0.45085 5.1731e-09 3.60468e-09 2.15365e-08 4.91281e-08 2.67096e-08 5.27328e-08
0.451088 5.30653e-09 3.71439e-09 2.20272e-08 5.00665e-08 2.73337e-08 5.37809e-08
0.451326 5.44361e-09 3.82768e-09 2.25285e-08 5.10214e-08 2.79722e-08 5.48491e-08
0.451565 5.58443e-09 3.94467e-09 2.30407e-08 5.19929e-08 2.86251e-08 5.59376e-08
0.451803 5.7291e-09 4.06548e-09 2.35638e-08 5.29812e-08 2.92929e-08 5.70467e-08
0.452042 5.87773e-09 4.19026e-09 2.40981e-08 5.39864e-08 2.99758e-08 5.81767e-08
0.45228 6.03041e-09 4.31912e-09 2.46437e-08 5.50087e-08 3.06741e-08 5.93279e-08
0.452518 6.18727e-09 4.45222e-09 2.52008e-08 5.60483e-08 3.1388e-08 6.05005e-08
0.452757 6.34842e-09 4.58969e-09 2.57694e-08 5.71051e-08 3.21178e-08 6.16948e-08
0.452995 6.51398e-09 4.7317e-09 2.63498e-08 5.81793e-08 3.28638e-08 6.2911e-08
0.453234 6.68406e-09 4.87838e-09 2.69421e-08 5.92711e-08 3.36262e-08 6.41495e-08
0.453472 6.8588e-09 5.02991e-09 2.75465e-08 6.03804e-08 3.44053e-08 6.54103e-08
0.453711 7.03831e-09 5.18644e-09 2.81629e-08 6.15074e-08 3.52012e-08 6.66939e-08
0.453949 7.22273e-09 5.34816e-09 2.87917e-08 6.26521e-08 3.60144e-08 6.80003e-08
0.454187 7.41219e-09 5.51523e-09 2.94328e-08 6.38146e-08 3.6845e-08 6.93298e-08
0.454426 7.60683e-09 5.68785e-09 3.00864e-08 6.49947e-08 3.76932e-08 7.06826e-08
0.454664 7.80679e-09 5.86619e-09 3.07526e-08 6.61926e-08 3.85593e-08 7.20588e-08
0.454903 8.0122e-09 6.05047e-09 3.14313e-08 6.74082e-08 3.94436e-08 7.34587e-08
0.455141 8.22322e-09 6.24087e-09 3.21228e-08 6.86415e-08 4.03461e-08 7.48823e-08
0.455379 8.44e-09 6.43761e-09 3.2827e-08 6.98923e-08 4.1267e-08 7.63299e-08
0.455618 8.66268e-09 6.64091e-09 3.3544e-08 7.11606e-08 4.22067e-08 7.78015e-08
0.455856 8.89142e-09 6.85099e-09 3.42738e-08 7.24462e-08 4.31652e-08 7.92972e-08
0.456095 9.12638e-09 7.06807e-09 3.50163e-08 7.3749e-08 4.41427e-08 8.0817e-08
0.456333 9.36773e-09 7.29241e-09 3.57716e-08 7.50687e-08 4.51394e-08 8.23611e-08
0.456572 9.61563e-09 7.52425e-09 3.65396e-08 7.64052e-08 4.61552e-08 8.39295e-08
0.45681 9.87025e-09 7.76384e-09 3.73202e-08 7.77582e-08 4.71904e-08 8.55221e-08
0.457048 1.01318e-08 8.01144e-09 3.81133e-08 7.91274e-08 4.82451e-08 8.71389e-08
0.457287 1.04003e-08 8.26734e-09 3.89188e-08 8.05124e-08 4.93191e-08 8.87798e-08
0.457525 1.06762e-08 8.5318e-09 3.97365e-08 8.19129e-08 5.04127e-08 9.04447e-08
0.457764 1.09594e-08 8.80511e-09 4.05663e-08 8.33284e-08 5.15257e-08 9.21335e-08
0.458002 1.12503e-08 9.08759e-09 4.14078e-08 8.47584e-08 5.26581e-08 9.3846e-08
0.458241 1.1549e-08 9.37953e-09 4.22609e-08 8.62024e-08 5.38099e-08 9.55819e-08
0.458479 1.18557e-08 9.68126e-09 4.31252e-08 8.76598e-08 5.49809e-08 9.73411e-08
0.458717 1.21706e-08 9.9931e-09 4.40003e-08 8.913e-08 5.61709e-08 9.91231e-08
0.458956 1.24939e-08 1.03154e-08 4.48859e-08 9.06122e-08 5.73798e-08 1.00928e-07
0.459194 1.28258e-08 1.06485e-08 4.57816e-08 9.21056e-08 5.86073e-08 1.02754e-07
0.459433 1.31664e-08 1.09927e-08 4.66867e-08 9.36095e-08 5.98531e-08 1.04602e-07
0.459671 1.35161e-08 1.13485e-08 4.76007e-08 9.51229e-08 6.11169e-08 1.06471e-07
0.459909 1.3875e-08 1.17162e-08 4.85231e-08 9.66447e-08 6.23981e-08 1.08361e-07
0.460148 1.42434e-08 1.20962e-08 4.9453e-08 9.8174e-08 6.36964e-08 1.1027e-07
0.460386 1.46214e-08 1.24889e-08 5.03898e-08 9.97095e-08 6.50112e-08 1.12198e-07
0.460625 1.50092e-08 1.28947e-08 5.13326e-08 1.0125e-07 6.63418e-08 1.14145e-07
0.460863 1.54072e-08 1.33141e-08 5.22804e-08 1.02794e-07 6.76875e-08 1.16108e-07
0.461102 1.58154e-08 1.37474e-08 5.32322e-08 1.0434e-07 6.90476e-08 1.18088e-07
0.46134 1.62341e-08 1.41953e-08 5.4187e-08 1.05887e-07 7.04212e-08 1.20082e-07
0.461578 1.66636e-08 1.4658e-08 5.51435e-08 1.07433e-07 7.18072e-08 1.22091e-07
0.461817 1.71041e-08 1.51361e-08 5.61005e-08 1.08976e-07 7.32046e-08 1.24112e-07
0.462055 1.75558e-08 1.563e-08 5.70564e-08 1.10514e-07 7.46121e-08 1.26144e-07
0.462294 1.80188e-08 1.61404e-08 5.80097e-08 1.12045e-07 7.60286e-08 1.28186e-07
0.462532 1.84935e-08 1.66676e-08 5.89589e-08 1.13568e-07 7.74524e-08 1.30235e-07
0.46277 1.89801e-08 1.72123e-08 5.9902e-08 1.15079e-07 7.8882e-08 1.32291e-07
0.463009 1.94787e-08 1.77749e-08 6.08371e-08 1.16576e-07 8.03158e-08 1.34351e-07
0.463247 1.99896e-08 1.8356e-08 6.17621e-08 1.18056e-07 8.17517e-08 1.36412e-07
0.463486 2.0513e-08 1.89562e-08 6.26748e-08 1.19518e-07 8.31878e-08 1.38474e-07
0.463724 2.10492e-08 1.9576e-08 6.35727e-08 1.20957e-07 8.46219e-08 1.40533e-07
0.463963 2.15983e-08 2.02161e-08 6.44532e-08 1.22371e-07 8.60514e-08 1.42587e-07
0.464201 2.21604e-08 2.08769e-08 6.53135e-08 1.23756e-07 8.7474e-08 1.44633e-07
0.464439 2.2736e-08 2.15593e-08 6.61506e-08 1.25108e-07 8.88866e-08 1.46667e-07
0.464678 2.3325e-08 2.22637e-08 6.69613e-08 1.26425e-07 9.02863e-08 1.48688e-07
0.464916 2.39277e-08 2.29908e-08 6.77422e-08 1.27701e-07 9.16699e-08 1.50692e-07
0.465155 2.45443e-08 2.37413e-08 6.84894e-08 1.28933e-07 9.30337e-08 1.52675e-07
0.465393 2.51749e-08 2.45157e-08 6.91992e-08 1.30117e-07 9.43742e-08 1.54633e-07
0.465631 2.58198e-08 2.53149e-08 6.98673e-08 1.31247e-07 9.56871e-08 1.56562e-07
0.46587 2.64789e-08 2.61393e-08 7.04892e-08 1.32319e-07 9.69681e-08 1.58459e-07
0.466108 2.71526e-08 2.69898e-08 7.10601e-08 1.33328e-07 9.82126e-08 1.60317e-07
0.466347 2.78408e-08 2.78669e-08 7.15749e-08 1.34267e-07 9.94157e-08 1.62134e-07
0.466585 2.85437e-08 2.87715e-08 7.20282e-08 1.35132e-07 1.00572e-07 1.63903e-07
0.466824 2.92613e-08 2.97041e-08 7.24142e-08 1.35916e-07 1.01676e-07 1.6562e-07
0.467062 2.99938e-08 3.06654e-08 7.27269e-08 1.36612e-07 1.02721e-07 1.67278e-07
0.4673 3.07412e-08 3.16563e-08 7.29595e-08 1.37215e-07 1.03701e-07 1.68872e-07
0.467539 3.15034e-08 3.26772e-08 7.31053e-08 1.37717e-07 1.04609e-07 1.70394e-07
0.467777 3.22806e-08 3.37291e-08 7.31569e-08 1.38111e-07 1.05437e-07 1.7184e-07
0.468016 3.30726e-08 3.48124e-08 7.31065e-08 1.38389e-07 1.06179e-07 1.73201e-07
0.468254 3.38794e-08 3.59279e-08 7.29458e-08 1.38542e-07 1.06825e-07 1.7447e-07
0.468493 3.4701e-08 3.70763e-08 7.2666e-08 1.38563e-07 1.07367e-07 1.75639e-07
0.468731 3.55371e-08 3.82583e-08 7.2258e-08 1.38443e-07 1.07795e-07 1.76701e-07
0.468969 3.63877e-08 3.94743e-08 7.17119e-08 1.38172e-07 1.081e-07 1.77646e-07
0.469208 3.72525e-08 4.07252e-08 7.10174e-08 1.3774e-07 1.0827e-07 1.78465e-07
0.469446 3.81314e-08 4.20114e-08 7.01635e-08 1.37138e-07 1.08295e-07 1.7915e-07
0.469685 3.9024e-08 4.33336e-08 6.91387e-08 1.36356e-07 1.08163e-07 1.79689e-07
0.469923 3.993e-08 4.46922e-08 6.79309e-08 1.35381e-07 1.07861e-07 1.80073e-07
0.470161 4.0849e-08 4.60878e-08 6.65272e-08 1.34203e-07 1.07376e-07 1.8029e-07
0.4704 4.17807e-08 4.75209e-08 6.4914e-08 1.32809e-07 1.06695e-07 1.8033e-07
0.470638 4.27245e-08 4.89918e-08 6.30772e-08 1.31188e-07 1.05802e-07 1.8018e-07
0.470877 4.36799e-08 5.05009e-08 6.10017e-08 1.29327e-07 1.04682e-07 1.79828e-07
0.471115 4.46463e-08 5.20485e-08 5.86719e-08 1.27212e-07 1.03318e-07 1.7926e-07
0.471354 4.56231e-08 5.36349e-08 5.60711e-08 1.24829e-07 1.01694e-07 1.78464e-07
0.471592 4.66094e-08 5.52602e-08 5.31821e-08 1.22164e-07 9.97915e-08 1.77424e-07
0.47183 4.76046e-08 5.69245e-08 4.99866e-08 1.19203e-07 9.75912e-08 1.76127e-07
0.472069 4.86076e-08 5.86278e-08 4.64655e-08 1.1593e-07 9.50731e-08 1.74557e-07
0.472307 4.96176e-08 6.03701e-08 4.25989e-08 1.12329e-07 9.22165e-08 1.72699e-07
0.472546 5.06334e-08 6.2151e-08 3.83658e-08 1.08383e-07 8.89992e-08 1.70534e-07
0.472784 5.1654e-08 6.39704e-08 3.37443e-08 1.04077e-07 8.53983e-08 1.68048e-07
0.473022 5.26781e-08 6.58277e-08 2.87117e-08 9.93931e-08 8.13898e-08 1.65221e-07
0.473261 5.37044e-08 6.77224e-08 2.32441e-08 9.43129e-08 7.69484e-08 1.62035e-07
0.473499 5.47313e-08 6.96538e-08 1.73166e-08 8.88184e-08 7.20479e-08 1.58472e-07
0.473738 5.57575e-08 7.1621e-08 1.09034e-08 8.28909e-08 6.66609e-08 1.54512e-07
0.473976 5.67812e-08 7.36229e-08 3.97745e-09 7.65113e-08 6.07587e-08 1.50134e-07
0.474215 5.78007e-08 7.56583e-08 -3.48911e-09 6.96598e-08 5.43116e-08 1.45318e-07
0.474453 5.88141e-08 7.77257e-08 -1.15254e-08 6.23166e-08 4.72887e-08 1.40042e-07
0.474691 5.98194e-08 7.98235e-08 -2.01615e-08 5.44612e-08 3.96578e-08 1.34285e-07
0.47493 6.08144e-08 8.19499e-08 -2.94288e-08 4.60728e-08 3.13856e-08 1.28023e-07
0.475168 6.17969e-08 8.41025e-08 -3.93593e-08 3.71304e-08 2.24375e-08 1.21233e-07
0.475407 6.27645e-08 8.62792e-08 -4.99866e-08 2.76125e-08 1.27779e-08 1.13892e-07
0.475645 6.37147e-08 8.84771e-08 -6.13451e-08 1.74975e-08 2.36963e-09 1.05975e-07
0.475883 6.46448e-08 9.06932e-08 -7.347e-08 6.76353e-09 -8.82525e-09 9.74568e-08
0.476122 6.5552e-08 9.29244e-08 -8.6398e-08 -4.61133e-09 -2.0846e-08 8.8313e-08
0.47636 6.64334e-08 9.51668e-08 -1.00166e-07 -1.66492e-08 -3.37331e-08 7.85176e-08
0.476599 6.72858e-08 9.74166e-08 -1.14814e-07 -2.93722e-08 -4.75278e-08 6.80444e-08
0.476837 6.81061e-08 9.96693e-08 -1.30379e-07 -4.28025e-08 -6.22728e-08 5.68668e-08
0.477076 6.88908e-08 1.0192e-07 -1.46902e-07 -5.69621e-08 -7.80113e-08 4.4958e-08
0.477314 6.96365e-08 1.04164e-07 -1.64424e-07 -7.18727e-08 -9.47877e-08 3.22911e-08
0.477552 7.03394e-08 1.06395e-07 -1.82987e-07 -8.7556e-08 -1.12647e-07 1.88387e-08
0.477791 7.09958e-08 1.08607e-07 -2.02631e-07 -1.04033e-07 -1.31636e-07 4.57345e-09
0.478029 7.16017e-08 1.10793e-07 -2.23401e-07 -1.21325e-07 -1.51799e-07 -1.0532e-08
0.478268 7.21531e-08 1.12947e-07 -2.45338e-07 -1.39452e-07 -1.73185e-07 -2.65051e-08
0.478506 7.26458e-08 1.1506e-07 -2.68486e-07 -1.58433e-07 -1.9584e-07 -4.33731e-08
0.478745 7.30754e-08 1.17125e-07 -2.92888e-07 -1.78288e-07 -2.19812e-07 -6.1163e-08
0.478983 7.34375e-08 1.19132e-07 -3.18586e-07 -1.99033e-07 -2.45149e-07 -7.99017e-08
0.479221 7.37275e-08 1.21072e-07 -3.45624e-07 -2.20687e-07 -2.71896e-07 -9.96154e-08
0.47946 7.3941e-08 1.22935e-07 -3.74043e-07 -2.43265e-07 -3.00102e-07 -1.2033e-07
0.479698 7.4073e-08 1.2471e-07 -4.03886e-07 -2.66781e-07 -3.29813e-07 -1.42071e-07
0.479937 7.41189e-08 1.26386e-07 -4.35192e-07 -2.91248e-07 -3.61073e-07 -1.64862e-07
0.480175 7.40738e-08 1.2795e-07 -4.68001e-07 -3.16678e-07 -3.93927e-07 -1.88728e-07
0.480413 7.3933e-08 1.29391e-07 -5.0235e-07 -3.43081e-07 -4.28417e-07 -2.1369e-07
0.480652 7.36914e-08 1.30693e-07 -5.38276e-07 -3.70464e-07 -4.64585e-07 -2.39771e-07
0.48089 7.33443e-08 1.31844e-07 -5.75812e-07 -3.98833e-07 -5.02468e-07 -2.66989e-07
0.481129 7.28868e-08 1.32828e-07 -6.1499e-07 -4.28192e-07 -5.42103e-07 -2.95364e-07
0.481367 7.23142e-08 1.33629e-07 -6.55837e-07 -4.58543e-07 -5.83523e-07 -3.24913e-07
0.481606 7.16218e-08 1.34231e-07 -6.9838e-07 -4.89883e-07 -6.26758e-07 -3.55651e-07
0.481844 7.0805e-08 1.34617e-07 -7.42639e-07 -5.22208e-07 -6.71834e-07 -3.87591e-07
0.482082 6.98594e-08 1.34768e-07 -7.88631e-07 -5.55513e-07 -7.18772e-07 -4.20745e-07
0.482321 6.87807e-08 1.34667e-07 -8.36371e-07 -5.89788e-07 -7.6759e-07 -4.55121e-07
0.482559 6.75651e-08 1.34292e-07 -8.85865e-07 -6.25018e-07 -8.18299e-07 -4.90726e-07
0.482798 6.62088e-08 1.33625e-07 -9.37115e-07 -6.61189e-07 -8.70906e-07 -5.27563e-07
0.483036 6.47082e-08 1.32645e-07 -9.90118e-07 -6.9828e-07 -9.25409e-07 -5.65635e-07
0.483274 6.30604e-08 1.31329e-07 -1.04486e-06 -7.36269e-07 -9.81802e-07 -6.04939e-07
0.483513 6.12627e-08 1.29657e-07 -1.10133e-06 -7.75128e-07 -1.04007e-06 -6.45471e-07
0.483751 5.93128e-08 1.27605e-07 -1.1595e-06 -8.14827e-07 -1.10019e-06 -6.87222e-07
0.48399 5.72089e-08 1.2515e-07 -1.21933e-06 -8.55332e-07 -1.16212e-06 -7.30182e-07
0.484228 5.49499e-08 1.22269e-07 -1.28079e-06 -8.96604e-07 -1.22584e-06 -7.74336e-07
0.484467 5.25351e-08 1.18937e-07 -1.34382e-06 -9.38602e-07 -1.29128e-06 -8.19665e-07
0.484705 4.99645e-08 1.15131e-07 -1.40835e-06 -9.81279e-07 -1.35839e-06 -8.66149e-07
0.484943 4.7239e-08 1.10826e-07 -1.47432e-06 -1.02459e-06 -1.42709e-06 -9.1376e-07
0.485182 4.43599e-08 1.05997e-07 -1.54165e-06 -1.06847e-06 -1.49729e-06 -9.62471e-07
0.48542 4.13295e-08 1.00621e-07 -1.61023e-06 -1.11287e-06 -1.5689e-06 -1.01225e-06
0.485659 3.8151e-08 9.46719e-08 -1.67996e-06 -1.15773e-06 -1.64181e-06 -1.06305e-06
0.485897 3.48285e-08 8.81266e-08 -1.75073e-06 -1.20297e-06 -1.7159e-06 -1.11485e-06
0.486135 3.13668e-08 8.09612e-08 -1.82239e-06 -1.24855e-06 -1.79102e-06 -1.16759e-06
0.486374 2.77721e-08 7.31524e-08 -1.8948e-06 -1.29437e-06 -1.86703e-06 -1.22122e-06
0.486612 2.40513e-08 6.46779e-08 -1.9678e-06 -1.34037e-06 -1.94375e-06 -1.2757e-06
0.486851 2.02125e-08 5.5516e-08 -2.04122e-06 -1.38648e-06 -2.02101e-06 -1.33096e-06
0.487089 1.62651e-08 4.56463e-08 -2.11486e-06 -1.4326e-06 -2.0986e-06 -1.38696e-06
0.487328 1.22192e-08 3.50496e-08 -2.18854e-06 -1.47867e-06 -2.17632e-06 -1.44362e-06
0.487566 8.08656e-09 2.3708e-08 -2.26202e-06 -1.52459e-06 -2.25393e-06 -1.50089e-06
0.487804 3.87975e-09 1.16055e-08 -2.33507e-06 -1.57029e-06 -2.33119e-06 -1.55869e-06
0.488043 -3.87304e-10 -1.27238e-09 -2.40746e-06 -1.61568e-06 -2.40785e-06 -1.61695e-06
0.488281 -4.69956e-09 -1.49377e-08 -2.47892e-06 -1.66068e-06 -2.48362e-06 -1.67561e-06
0.48852 -9.04077e-09 -2.94003e-08 -2.54918e-06 -1.70519e-06 -2.55822e-06 -1.73459e-06
0.488758 -1.33936e-08 -4.46677e-08 -2.61795e-06 -1.74915e-06 -2.63134e-06 -1.79382e-06
0.488997 -1.77394e-08 -6.07445e-08 -2.68493e-06 -1.79246e-06 -2.70267e-06 -1.85321e-06
0.489235 -2.20588e-08 -7.76324e-08 -2.74982e-06 -1.83505e-06 -2.77188e-06 -1.91269e-06
0.489473 -2.63312e-08 -9.53298e-08 -2.81229e-06 -1.87685e-06 -2.83862e-06 -1.97218e-06
0.489712 -3.05349e-08 -1.13832e-07 -2.87202e-06 -1.91778e-06 -2.90255e-06 -2.03161e-06
0.48995 -3.46476e-08 -1.3313e-07 -2.92866e-06 -1.95777e-06 -2.96331e-06 -2.0909e-06
0.490189 -3.8646e-08 -1.53213e-07 -2.98187e-06 -1.99676e-06 -3.02052e-06 -2.14998e-06
0.490427 -4.25065e-08 -1.74063e-07 -3.0313e-06 -2.0347e-06 -3.07381e-06 -2.20877e-06
0.490665 -4.62044e-08 -1.9566e-07 -3.0766e-06 -2.07154e-06 -3.12281e-06 -2.2672e-06
0.490904 -4.9715e-08 -2.17981e-07 -3.11741e-06 -2.10722e-06 -3.16713e-06 -2.3252e-06
0.491142 -5.30132e-08 -2.40995e-07 -3.15338e-06 -2.14173e-06 -3.20639e-06 -2.38272e-06
0.491381 -5.60738e-08 -2.64669e-07 -3.18414e-06 -2.17501e-06 -3.24021e-06 -2.43968e-06
0.491619 -5.88716e-08 -2.88966e-07 -3.20936e-06 -2.20707e-06 -3.26823e-06 -2.49604e-06
0.491858 -6.13817e-08 -3.13841e-07 -3.22869e-06 -2.23789e-06 -3.29007e-06 -2.55173e-06
0.492096 -6.35794e-08 -3.39249e-07 -3.2418e-06 -2.26747e-06 -3.30538e-06 -2.60672e-06
0.492334 -6.5441e-08 -3.65137e-07 -3.24836e-06 -2.29581e-06 -3.3138e-06 -2.66095e-06
0.492573 -6.69434e-08 -3.91448e-07 -3.24808e-06 -2.32295e-06 -3.31502e-06 -2.7144e-06
0.492811 -6.80644e-08 -4.18122e-07 -3.24066e-06 -2.3489e-06 -3.30872e-06 -2.76702e-06
0.49305 -6.87833e-08 -4.45092e-07 -3.22583e-06 -2.37371e-06 -3.29461e-06 -2.81881e-06
0.493288 -6.90806e-08 -4.72288e-07 -3.20335e-06 -2.39743e-06 -3.27243e-06 -2.86972e-06
0.493526 -6.89388e-08 -4.99639e-07 -3.17299e-06 -2.42012e-06 -3.24193e-06 -2.91976e-06
0.493765 -6.83418e-08 -5.27064e-07 -3.13457e-06 -2.44184e-06 -3.20291e-06 -2.96891e-06
0.494003 -6.72761e-08 -5.54485e-07 -3.08791e-06 -2.46268e-06 -3.15518e-06 -3.01717e-06
0.494242 -6.57301e-08 -5.81816e-07 -3.03288e-06 -2.48273e-06 -3.09861e-06 -3.06454e-06
0.49448 -6.36947e-08 -6.08971e-07 -2.9694e-06 -2.50207e-06 -3.03309e-06 -3.11104e-06
0.494719 -6.11636e-08 -6.35861e-07 -2.89739e-06 -2.52081e-06 -2.95855e-06 -3.15667e-06
0.494957 -5.81332e-08 -6.62393e-07 -2.81683e-06 -2.53906e-06 -2.87497e-06 -3.20145e-06
0.495195 -5.46027e-08 -6.88477e-07 -2.72775e-06 -2.55693e-06 -2.78236e-06 -3.2454e-06
0.495434 -5.05746e-08 -7.14017e-07 -2.63021e-06 -2.57454e-06 -2.68079e-06 -3.28855e-06
0.495672 -4.60543e-08 -7.3892e-07 -2.52431e-06 -2.59201e-06 -2.57036e-06 -3.33093e-06
0.495911 -4.10506e-08 -7.63092e-07 -2.41019e-06 -2.60946e-06 -2.45124e-06 -3.37255e-06
0.496149 -3.55753e-08 -7.86439e-07 -2.28804e-06 -2.62701e-06 -2.32362e-06 -3.41345e-06
0.496387 -2.96439e-08 -8.08871e-07 -2.15811e-06 -2.64479e-06 -2.18775e-06 -3.45366e-06
0.496626 -2.32748e-08 -8.30296e-07 -2.02066e-06 -2.66291e-06 -2.04394e-06 -3.49321e-06
0.496864 -1.64897e-08 -8.50627e-07 -1.87603e-06 -2.6815e-06 -1.89252e-06 -3.53212e-06
0.497103 -9.31363e-09 -8.6978e-07 -1.72458e-06 -2.70065e-06 -1.73389e-06 -3.57043e-06
0.497341 -1.77446e-09 -8.87673e-07 -1.5667e-06 -2.72047e-06 -1.56848e-06 -3.60814e-06
0.49758 6.09688e-09 -9.04231e-07 -1.40286e-06 -2.74105e-06 -1.39676e-06 -3.64529e-06
0.497818 1.42667e-08 -9.19381e-07 -1.23352e-06 -2.76249e-06 -1.21926e-06 -3.68187e-06
0.498056 2.26988e-08 -9.33057e-07 -1.05922e-06 -2.78485e-06 -1.03652e-06 -3.71791e-06
0.498295 3.13546e-08 -9.45199e-07 -8.80495e-07 -2.80819e-06 -8.4914e-07 -3.75339e-06
0.498533 4.01933e-08 -9.55752e-07 -6.97929e-07 -2.83257e-06 -6.57735e-07 -3.78832e-06
0.498772 4.91725e-08 -9.64668e-07 -5.12128e-07 -2.85801e-06 -4.62955e-07 -3.82268e-06
0.49901 5.82479e-08 -9.71907e-07 -3.23721e-07 -2.88454e-06 -2.65473e-07 -3.85645e-06
0.499249 6.73741e-08 -9.77436e-07 -1.33354e-07 -2.91217e-06 -6.59802e-08 -3.8896e-06
0.499487 7.6505e-08 -9.81228e-07 5.83096e-08 -2.94087e-06 1.34815e-07 -3.9221e-06
0.499725 8.55935e-08 -9.83268e-07 2.50599e-07 -2.97063e-06 3.36192e-07 -3.95389e-06
0.499964 9.45924e-08 -9.83544e-07 4.42834e-07 -3.00139e-06 5.37427e-07 -3.98493e-06
0.500202 1.03455e-07 -9.82056e-07 6.34336e-07 -3.03309e-06 7.37791e-07 -4.01515e-06
0.500441 1.12134e-07 -9.7881e-07 8.24426e-07 -3.06567e-06 9.3656e-07 -4.04448e-06
0.500679 1.20584e-07 -9.7382e-07 1.01243e-06 -3.09902e-06 1.13302e-06 -4.07284e-06
0.500917 1.2876e-07 -9.6711e-07 1.19769e-06 -3.13303e-06 1.32645e-06 -4.10014e-06
0.501156 1.36619e-07 -9.58709e-07 1.37957e-06 -3.16758e-06 1.51619e-06 -4.12629e-06
0.501394 1.4412e-07 -9.48655e-07 1.55743e-06 -3.20254e-06 1.70155e-06 -4.1512e-06
0.501633 1.51223e-07 -9.36995e-07 1.73067e-06 -3.23776e-06 1.88189e-06 -4.17475e-06
0.501871 1.5789e-07 -9.2378e-07 1.89872e-06 -3.27306e-06 2.05661e-06 -4.19684e-06
0.50211 1.64088e-07 -9.09068e-07 2.06103e-06 -3.30829e-06 2.22512e-06 -4.21736e-06
0.502348 1.69785e-07 -8.92925e-07 2.21709e-06 -3.34326e-06 2.38688e-06 -4.23619e-06
0.502586 1.74952e-07 -8.75421e-07 2.36643e-06 -3.37779e-06 2.54138e-06 -4.25321e-06
0.502825 1.79564e-07 -8.56632e-07 2.5086e-06 -3.41168e-06 2.68817e-06 -4.26831e-06
0.503063 1.836e-07 -8.36637e-07 2.64322e-06 -3.44473e-06 2.82682e-06 -4.28137e-06
0.503302 1.8704e-07 -8.15522e-07 2.76992e-06 -3.47676e-06 2.95696e-06 -4.29228e-06
0.50354 1.89869e-07 -7.93373e-07 2.88841e-06 -3.50755e-06 3.07827e-06 -4.30092e-06
0.503778 1.92078e-07 -7.70282e-07 2.9984e-06 -3.53692e-06 3.19048e-06 -4.3072e-06
0.504017 1.93657e-07 -7.4634e-07 3.0997e-06 -3.56466e-06 3.29335e-06 -4.311e-06
0.504255 1.94603e-07 -7.21642e-07 3.19211e-06 -3.59059e-06 3.38672e-06 -4.31223e-06
0.504494 1.94916e-07 -6.96283e-07 3.27553e-06 -3.61452e-06 3.47044e-06 -4.3108e-06
0.504732 1.94598e-07 -6.70359e-07 3.34986e-06 -3.63628e-06 3.54445e-06 -4.30664e-06
0.504971 1.93657e-07 -6.43965e-07 3.41507e-06 -3.6557e-06 3.60872e-06 -4.29967e-06
0.505209 1.92101e-07 -6.17195e-07 3.47116e-06 -3.67263e-06 3.66326e-06 -4.28983e-06
0.505447 1.89945e-07 -5.90145e-07 3.51819e-06 -3.68692e-06 3.70814e-06 -4.27706e-06
0.505686 1.87203e-07 -5.62904e-07 3.55625e-06 -3.69843e-06 3.74345e-06 -4.26133e-06
0.505924 1.83896e-07 -5.35562e-07 3.58546e-06 -3.70705e-06 3.76936e-06 -4.24261e-06
0.506163 1.80043e-07 -5.08207e-07 3.60599e-06 -3.71268e-06 3.78603e-06 -4.22088e-06
0.506401 1.75668e-07 -4.80922e-07 3.61804e-06 -3.71522e-06 3.79371e-06 -4.19614e-06
0.506639 1.70797e-07 -4.53787e-07 3.62183e-06 -3.7146e-06 3.79263e-06 -4.16838e-06
0.506878 1.65459e-07 -4.26879e-07 3.61764e-06 -3.71076e-06 3.78309e-06 -4.13763e-06
0.507116 1.59681e-07 -4.0027e-07 3.60573e-06 -3.70365e-06 3.76541e-06 -4.10392e-06
0.507355 1.53494e-07 -3.74028e-07 3.58643e-06 -3.69327e-06 3.73992e-06 -4.06729e-06
0.507593 1.46931e-07 -3.48217e-07 3.56005e-06 -3.67958e-06 3.70699e-06 -4.02779e-06
0.507832 1.40023e-07 -3.22897e-07 3.52696e-06 -3.66259e-06 3.66698e-06 -3.98549e-06
0.50807 1.32804e-07 -2.98121e-07 3.48751e-06 -3.64233e-06 3.62031e-06 -3.94046e-06
0.508308 1.25308e-07 -2.7394e-07 3.44207e-06 -3.61883e-06 3.56738e-06 -3.89277e-06
0.508547 1.17568e-07 -2.50398e-07 3.39103e-06 -3.59214e-06 3.5086e-06 -3.84254e-06
0.508785 1.09619e-07 -2.27536e-07 3.33478e-06 -3.56232e-06 3.4444e-06 -3.78986e-06
0.509024 1.01492e-07 -2.05388e-07 3.27372e-06 -3.52944e-06 3.37521e-06 -3.73483e-06
0.509262 9.3223e-08 -1.83985e-07 3.20824e-06 -3.4936e-06 3.30146e-06 -3.67758e-06
0.509501 8.48427e-08 -1.63353e-07 3.13873e-06 -3.45489e-06 3.22357e-06 -3.61824e-06
0.509739 7.63834e-08 -1.43513e-07 3.06559e-06 -3.41341e-06 3.14198e-06 -3.55692e-06
0.509977 6.78757e-08 -1.24483e-07 2.98922e-06 -3.36928e-06 3.05709e-06 -3.49377e-06
0.510216 5.93493e-08 -1.06275e-07 2.90998e-06 -3.32264e-06 2.96933e-06 -3.42892e-06
0.510454 5.08327e-08 -8.88988e-08 2.82825e-06 -3.27361e-06 2.87909e-06 -3.36251e-06
0.510693 4.23533e-08 -7.23586e-08 2.74441e-06 -3.22233e-06 2.78676e-06 -3.29469e-06
0.510931 3.39367e-08 -5.66561e-08 2.65879e-06 -3.16895e-06 2.69273e-06 -3.2256e-06
0.511169 2.56075e-08 -4.17893e-08 2.57175e-06 -3.11361e-06 2.59736e-06 -3.15539e-06
0.511408 1.73886e-08 -2.77533e-08 2.48361e-06 -3.05646e-06 2.50099e-06 -3.08421e-06
0.511646 9.3012e-09 -1.454e-08 2.39467e-06 -2.99766e-06 2.40397e-06 -3.0122e-06
0.511885 1.3652e-09 -2.13865e-09 2.30524e-06 -2.93736e-06 2.30661e-06 -2.9395e-06
0.512123 -6.40124e-09 9.46386e-09 2.21561e-06 -2.87572e-06 2.20921e-06 -2.86625e-06
0.512362 -1.39815e-08 2.02829e-08 2.12603e-06 -2.81289e-06 2.11205e-06 -2.7926e-06
0.5126 -2.13607e-08 3.0336e-08 2.03676e-06 -2.74902e-06 2.01539e-06 -2.71869e-06
0.512838 -2.85253e-08 3.96422e-08 1.94802e-06 -2.68427e-06 1.9195e-06 -2.64463e-06
0.513077 -3.54636e-08 4.82222e-08 1.86005e-06 -2.61879e-06 1.82458e-06 -2.57057e-06
0.513315 -4.2165e-08 5.60981e-08 1.77303e-06 -2.55273e-06 1.73086e-06 -2.49663e-06
0.513554 -4.86209e-08 6.32932e-08 1.68715e-06 -2.48621e-06 1.63853e-06 -2.42292e-06
0.513792 -5.48237e-08 6.98316e-08 1.60258e-06 -2.4194e-06 1.54776e-06 -2.34957e-06
0.51403 -6.07674e-08 7.57381e-08 1.51947e-06 -2.35241e-06 1.45871e-06 -2.27667e-06
0.514269 -6.64472e-08 8.10383e-08 1.43797e-06 -2.28537e-06 1.37152e-06 -2.20434e-06
0.514507 -7.18596e-08 8.57582e-08 1.35818e-06 -2.21842e-06 1.28632e-06 -2.13266e-06
0.514746 -7.70023e-08 8.99239e-08 1.28023e-06 -2.15167e-06 1.20323e-06 -2.06174e-06
0.514984 -8.18742e-08 9.35617e-08 1.2042e-06 -2.08522e-06 1.12232e-06 -1.99166e-06
0.515223 -8.6475e-08 9.6698e-08 1.13017e-06 -2.01919e-06 1.04369e-06 -1.92249e-06
0.515461 -9.08056e-08 9.9359e-08 1.05822e-06 -1.95368e-06 9.6741e-07 -1.85432e-06
0.515699 -9.48679e-08 1.01571e-07 9.88391e-07 -1.88878e-06 8.93523e-07 -1.78721e-06
0.515938 -9.86642e-08 1.03358e-07 9.20741e-07 -1.82458e-06 8.22077e-07 -1.72122e-06
0.516176 -1.02198e-07 1.04748e-07 8.55299e-07 -1.76115e-06 7.53101e-07 -1.6564e-06
0.516415 -1.05473e-07 1.05763e-07 7.92091e-07 -1.69858e-06 6.86618e-07 -1.59282e-06
0.516653 -1.08495e-07 1.06429e-07 7.31132e-07 -1.63694e-06 6.22637e-07 -1.53051e-06
0.516891 -1.11268e-07 1.06769e-07 6.72427e-07 -1.57628e-06 5.61159e-07 -1.46951e-06
0.51713 -1.13799e-07 1.06806e-07 6.15976e-07 -1.51667e-06 5.02178e-07 -1.40986e-06
0.517368 -1.16092e-07 1.06561e-07 5.6177e-07 -1.45815e-06 4.45678e-07 -1.35159e-06
0.517607 -1.18156e-07 1.06057e-07 5.09793e-07 -1.40077e-06 3.91637e-07 -1.29471e-06
0.517845 -1.19997e-07 1.05314e-07 4.60024e-07 -1.34458e-06 3.40027e-07 -1.23926e-06
0.518084 -1.21621e-07 1.04351e-07 4.12435e-07 -1.2896e-06 2.90814e-07 -1.18525e-06
0.518322 -1.23038e-07 1.03188e-07 3.66995e-07 -1.23587e-06 2.43957e-07 -1.13268e-06
0.51856 -1.24253e-07 1.01843e-07 3.23666e-07 -1.18341e-06 1.99413e-07 -1.08157e-06
0.518799 -1.25275e-07 1.00333e-07 2.82409e-07 -1.13224e-06 1.57134e-07 -1.03191e-06
0.519037 -1.26111e-07 9.86748e-08 2.43178e-07 -1.08239e-06 1.17067e-07 -9.83713e-07
0.519276 -1.2677e-07 9.68835e-08 2.05929e-07 -1.03385e-06 7.91587e-08 -9.3697e-07
0.519514 -1.27259e-07 9.49743e-08 1.7061e-07 -9.86649e-07 4.33508e-08 -8.91675e-07
0.519753 -1.27586e-07 9.29612e-08 1.3717e-07 -9.40779e-07 9.58414e-09 -8.47818e-07
0.519991 -1.27759e-07 9.08574e-08 1.05557e-07 -8.96245e-07 -2.22026e-08 -8.05387e-07
0.520229 -1.27786e-07 8.86754e-08 7.5714e-08 -8.53044e-07 -5.20718e-08 -7.64369e-07
0.520468 -1.27674e-07 8.64268e-08 4.75867e-08 -8.11173e-07 -8.00871e-08 -7.24746e-07
0.520706 -1.2743e-07 8.41226e-08 2.11179e-08 -7.70622e-07 -1.06313e-07 -6.86499e-07
0.520945 -1.27063e-07 8.17729e-08 -3.74934e-09 -7.31382e-07 -1.30813e-07 -6.49609e-07
0.521183 -1.2658e-07 7.93875e-08 -2.70725e-08 -6.9344e-07 -1.53652e-07 -6.14052e-07
0.521421 -1.25987e-07 7.6975e-08 -4.89091e-08 -6.56781e-07 -1.74896e-07 -5.79806e-07
0.52166 -1.25291e-07 7.45438e-08 -6.93161e-08 -6.21389e-07 -1.94607e-07 -5.46845e-07
0.521898 -1.245e-07 7.21015e-08 -8.83505e-08 -5.87245e-07 -2.1285e-07 -5.15143e-07
0.522137 -1.23619e-07 6.9655e-08 -1.06068e-07 -5.54329e-07 -2.29687e-07 -4.84674e-07
0.522375 -1.22655e-07 6.72109e-08 -1.22526e-07 -5.22621e-07 -2.45181e-07 -4.5541e-07
0.522614 -1.21614e-07 6.4775e-08 -1.37776e-07 -4.92097e-07 -2.59391e-07 -4.27322e-07
0.522852 -1.20502e-07 6.23528e-08 -1.51875e-07 -4.62733e-07 -2.72377e-07 -4.0038e-07
0.52309 -1.19325e-07 5.99493e-08 -1.64873e-07 -4.34506e-07 -2.84198e-07 -3.74557e-07
0.523329 -1.18088e-07 5.75687e-08 -1.76823e-07 -4.07389e-07 -2.94911e-07 -3.4982e-07
0.523567 -1.16796e-07 5.52153e-08 -1.87775e-07 -3.81357e-07 -3.04571e-07 -3.26142e-07
0.523806 -1.15455e-07 5.28926e-08 -1.97778e-07 -3.56384e-07 -3.13233e-07 -3.03491e-07
0.524044 -1.14068e-07 5.06038e-08 -2.06879e-07 -3.32442e-07 -3.20947e-07 -2.81838e-07
0.524282 -1.12642e-07 4.83519e-08 -2.15125e-07 -3.09504e-07 -3.27766e-07 -2.61152e-07
0.524521 -1.11179e-07 4.61394e-08 -2.2256e-07 -2.87542e-07 -3.33739e-07 -2.41403e-07
0.524759 -1.09685e-07 4.39684e-08 -2.29227e-07 -2.6653e-07 -3.38912e-07 -2.22561e-07
0.524998 -1.08162e-07 4.18409e-08 -2.3517e-07 -2.46439e-07 -3.43332e-07 -2.04598e-07
0.525236 -1.06616e-07 3.97586e-08 -2.40427e-07 -2.27242e-07 -3.47043e-07 -1.87483e-07
0.525475 -1.05049e-07 3.77228e-08 -2.45038e-07 -2.08911e-07 -3.50087e-07 -1.71188e-07
0.525713 -1.03464e-07 3.57347e-08 -2.49041e-07 -1.91419e-07 -3.52505e-07 -1.55684e-07
0.525951 -1.01866e-07 3.37952e-08 -2.5247e-07 -1.74739e-07 -3.54336e-07 -1.40944e-07
0.52619 -1.00256e-07 3.19051e-08 -2.55362e-07 -1.58845e-07 -3.55618e-07 -1.2694e-07
0.526428 -9.86385e-08 3.00648e-08 -2.57749e-07 -1.43709e-07 -3.56387e-07 -1.13644e-07
0.526667 -9.7015e-08 2.82747e-08 -2.59662e-07 -1.29306e-07 -3.56677e-07 -1.01031e-07
0.526905 -9.53883e-08 2.65351e-08 -2.61133e-07 -1.1561e-07 -3.56522e-07 -8.90751e-08
0.527143 -9.37607e-08 2.48459e-08 -2.6219e-07 -1.02596e-07 -3.55951e-07 -7.77502e-08
0.527382 -9.21344e-08 2.32071e-08 -2.62861e-07 -9.02393e-08 -3.54996e-07 -6.70322e-08
0.52762 -9.05114e-08 2.16185e-08 -2.63172e-07 -7.85153e-08 -3.53684e-07 -5.68968e-08
0.527859 -8.88935e-08 2.00798e-08 -2.63149e-07 -6.74006e-08 -3.52043e-07 -4.73208e-08
0.528097 -8.72825e-08 1.85906e-08 -2.62815e-07 -5.68719e-08 -3.50098e-07 -3.82813e-08
0.528336 -8.56801e-08 1.71503e-08 -2.62194e-07 -4.69065e-08 -3.47874e-07 -2.97562e-08
0.528574 -8.40876e-08 1.57585e-08 -2.61307e-07 -3.74825e-08 -3.45394e-07 -2.1724e-08
0.528812 -8.25064e-08 1.44144e-08 -2.60173e-07 -2.85783e-08 -3.4268e-07 -1.41639e-08
0.529051 -8.09379e-08 1.31174e-08 -2.58814e-07 -2.0173e-08 -3.39752e-07 -7.05562e-09
0.529289 -7.93832e-08 1.18667e-08 -2.57248e-07 -1.22463e-08 -3.36631e-07 -3.79616e-10
0.529528 -7.78432e-08 1.06614e-08 -2.55491e-07 -4.77836e-09 -3.33334e-07 5.88305e-09
0.529766 -7.63191e-08 9.50077e-09 -2.53561e-07 2.24994e-09 -3.2988e-07 1.17507e-08
0.530005 -7.48116e-08 8.38386e-09 -2.51472e-07 8.85719e-09 -3.26284e-07 1.7241e-08
0.530243 -7.33215e-08 7.30975e-09 -2.49241e-07 1.50614e-08 -3.22562e-07 2.23712e-08
0.530481 -7.18496e-08 6.27752e-09 -2.4688e-07 2.088e-08 -3.18729e-07 2.71576e-08
0.53072 -7.03964e-08 5.28619e-09 -2.44402e-07 2.633e-08 -3.14799e-07 3.16162e-08
0.530958 -6.89625e-08 4.33479e-09 -2.41821e-07 3.14275e-08 -3.10783e-07 3.57623e-08
0.531197 -6.75484e-08 3.42232e-09 -2.39147e-07 3.61883e-08 -3.06695e-07 3.96106e-08
0.531435 -6.61545e-08 2.54778e-09 -2.36392e-07 4.06277e-08 -3.02546e-07 4.31755e-08
0.531673 -6.47811e-08 1.71018e-09 -2.33565e-07 4.47604e-08 -2.98346e-07 4.64706e-08
0.531912 -6.34287e-08 9.08505e-10 -2.30676e-07 4.86004e-08 -2.94105e-07 4.95089e-08
0.53215 -6.20974e-08 1.41754e-10 -2.27735e-07 5.21615e-08 -2.89832e-07 5.23033e-08
0.532389 -6.07875e-08 -5.91072e-10 -2.24749e-07 5.54568e-08 -2.85536e-07 5.48657e-08
0.532627 -5.9499e-08 -1.29097e-09 -2.21726e-07 5.84988e-08 -2.81225e-07 5.72079e-08
0.532866 -5.82322e-08 -1.95892e-09 -2.18674e-07 6.12999e-08 -2.76906e-07 5.9341e-08
0.533104 -5.6987e-08 -2.5959e-09 -2.15599e-07 6.38716e-08 -2.72586e-07 6.12757e-08
0.533342 -5.57636e-08 -3.20288e-09 -2.12507e-07 6.62253e-08 -2.68271e-07 6.30224e-08
0.533581 -5.45619e-08 -3.78081e-09 -2.09406e-07 6.83716e-08 -2.63968e-07 6.45908e-08
0.533819 -5.3382e-08 -4.33062e-09 -2.06299e-07 7.03211e-08 -2.59681e-07 6.59905e-08
0.534058 -5.22237e-08 -4.85324e-09 -2.03192e-07 7.20836e-08 -2.55416e-07 6.72304e-08
0.534296 -5.1087e-08 -5.34958e-09 -2.0009e-07 7.36687e-08 -2.51177e-07 6.83192e-08
0.534534 -4.99718e-08 -5.82052e-09 -1.96996e-07 7.50856e-08 -2.46968e-07 6.92651e-08
0.534773 -4.88779e-08 -6.26693e-09 -1.93916e-07 7.6343e-08 -2.42794e-07 7.00761e-08
0.535011 -4.78052e-08 -6.68968e-09 -1.90852e-07 7.74493e-08 -2.38657e-07 7.07596e-08
0.53525 -4.67535e-08 -7.08959e-09 -1.87808e-07 7.84126e-08 -2.34562e-07 7.1323e-08
0.535488 -4.57227e-08 -7.46749e-09 -1.84787e-07 7.92406e-08 -2.3051e-07 7.17731e-08
0.535727 -4.47126e-08 -7.82416e-09 -1.81792e-07 7.99407e-08 -2.26504e-07 7.21165e-08
0.535965 -4.37228e-08 -8.16039e-09 -1.78824e-07 8.05198e-08 -2.22547e-07 7.23594e-08
0.536203 -4.27533e-08 -8.47694e-09 -1.75888e-07 8.09849e-08 -2.18641e-07 7.25079e-08
0.536442 -4.18037e-08 -8.77453e-09 -1.72984e-07 8.13422e-08 -2.14788e-07 7.25677e-08
0.53668 -4.08738e-08 -9.0539e-09 -1.70114e-07 8.1598e-08 -2.10988e-07 7.25441e-08
0.536919 -3.99633e-08 -9.31573e-09 -1.67281e-07 8.17581e-08 -2.07244e-07 7.24424e-08
0.537157 -3.9072e-08 -9.56071e-09 -1.64485e-07 8.18282e-08 -2.03557e-07 7.22675e-08
0.537395 -3.81997e-08 -9.7895e-09 -1.61728e-07 8.18136e-08 -1.99928e-07 7.20241e-08
0.537634 -3.73459e-08 -1.00027e-08 -1.59012e-07 8.17194e-08 -1.96358e-07 7.17166e-08
0.537872 -3.65105e-08 -1.0201e-08 -1.56336e-07 8.15504e-08 -1.92847e-07 7.13494e-08
0.538111 -3.56932e-08 -1.0385e-08 -1.53702e-07 8.13115e-08 -1.89396e-07 7.09265e-08
0.538349 -3.48936e-08 -1.05552e-08 -1.51111e-07 8.10069e-08 -1.86005e-07 7.04516e-08
0.538588 -3.41114e-08 -1.07123e-08 -1.48564e-07 8.06408e-08 -1.82675e-07 6.99286e-08
0.538826 -3.33464e-08 -1.08567e-08 -1.4606e-07 8.02174e-08 -1.79406e-07 6.93607e-08
0.539064 -3.25983e-08 -1.0989e-08 -1.436e-07 7.97404e-08 -1.76198e-07 6.87514e-08
0.539303 -3.18667e-08 -1.11097e-08 -1.41185e-07 7.92134e-08 -1.73052e-07 6.81037e-08
0.539541 -3.11515e-08 -1.12194e-08 -1.38814e-07 7.864e-08 -1.69966e-07 6.74206e-08
0.53978 -3.04521e-08 -1.13184e-08 -1.36489e-07 7.80233e-08 -1.66941e-07 6.6705e-08
0.540018 -2.97685e-08 -1.14072e-08 -1.34208e-07 7.73666e-08 -1.63976e-07 6.59594e-08
0.540257 -2.91002e-08 -1.14864e-08 -1.31972e-07 7.66728e-08 -1.61072e-07 6.51864e-08
0.540495 -2.84469e-08 -1.15562e-08 -1.2978e-07 7.59446e-08 -1.58227e-07 6.43884e-08
0.540733 -2.78084e-08 -1.16172e-08 -1.27634e-07 7.51849e-08 -1.55442e-07 6.35677e-08
0.540972 -2.71845e-08 -1.16698e-08 -1.25531e-07 7.43961e-08 -1.52716e-07 6.27263e-08
0.54121 -2.65747e-08 -1.17142e-08 -1.23473e-07 7.35806e-08 -1.50048e-07 6.18664e-08
0.541449 -2.59787e-08 -1.1751e-08 -1.21458e-07 7.27408e-08 -1.47437e-07 6.09898e-08
0.541687 -2.53965e-08 -1.17804e-08 -1.19487e-07 7.18787e-08 -1.44884e-07 6.00983e-08
0.541925 -2.48275e-08 -1.18028e-08 -1.17559e-07 7.09965e-08 -1.42386e-07 5.91936e-08
0.542164 -2.42716e-08 -1.18186e-08 -1.15673e-07 7.0096e-08 -1.39945e-07 5.82774e-08
0.542402 -2.37284e-08 -1.1828e-08 -1.1383e-07 6.91792e-08 -1.37558e-07 5.73511e-08
0.542641 -2.31978e-08 -1.18314e-08 -1.12028e-07 6.82477e-08 -1.35226e-07 5.64162e-08
0.542879 -2.26794e-08 -1.18291e-08 -1.10268e-07 6.73032e-08 -1.32947e-07 5.54741e-08
0.543118 -2.2173e-08 -1.18213e-08 -1.08548e-07 6.63472e-08 -1.30721e-07 5.45259e-08
0.543356 -2.16782e-08 -1.18083e-08 -1.06868e-07 6.53812e-08 -1.28546e-07 5.35729e-08
0.543594 -2.1195e-08 -1.17904e-08 -1.05227e-07 6.44067e-08 -1.26422e-07 5.26162e-08
0.543833 -2.07229e-08 -1.17679e-08 -1.03625e-07 6.34248e-08 -1.24348e-07 5.16569e-08
0.544071 -2.02617e-08 -1.1741e-08 -1.02062e-07 6.24369e-08 -1.22324e-07 5.06959e-08
0.54431 -1.98113e-08 -1.17098e-08 -1.00536e-07 6.1444e-08 -1.20348e-07 4.97342e-08
0.544548 -1.93713e-08 -1.16748e-08 -9.90476e-08 6.04474e-08 -1.18419e-07 4.87726e-08
0.544786 -1.89416e-08 -1.16359e-08 -9.75953e-08 5.94479e-08 -1.16537e-07 4.7812e-08
0.545025 -1.85218e-08 -1.15936e-08 -9.61787e-08 5.84466e-08 -1.14701e-07 4.6853e-08
0.545263 -1.81118e-08 -1.15479e-08 -9.47973e-08 5.74444e-08 -1.12909e-07 4.58965e-08
0.545502 -1.77114e-08 -1.14991e-08 -9.34503e-08 5.64421e-08 -1.11162e-07 4.4943e-08
0.54574 -1.73203e-08 -1.14473e-08 -9.21371e-08 5.54405e-08 -1.09457e-07 4.39932e-08
0.545979 -1.69383e-08 -1.13927e-08 -9.08571e-08 5.44404e-08 -1.07795e-07 4.30477e-08
0.546217 -1.65651e-08 -1.13356e-08 -8.96096e-08 5.34425e-08 -1.06175e-07 4.2107e-08
0.546455 -1.62007e-08 -1.12759e-08 -8.8394e-08 5.24474e-08 -1.04595e-07 4.11715e-08
0.546694 -1.58448e-08 -1.1214e-08 -8.72095e-08 5.14557e-08 -1.03054e-07 4.02417e-08
0.546932 -1.54971e-08 -1.11499e-08 -8.60557e-08 5.04681e-08 -1.01553e-07 3.93182e-08
0.547171 -1.51576e-08 -1.10838e-08 -8.49317e-08 4.94849e-08 -1.00089e-07 3.84011e-08
0.547409 -1.48259e-08 -1.10158e-08 -8.38371e-08 4.85068e-08 -9.8663e-08 3.7491e-08
0.547647 -1.4502e-08 -1.09461e-08 -8.2771e-08 4.75342e-08 -9.7273e-08 3.65881e-08
0.547886 -1.41856e-08 -1.08748e-08 -8.1733e-08 4.65675e-08 -9.59186e-08 3.56927e-08
0.548124 -1.38765e-08 -1.08019e-08 -8.07224e-08 4.56071e-08 -9.4599e-08 3.48051e-08
0.548363 -1.35746e-08 -1.07277e-08 -7.97386e-08 4.46533e-08 -9.33133e-08 3.39256e-08
0.548601 -1.32798e-08 -1.06522e-08 -7.8781e-08 4.37066e-08 -9.20608e-08 3.30544e-08
0.54884 -1.29918e-08 -1.05755e-08 -7.78489e-08 4.27672e-08 -9.08407e-08 3.21916e-08
0.549078 -1.27105e-08 -1.04977e-08 -7.69418e-08 4.18353e-08 -8.96522e-08 3.13376e-08
0.549316 -1.24357e-08 -1.0419e-08 -7.6059e-08 4.09113e-08 -8.84947e-08 3.04923e-08
0.549555 -1.21672e-08 -1.03393e-08 -7.52001e-08 3.99954e-08 -8.73673e-08 2.96561e-08
