0.399828 5.07921e-11 4.02234e-11 1.87914e-10 4.1831e-10 -1.88925e-17 2.14729e-17 1.22303e-09 1.98946e-09 1.27383e-09 2.02968e-09
0.400186 5.17969e-11 4.11548e-11 1.91222e-10 4.24761e-10 -1.9539e-17 2.20732e-17 1.2448e-09 2.0193e-09 1.2966e-09 2.06045e-09
0.400543 5.28226e-11 4.21091e-11 1.94584e-10 4.31305e-10 -2.02084e-17 2.26899e-17 1.26694e-09 2.04954e-09 1.31976e-09 2.09165e-09
0.400901 5.38697e-11 4.30872e-11 1.98002e-10 4.37943e-10 -2.09017e-17 2.33237e-17 1.28944e-09 2.08019e-09 1.34331e-09 2.12328e-09
0.401258 5.49387e-11 4.40894e-11 2.01475e-10 4.44676e-10 -2.16196e-17 2.3975e-17 1.31233e-09 2.11126e-09 1.36727e-09 2.15534e-09
0.401616 5.60301e-11 4.51166e-11 2.05005e-10 4.51506e-10 -2.23631e-17 2.46441e-17 1.3356e-09 2.14274e-09 1.39163e-09 2.18785e-09
0.401974 5.71443e-11 4.61694e-11 2.08593e-10 4.58433e-10 -2.31331e-17 2.53315e-17 1.35925e-09 2.17463e-09 1.41639e-09 2.2208e-09
0.402331 5.82818e-11 4.72483e-11 2.12238e-10 4.65457e-10 -2.39305e-17 2.60378e-17 1.3833e-09 2.20695e-09 1.44158e-09 2.2542e-09
0.402689 5.94432e-11 4.83542e-11 2.15941e-10 4.7258e-10 -2.47564e-17 2.67632e-17 1.40774e-09 2.23969e-09 1.46718e-09 2.28804e-09
0.403047 6.06288e-11 4.94876e-11 2.19703e-10 4.79803e-10 -2.56117e-17 2.75084e-17 1.43258e-09 2.27286e-09 1.49321e-09 2.32234e-09
0.403404 6.18393e-11 5.06493e-11 2.23525e-10 4.87126e-10 -2.64976e-17 2.82738e-17 1.45783e-09 2.30645e-09 1.51967e-09 2.3571e-09
0.403762 6.30751e-11 5.18401e-11 2.27406e-10 4.9455e-10 -2.74152e-17 2.90598e-17 1.48348e-09 2.34047e-09 1.54656e-09 2.39231e-09
0.404119 6.43368e-11 5.30607e-11 2.31348e-10 5.02077e-10 -2.83656e-17 2.9867e-17 1.50955e-09 2.37492e-09 1.57389e-09 2.42798e-09
0.404477 6.5625e-11 5.43119e-11 2.35352e-10 5.09705e-10 -2.935e-17 3.06959e-17 1.53603e-09 2.40981e-09 1.60166e-09 2.46412e-09
0.404835 6.69401e-11 5.55945e-11 2.39416e-10 5.17438e-10 -3.03697e-17 3.15469e-17 1.56294e-09 2.44512e-09 1.62988e-09 2.50072e-09
0.405192 6.82828e-11 5.69093e-11 2.43542e-10 5.25274e-10 -3.14259e-17 3.24207e-17 1.59027e-09 2.48088e-09 1.65855e-09 2.53779e-09
0.40555 6.96536e-11 5.82571e-11 2.47731e-10 5.33215e-10 -3.25199e-17 3.33176e-17 1.61803e-09 2.51707e-09 1.68768e-09 2.57532e-09
0.405908 7.10532e-11 5.96388e-11 2.51982e-10 5.41261e-10 -3.36532e-17 3.42382e-17 1.64621e-09 2.55369e-09 1.71727e-09 2.61333e-09
0.406265 7.2482e-11 6.10553e-11 2.56297e-10 5.49413e-10 -3.48272e-17 3.51831e-17 1.67484e-09 2.59076e-09 1.74732e-09 2.65181e-09
0.406623 7.39408e-11 6.25075e-11 2.60675e-10 5.57671e-10 -3.60432e-17 3.61527e-17 1.7039e-09 2.62826e-09 1.77784e-09 2.69076e-09
0.406981 7.54302e-11 6.39964e-11 2.65116e-10 5.66036e-10 -3.7303e-17 3.71477e-17 1.7334e-09 2.66619e-09 1.80883e-09 2.73019e-09
0.407338 7.69508e-11 6.55228e-11 2.69621e-10 5.74508e-10 -3.86079e-17 3.81685e-17 1.76335e-09 2.70457e-09 1.8403e-09 2.77009e-09
0.407696 7.85032e-11 6.70878e-11 2.74191e-10 5.83088e-10 -3.99598e-17 3.92157e-17 1.79374e-09 2.74338e-09 1.87224e-09 2.81047e-09
0.408053 8.00881e-11 6.86924e-11 2.78824e-10 5.91776e-10 -4.13602e-17 4.02899e-17 1.82458e-09 2.78262e-09 1.90467e-09 2.85132e-09
0.408411 8.17061e-11 7.03376e-11 2.83522e-10 6.00572e-10 -4.2811e-17 4.13915e-17 1.85587e-09 2.8223e-09 1.93758e-09 2.89264e-09
0.408769 8.33581e-11 7.20245e-11 2.88285e-10 6.09476e-10 -4.43139e-17 4.25211e-17 1.88761e-09 2.86241e-09 1.97097e-09 2.93444e-09
0.409126 8.50446e-11 7.37542e-11 2.93111e-10 6.18489e-10 -4.58708e-17 4.36793e-17 1.91981e-09 2.90295e-09 2.00485e-09 2.97671e-09
0.409484 8.67663e-11 7.55277e-11 2.98003e-10 6.27611e-10 -4.74838e-17 4.48666e-17 1.95245e-09 2.94392e-09 2.03922e-09 3.01945e-09
0.409842 8.8524e-11 7.73463e-11 3.02958e-10 6.36841e-10 -4.91547e-17 4.60836e-17 1.98556e-09 2.98531e-09 2.07408e-09 3.06265e-09
0.410199 9.03185e-11 7.92111e-11 3.07978e-10 6.46179e-10 -5.08857e-17 4.73307e-17 2.01912e-09 3.02712e-09 2.10943e-09 3.10633e-09
0.410557 9.21503e-11 8.11233e-11 3.13061e-10 6.55626e-10 -5.2679e-17 4.86086e-17 2.05313e-09 3.06934e-09 2.14528e-09 3.15047e-09
0.410914 9.40205e-11 8.30841e-11 3.18208e-10 6.65181e-10 -5.45367e-17 4.99176e-17 2.0876e-09 3.11198e-09 2.18162e-09 3.19506e-09
0.411272 9.59296e-11 8.50948e-11 3.23418e-10 6.74844e-10 -5.64613e-17 5.12585e-17 2.12252e-09 3.15502e-09 2.21845e-09 3.24012e-09
0.41163 9.78785e-11 8.71568e-11 3.28691e-10 6.84614e-10 -5.8455e-17 5.26315e-17 2.15789e-09 3.19847e-09 2.25577e-09 3.28563e-09
0.411987 9.98679e-11 8.92714e-11 3.34025e-10 6.94491e-10 -6.05204e-17 5.40373e-17 2.19372e-09 3.24231e-09 2.29359e-09 3.33158e-09
0.412345 1.01899e-10 9.14398e-11 3.39421e-10 7.04474e-10 -6.266e-17 5.54763e-17 2.22999e-09 3.28654e-09 2.33189e-09 3.37798e-09
0.412703 1.03972e-10 9.36636e-11 3.44878e-10 7.14563e-10 -6.48765e-17 5.6949e-17 2.26671e-09 3.33114e-09 2.37068e-09 3.42481e-09
0.41306 1.06088e-10 9.59441e-11 3.50394e-10 7.24756e-10 -6.71726e-17 5.84559e-17 2.30387e-09 3.37613e-09 2.40995e-09 3.47207e-09
0.413418 1.08248e-10 9.82829e-11 3.55969e-10 7.35053e-10 -6.95511e-17 5.99973e-17 2.34146e-09 3.42147e-09 2.44971e-09 3.51975e-09
0.413775 1.10453e-10 1.00681e-10 3.61602e-10 7.45452e-10 -7.20149e-17 6.15736e-17 2.37949e-09 3.46717e-09 2.48994e-09 3.56785e-09
0.414133 1.12703e-10 1.03141e-10 3.6729e-10 7.55952e-10 -7.45671e-17 6.31852e-17 2.41794e-09 3.51321e-09 2.53064e-09 3.61635e-09
0.414491 1.15e-10 1.05664e-10 3.73034e-10 7.66553e-10 -7.72108e-17 6.48326e-17 2.45681e-09 3.55959e-09 2.57181e-09 3.66525e-09
0.414848 1.17344e-10 1.08251e-10 3.78832e-10 7.77252e-10 -7.99492e-17 6.65159e-17 2.49609e-09 3.60628e-09 2.61344e-09 3.71453e-09
0.415206 1.19737e-10 1.10905e-10 3.84681e-10 7.88047e-10 -8.27856e-17 6.82355e-17 2.53578e-09 3.65328e-09 2.65552e-09 3.76419e-09
0.415564 1.22179e-10 1.13626e-10 3.90581e-10 7.98938e-10 -8.57235e-17 6.99916e-17 2.57586e-09 3.70058e-09 2.69804e-09 3.81421e-09
0.415921 1.24671e-10 1.16417e-10 3.96528e-10 8.09921e-10 -8.87664e-17 7.17845e-17 2.61633e-09 3.74816e-09 2.741e-09 3.86458e-09
0.416279 1.27215e-10 1.1928e-10 4.02522e-10 8.20995e-10 -9.19179e-17 7.36142e-17 2.65717e-09 3.796e-09 2.78439e-09 3.91528e-09
0.416636 1.2981e-10 1.22215e-10 4.08559e-10 8.32158e-10 -9.51819e-17 7.5481e-17 2.69838e-09 3.84409e-09 2.82819e-09 3.9663e-09
0.416994 1.32459e-10 1.25226e-10 4.14637e-10 8.43406e-10 -9.85622e-17 7.73848e-17 2.73993e-09 3.89241e-09 2.87239e-09 4.01763e-09
0.417352 1.35161e-10 1.28314e-10 4.20754e-10 8.54737e-10 -1.02063e-16 7.93256e-17 2.78182e-09 3.94094e-09 2.91698e-09 4.06925e-09
0.417709 1.37919e-10 1.31482e-10 4.26906e-10 8.66149e-10 -1.05688e-16 8.13034e-17 2.82402e-09 3.98965e-09 2.96194e-09 4.12114e-09
0.418067 1.40733e-10 1.3473e-10 4.33091e-10 8.77637e-10 -1.09442e-16 8.3318e-17 2.86653e-09 4.03854e-09 3.00726e-09 4.17327e-09
0.418425 1.43604e-10 1.38061e-10 4.39304e-10 8.89198e-10 -1.13329e-16 8.53693e-17 2.90932e-09 4.08758e-09 3.05292e-09 4.22564e-09
0.418782 1.46534e-10 1.41478e-10 4.45543e-10 9.0083e-10 -1.17354e-16 8.74568e-17 2.95237e-09 4.13673e-09 3.0989e-09 4.27821e-09
0.41914 1.49522e-10 1.44982e-10 4.51804e-10 9.12527e-10 -1.21521e-16 8.95804e-17 2.99567e-09 4.18599e-09 3.14519e-09 4.33097e-09
0.419497 1.52571e-10 1.48576e-10 4.58082e-10 9.24286e-10 -1.25836e-16 9.17394e-17 3.03918e-09 4.23531e-09 3.19175e-09 4.38389e-09
0.419855 1.55681e-10 1.52262e-10 4.64373e-10 9.36102e-10 -1.30302e-16 9.39333e-17 3.08289e-09 4.28468e-09 3.23857e-09 4.43694e-09
0.420213 1.58854e-10 1.56042e-10 4.70672e-10 9.4797e-10 -1.34926e-16 9.61614e-17 3.12677e-09 4.33405e-09 3.28563e-09 4.4901e-09
0.42057 1.6209e-10 1.59919e-10 4.76974e-10 9.59887e-10 -1.39712e-16 9.8423e-17 3.17079e-09 4.38341e-09 3.33288e-09 4.54333e-09
0.420928 1.65391e-10 1.63894e-10 4.83274e-10 9.71845e-10 -1.44666e-16 1.00717e-16 3.21492e-09 4.43272e-09 3.38031e-09 4.59661e-09
0.421286 1.68757e-10 1.67972e-10 4.89566e-10 9.8384e-10 -1.49793e-16 1.03042e-16 3.25913e-09 4.48194e-09 3.42789e-09 4.64991e-09
0.421643 1.72191e-10 1.72153e-10 4.95844e-10 9.95865e-10 -1.55099e-16 1.05398e-16 3.30338e-09 4.53104e-09 3.47557e-09 4.70319e-09
0.422001 1.75692e-10 1.76442e-10 5.02102e-10 1.00791e-09 -1.60591e-16 1.07783e-16 3.34764e-09 4.57997e-09 3.52333e-09 4.75641e-09
0.422359 1.79262e-10 1.80839e-10 5.08333e-10 1.01998e-09 -1.66273e-16 1.10195e-16 3.39186e-09 4.6287e-09 3.57113e-09 4.80954e-09
0.422716 1.82903e-10 1.85349e-10 5.14529e-10 1.03206e-09 -1.72152e-16 1.12632e-16 3.43602e-09 4.67719e-09 3.61892e-09 4.86253e-09
0.423074 1.86615e-10 1.89973e-10 5.20683e-10 1.04414e-09 -1.78234e-16 1.15094e-16 3.48005e-09 4.72538e-09 3.66667e-09 4.91535e-09
0.423431 1.90399e-10 1.94715e-10 5.26787e-10 1.05621e-09 -1.84526e-16 1.17577e-16 3.52392e-09 4.77324e-09 3.71432e-09 4.96795e-09
0.423789 1.94257e-10 1.99578e-10 5.32831e-10 1.06828e-09 -1.91035e-16 1.20079e-16 3.56758e-09 4.82071e-09 3.76183e-09 5.02029e-09
0.424147 1.98189e-10 2.04564e-10 5.38808e-10 1.08032e-09 -1.97767e-16 1.22599e-16 3.61097e-09 4.86775e-09 3.80916e-09 5.07231e-09
0.424504 2.02197e-10 2.09677e-10 5.44707e-10 1.09232e-09 -2.04728e-16 1.25133e-16 3.65404e-09 4.91429e-09 3.85623e-09 5.12397e-09
0.424862 2.06283e-10 2.14919e-10 5.50518e-10 1.10429e-09 -2.11927e-16 1.27677e-16 3.69672e-09 4.96028e-09 3.903e-09 5.1752e-09
0.42522 2.10446e-10 2.20294e-10 5.56231e-10 1.11621e-09 -2.1937e-16 1.3023e-16 3.73896e-09 5.00567e-09 3.94941e-09 5.22596e-09
0.425577 2.14689e-10 2.25805e-10 5.61833e-10 1.12806e-09 -2.27066e-16 1.32787e-16 3.7807e-09 5.05039e-09 3.99538e-09 5.27619e-09
0.425935 2.19012e-10 2.31454e-10 5.67314e-10 1.13984e-09 -2.3502e-16 1.35345e-16 3.82185e-09 5.09438e-09 4.04086e-09 5.32583e-09
0.426292 2.23416e-10 2.37246e-10 5.7266e-10 1.15154e-09 -2.43241e-16 1.37899e-16 3.86235e-09 5.13756e-09 4.08576e-09 5.37481e-09
0.42665 2.27903e-10 2.43184e-10 5.77858e-10 1.16314e-09 -2.51737e-16 1.40445e-16 3.90211e-09 5.17987e-09 4.13001e-09 5.42306e-09
0.427008 2.32473e-10 2.49272e-10 5.82895e-10 1.17463e-09 -2.60516e-16 1.42978e-16 3.94106e-09 5.22124e-09 4.17354e-09 5.47051e-09
0.427365 2.37129e-10 2.55511e-10 5.87755e-10 1.186e-09 -2.69586e-16 1.45493e-16 3.97912e-09 5.26159e-09 4.21625e-09 5.5171e-09
0.427723 2.41869e-10 2.61907e-10 5.92422e-10 1.19723e-09 -2.78955e-16 1.47984e-16 4.01618e-09 5.30083e-09 4.25805e-09 5.56274e-09
0.428081 2.46697e-10 2.68463e-10 5.96882e-10 1.2083e-09 -2.88632e-16 1.50445e-16 4.05215e-09 5.33889e-09 4.29885e-09 5.60735e-09
0.428438 2.51613e-10 2.75182e-10 6.01116e-10 1.21921e-09 -2.98624e-16 1.5287e-16 4.08694e-09 5.37568e-09 4.33855e-09 5.65086e-09
0.428796 2.56617e-10 2.82069e-10 6.05106e-10 1.22993e-09 -3.08941e-16 1.55252e-16 4.12042e-09 5.4111e-09 4.37704e-09 5.69317e-09
0.429153 2.61711e-10 2.89126e-10 6.08834e-10 1.24046e-09 -3.19591e-16 1.57582e-16 4.1525e-09 5.44506e-09 4.41422e-09 5.73419e-09
0.429511 2.66896e-10 2.96359e-10 6.12279e-10 1.25076e-09 -3.30583e-16 1.59854e-16 4.18306e-09 5.47747e-09 4.44995e-09 5.77383e-09
0.429869 2.72173e-10 3.03769e-10 6.15421e-10 1.26083e-09 -3.41925e-16 1.62059e-16 4.21196e-09 5.50822e-09 4.48414e-09 5.81199e-09
0.430226 2.77542e-10 3.11363e-10 6.18238e-10 1.27064e-09 -3.53627e-16 1.64188e-16 4.23909e-09 5.53721e-09 4.51663e-09 5.84857e-09
0.430584 2.83004e-10 3.19143e-10 6.20706e-10 1.28017e-09 -3.65698e-16 1.66231e-16 4.26429e-09 5.56432e-09 4.5473e-09 5.88346e-09
0.430942 2.88561e-10 3.27114e-10 6.22802e-10 1.2894e-09 -3.78146e-16 1.68177e-16 4.28744e-09 5.58944e-09 4.576e-09 5.91655e-09
0.431299 2.94213e-10 3.3528e-10 6.245e-10 1.29832e-09 -3.9098e-16 1.70017e-16 4.30838e-09 5.61245e-09 4.60259e-09 5.94773e-09
0.431657 2.9996e-10 3.43644e-10 6.25774e-10 1.30689e-09 -4.0421e-16 1.71738e-16 4.32694e-09 5.63322e-09 4.6269e-09 5.97687e-09
0.432014 3.05804e-10 3.52211e-10 6.26596e-10 1.3151e-09 -4.17844e-16 1.73328e-16 4.34297e-09 5.65163e-09 4.64878e-09 6.00384e-09
0.432372 3.11745e-10 3.60986e-10 6.26937e-10 1.32292e-09 -4.3189e-16 1.74773e-16 4.35629e-09 5.66755e-09 4.66804e-09 6.02853e-09
0.43273 3.17783e-10 3.69972e-10 6.26766e-10 1.33032e-09 -4.46359e-16 1.76061e-16 4.36672e-09 5.68082e-09 4.68451e-09 6.05079e-09
0.433087 3.2392e-10 3.79174e-10 6.26052e-10 1.33728e-09 -4.61258e-16 1.77176e-16 4.37407e-09 5.69132e-09 4.69799e-09 6.07049e-09
0.433445 3.30155e-10 3.88596e-10 6.24761e-10 1.34376e-09 -4.76596e-16 1.78103e-16 4.37813e-09 5.69888e-09 4.70829e-09 6.08748e-09
0.433803 3.36489e-10 3.98243e-10 6.22858e-10 1.34975e-09 -4.92381e-16 1.78826e-16 4.37871e-09 5.70337e-09 4.7152e-09 6.10161e-09
0.43416 3.42922e-10 4.08118e-10 6.20307e-10 1.35521e-09 -5.08622e-16 1.79326e-16 4.37557e-09 5.7046e-09 4.71849e-09 6.11272e-09
0.434518 3.49454e-10 4.18227e-10 6.1707e-10 1.36011e-09 -5.25326e-16 1.79586e-16 4.36849e-09 5.70243e-09 4.71794e-09 6.12065e-09
0.434875 3.56086e-10 4.28573e-10 6.13106e-10 1.36442e-09 -5.42501e-16 1.79587e-16 4.35723e-09 5.69667e-09 4.71332e-09 6.12524e-09
0.435233 3.62818e-10 4.3916e-10 6.08375e-10 1.3681e-09 -5.60154e-16 1.79308e-16 4.34154e-09 5.68715e-09 4.70436e-09 6.12631e-09
0.435591 3.69649e-10 4.49995e-10 6.02832e-10 1.37112e-09 -5.78292e-16 1.78728e-16 4.32116e-09 5.67369e-09 4.69081e-09 6.12368e-09
0.435948 3.76579e-10 4.61079e-10 5.96433e-10 1.37344e-09 -5.96922e-16 1.77824e-16 4.29582e-09 5.65609e-09 4.6724e-09 6.11717e-09
0.436306 3.83608e-10 4.72419e-10 5.8913e-10 1.37503e-09 -6.16049e-16 1.76573e-16 4.26522e-09 5.63415e-09 4.64883e-09 6.10657e-09
0.436664 3.90736e-10 4.84018e-10 5.80873e-10 1.37585e-09 -6.35679e-16 1.7495e-16 4.22908e-09 5.60769e-09 4.61981e-09 6.09171e-09
0.437021 3.97963e-10 4.95881e-10 5.71611e-10 1.37586e-09 -6.55816e-16 1.72928e-16 4.18707e-09 5.57648e-09 4.58503e-09 6.07236e-09
0.437379 4.05286e-10 5.08012e-10 5.61291e-10 1.37501e-09 -6.76466e-16 1.70481e-16 4.13888e-09 5.54031e-09 4.54416e-09 6.04832e-09
0.437737 4.12707e-10 5.20415e-10 5.49856e-10 1.37327e-09 -6.97631e-16 1.67579e-16 4.08416e-09 5.49895e-09 4.49687e-09 6.01936e-09
0.438094 4.20223e-10 5.33094e-10 5.37247e-10 1.37058e-09 -7.19314e-16 1.64194e-16 4.02257e-09 5.45218e-09 4.44279e-09 5.98527e-09
0.438452 4.27834e-10 5.46053e-10 5.23405e-10 1.36691e-09 -7.41517e-16 1.60293e-16 3.95373e-09 5.39975e-09 4.38156e-09 5.94581e-09
0.438809 4.35538e-10 5.59297e-10 5.08266e-10 1.36221e-09 -7.64241e-16 1.55844e-16 3.87726e-09 5.34143e-09 4.3128e-09 5.90073e-09
0.439167 4.43335e-10 5.72829e-10 4.91763e-10 1.35643e-09 -7.87485e-16 1.50813e-16 3.79277e-09 5.27696e-09 4.2361e-09 5.84979e-09
0.439525 4.51222e-10 5.86653e-10 4.73829e-10 1.34952e-09 -8.11248e-16 1.45164e-16 3.69983e-09 5.20608e-09 4.15105e-09 5.79274e-09
0.439882 4.59198e-10 6.00772e-10 4.54392e-10 1.34142e-09 -8.35528e-16 1.3886e-16 3.59801e-09 5.12853e-09 4.05721e-09 5.7293e-09
0.44024 4.67261e-10 6.15191e-10 4.33378e-10 1.33208e-09 -8.6032e-16 1.31863e-16 3.48687e-09 5.04402e-09 3.95413e-09 5.65921e-09
0.440598 4.75409e-10 6.29912e-10 4.1071e-10 1.32146e-09 -8.8562e-16 1.24133e-16 3.36593e-09 4.95229e-09 3.84134e-09 5.5822e-09
0.440955 4.83639e-10 6.44939e-10 3.86308e-10 1.30948e-09 -9.1142e-16 1.15627e-16 3.23471e-09 4.85303e-09 3.71835e-09 5.49797e-09
0.441313 4.91949e-10 6.60275e-10 3.60089e-10 1.2961e-09 -9.37713e-16 1.06304e-16 3.0927e-09 4.74595e-09 3.58465e-09 5.40623e-09
0.44167 5.00336e-10 6.75922e-10 3.31965e-10 1.28125e-09 -9.64487e-16 9.61176e-17 2.93937e-09 4.63075e-09 3.43971e-09 5.30667e-09
0.442028 5.08796e-10 6.91883e-10 3.01848e-10 1.26487e-09 -9.9173e-16 8.50226e-17 2.77419e-09 4.50711e-09 3.28299e-09 5.19899e-09
0.442386 5.17328e-10 7.08161e-10 2.69645e-10 1.2469e-09 -1.01943e-15 7.29709e-17 2.59658e-09 4.37471e-09 3.11391e-09 5.08287e-09
0.442743 5.25926e-10 7.24757e-10 2.35259e-10 1.22727e-09 -1.04757e-15 5.99133e-17 2.40596e-09 4.23322e-09 2.93189e-09 4.95797e-09
0.443101 5.34588e-10 7.41674e-10 1.9859e-10 1.20592e-09 -1.07613e-15 4.57991e-17 2.20171e-09 4.0823e-09 2.7363e-09 4.82398e-09
0.443459 5.43309e-10 7.58912e-10 1.59535e-10 1.18278e-09 -1.10508e-15 3.0576e-17 1.98321e-09 3.92162e-09 2.52652e-09 4.68053e-09
0.443816 5.52085e-10 7.76473e-10 1.17986e-10 1.15777e-09 -1.13442e-15 1.41904e-17 1.74979e-09 3.75082e-09 2.30188e-09 4.52729e-09
0.444174 5.6091e-10 7.94357e-10 7.3832e-11 1.13082e-09 -1.1641e-15 0 1.50079e-09 3.56953e-09 2.0617e-09 4.36389e-09
0.444531 5.69781e-10 8.12566e-10 2.69581e-11 1.10186e-09 -1.1941e-15 -2.22897e-17 1.23549e-09 3.37739e-09 1.80527e-09 4.18996e-09
0.444889 5.78691e-10 8.31097e-10 -2.27547e-11 1.07082e-09 -1.2244e-15 -4.24981e-17 9.53173e-10 3.17404e-09 1.53186e-09 4.00513e-09
0.445247 5.87635e-10 8.49952e-10 -7.54294e-11 1.03761e-09 -1.25494e-15 -6.40966e-17 6.53082e-10 2.95907e-09 1.24072e-09 3.80902e-09
0.445604 5.96607e-10 8.69129e-10 -1.31193e-10 1.00217e-09 -1.2857e-15 -8.71452e-17 3.34441e-10 2.73211e-09 9.31049e-10 3.60124e-09
0.445962 6.05601e-10 8.88626e-10 -1.90177e-10 9.64392e-10 -1.31663e-15 -1.11705e-16 -3.55377e-12 2.49276e-09 6.02047e-10 3.38139e-09
0.44632 6.14609e-10 9.08442e-10 -2.52517e-10 9.24211e-10 -1.34768e-15 -1.37836e-16 -3.61733e-10 2.24061e-09 2.52876e-10 3.14905e-09
0.446677 6.23625e-10 9.28573e-10 -3.18353e-10 8.8154e-10 -1.37881e-15 -1.65602e-16 -7.40955e-10 1.97526e-09 -1.1733e-10 2.90384e-09
0.447035 6.3264e-10 9.49016e-10 -3.87829e-10 8.36291e-10 -1.40996e-15 -1.95066e-16 -1.1421e-09 1.69629e-09 -5.09462e-10 2.64531e-09
0.447392 6.41648e-10 9.69767e-10 -4.61093e-10 7.88377e-10 -1.44108e-15 -2.2629e-16 -1.56609e-09 1.40328e-09 -9.2444e-10 2.37305e-09
0.44775 6.50639e-10 9.9082e-10 -5.383e-10 7.37709e-10 -1.4721e-15 -2.59337e-16 -2.01385e-09 1.0958e-09 -1.36321e-09 2.08662e-09
0.448108 6.59605e-10 1.01217e-09 -6.19606e-10 6.84195e-10 -1.50295e-15 -2.94271e-16 -2.48636e-09 7.73424e-10 -1.82676e-09 1.7856e-09
0.448465 6.68536e-10 1.03381e-09 -7.05174e-10 6.27745e-10 -1.53357e-15 -3.31154e-16 -2.98462e-09 4.35708e-10 -2.31608e-09 1.46952e-09
0.448823 6.77423e-10 1.05574e-09 -7.95172e-10 5.68265e-10 -1.56387e-15 -3.70048e-16 -3.50964e-09 8.22135e-11 -2.83222e-09 1.13795e-09
0.449181 6.86255e-10 1.07794e-09 -8.89769e-10 5.05659e-10 -1.59378e-15 -4.11015e-16 -4.06249e-09 -2.87503e-10 -3.37623e-09 7.90437e-10
0.449538 6.95022e-10 1.10041e-09 -9.89144e-10 4.39831e-10 -1.62321e-15 -4.54113e-16 -4.64424e-09 -6.7389e-10 -3.94922e-09 4.26517e-10
0.449896 7.03713e-10 1.12313e-09 -1.09348e-09 3.70685e-10 -1.65207e-15 -4.99402e-16 -5.25601e-09 -1.0774e-09 -4.5523e-09 4.57321e-11
0.450253 7.12316e-10 1.1461e-09 -1.20295e-09 2.98122e-10 -1.68026e-15 -5.46937e-16 -5.89894e-09 -1.49848e-09 -5.18663e-09 -3.52381e-10
0.450611 7.20818e-10 1.1693e-09 -1.31776e-09 2.22044e-10 -1.70768e-15 -5.96772e-16 -6.5742e-09 -1.93759e-09 -5.85338e-09 -7.68289e-10
0.450969 7.29207e-10 1.19271e-09 -1.43809e-09 1.42349e-10 -1.73422e-15 -6.48958e-16 -7.28299e-09 -2.39517e-09 -6.55378e-09 -1.20246e-09
0.451326 7.37471e-10 1.21633e-09 -1.56415e-09 5.89375e-11 -1.75978e-15 -7.03542e-16 -8.02653e-09 -2.87169e-09 -7.28906e-09 -1.65536e-09
0.451684 7.45594e-10 1.24014e-09 -1.69614e-09 -2.82917e-11 -1.78422e-15 -7.60567e-16 -8.80607e-09 -3.3676e-09 -8.06048e-09 -2.12746e-09
0.452042 7.53564e-10 1.26412e-09 -1.83426e-09 -1.1944e-10 -1.80744e-15 -8.20073e-16 -9.6229e-09 -3.88334e-09 -8.86934e-09 -2.61922e-09
0.452399 7.61364e-10 1.28824e-09 -1.97874e-09 -2.1461e-10 -1.8293e-15 -8.82093e-16 -1.04783e-08 -4.41936e-09 -9.71697e-09 -3.13112e-09
0.452757 7.68981e-10 1.3125e-09 -2.12978e-09 -3.13903e-10 -1.84966e-15 -9.46656e-16 -1.13737e-08 -4.97611e-09 -1.06047e-08 -3.66361e-09
0.453115 7.76398e-10 1.33686e-09 -2.2876e-09 -4.17422e-10 -1.86839e-15 -1.01378e-15 -1.23103e-08 -5.55402e-09 -1.15339e-08 -4.21716e-09
0.453472 7.83598e-10 1.3613e-09 -2.45243e-09 -5.25267e-10 -1.88534e-15 -1.08349e-15 -1.32896e-08 -6.15352e-09 -1.2506e-08 -4.79221e-09
0.45383 7.90565e-10 1.38581e-09 -2.62449e-09 -6.37539e-10 -1.90036e-15 -1.15578e-15 -1.4313e-08 -6.77503e-09 -1.35225e-08 -5.38923e-09
0.454187 7.97281e-10 1.41034e-09 -2.80402e-09 -7.5434e-10 -1.91331e-15 -1.23066e-15 -1.53819e-08 -7.41898e-09 -1.45846e-08 -6.00864e-09
0.454545 8.03729e-10 1.43486e-09 -2.99125e-09 -8.75768e-10 -1.92402e-15 -1.30811e-15 -1.64978e-08 -8.08575e-09 -1.5694e-08 -6.65089e-09
0.454903 8.0989e-10 1.45936e-09 -3.18642e-09 -1.00192e-09 -1.93232e-15 -1.38812e-15 -1.7662e-08 -8.77575e-09 -1.68521e-08 -7.31639e-09
0.45526 8.15744e-10 1.48379e-09 -3.38975e-09 -1.1329e-09 -1.93807e-15 -1.47064e-15 -1.88761e-08 -9.48935e-09 -1.80604e-08 -8.00555e-09
0.455618 8.21273e-10 1.50812e-09 -3.60151e-09 -1.26879e-09 -1.94108e-15 -1.55565e-15 -2.01417e-08 -1.02269e-08 -1.93204e-08 -8.71879e-09
0.455976 8.26457e-10 1.53231e-09 -3.82191e-09 -1.4097e-09 -1.94119e-15 -1.64307e-15 -2.14601e-08 -1.09888e-08 -2.06336e-08 -9.45647e-09
0.456333 8.31274e-10 1.55631e-09 -4.05122e-09 -1.55571e-09 -1.93823e-15 -1.73284e-15 -2.28329e-08 -1.17753e-08 -2.20016e-08 -1.0219e-08
0.456691 8.35705e-10 1.5801e-09 -4.28968e-09 -1.7069e-09 -1.93202e-15 -1.82488e-15 -2.42617e-08 -1.25867e-08 -2.3426e-08 -1.10066e-08
0.457048 8.39728e-10 1.60361e-09 -4.53752e-09 -1.86338e-09 -1.9224e-15 -1.91907e-15 -2.57479e-08 -1.34234e-08 -2.49081e-08 -1.18198e-08
0.457406 8.43321e-10 1.62681e-09 -4.795e-09 -2.02521e-09 -1.90918e-15 -2.01531e-15 -2.72931e-08 -1.42856e-08 -2.64498e-08 -1.26588e-08
0.457764 8.46463e-10 1.64964e-09 -5.06237e-09 -2.19247e-09 -1.89221e-15 -2.11346e-15 -2.88988e-08 -1.51735e-08 -2.80523e-08 -1.35239e-08
0.458121 8.49131e-10 1.67204e-09 -5.33985e-09 -2.36525e-09 -1.8713e-15 -2.21336e-15 -3.05665e-08 -1.60874e-08 -2.97174e-08 -1.44153e-08
0.458479 8.51302e-10 1.69397e-09 -5.6277e-09 -2.54361e-09 -1.84632e-15 -2.31484e-15 -3.22978e-08 -1.70273e-08 -3.14465e-08 -1.53334e-08
0.458837 8.52953e-10 1.71536e-09 -5.92615e-09 -2.72762e-09 -1.81708e-15 -2.41769e-15 -3.40941e-08 -1.79936e-08 -3.32412e-08 -1.62782e-08
0.459194 8.54062e-10 1.73615e-09 -6.23544e-09 -2.91733e-09 -1.78346e-15 -2.52171e-15 -3.59569e-08 -1.89862e-08 -3.51028e-08 -1.725e-08
0.459552 8.54605e-10 1.75627e-09 -6.55579e-09 -3.11281e-09 -1.7453e-15 -2.62666e-15 -3.78876e-08 -2.00052e-08 -3.7033e-08 -1.8249e-08
0.459909 8.54559e-10 1.77566e-09 -6.88744e-09 -3.31411e-09 -1.70243e-15 -2.73229e-15 -3.98877e-08 -2.10508e-08 -3.90332e-08 -1.92751e-08
0.460267 8.53901e-10 1.79425e-09 -7.23059e-09 -3.52126e-09 -1.65483e-15 -2.83827e-15 -4.19586e-08 -2.21228e-08 -4.11047e-08 -2.03286e-08
0.460625 8.52606e-10 1.81195e-09 -7.58547e-09 -3.7343e-09 -1.60235e-15 -2.9443e-15 -4.41015e-08 -2.32213e-08 -4.32489e-08 -2.14094e-08
0.460982 8.50653e-10 1.82869e-09 -7.95228e-09 -3.95326e-09 -1.54491e-15 -3.05006e-15 -4.63177e-08 -2.43462e-08 -4.54671e-08 -2.25175e-08
0.46134 8.48017e-10 1.84439e-09 -8.33121e-09 -4.17817e-09 -1.48243e-15 -3.15516e-15 -4.86086e-08 -2.54972e-08 -4.77606e-08 -2.36528e-08
0.461698 8.44676e-10 1.85897e-09 -8.72244e-09 -4.40904e-09 -1.41487e-15 -3.25923e-15 -5.09752e-08 -2.66743e-08 -5.01305e-08 -2.48153e-08
0.462055 8.40607e-10 1.87232e-09 -9.12615e-09 -4.64588e-09 -1.34222e-15 -3.36183e-15 -5.34187e-08 -2.78771e-08 -5.25781e-08 -2.60048e-08
0.462413 8.35789e-10 1.88437e-09 -9.5425e-09 -4.88867e-09 -1.26447e-15 -3.46254e-15 -5.59401e-08 -2.91055e-08 -5.51043e-08 -2.72211e-08
0.46277 8.30199e-10 1.89501e-09 -9.97162e-09 -5.13742e-09 -1.18167e-15 -3.56086e-15 -5.85404e-08 -3.0359e-08 -5.77102e-08 -2.8464e-08
0.463128 8.23818e-10 1.90415e-09 -1.04137e-08 -5.39209e-09 -1.09388e-15 -3.6563e-15 -6.12203e-08 -3.16372e-08 -6.03964e-08 -2.9733e-08
0.463486 8.16623e-10 1.91167e-09 -1.08687e-08 -5.65265e-09 -1.0012e-15 -3.74833e-15 -6.39806e-08 -3.29396e-08 -6.3164e-08 -3.10279e-08
0.463843 8.08597e-10 1.91748e-09 -1.13369e-08 -5.91907e-09 -9.03783e-16 -3.83641e-15 -6.68219e-08 -3.42658e-08 -6.60133e-08 -3.23483e-08
0.464201 7.99721e-10 1.92147e-09 -1.18183e-08 -6.19129e-09 -8.01798e-16 -3.91994e-15 -6.97448e-08 -3.56151e-08 -6.89451e-08 -3.36936e-08
0.464559 7.89976e-10 1.92351e-09 -1.23129e-08 -6.46924e-09 -6.95479e-16 -3.99834e-15 -7.27497e-08 -3.69868e-08 -7.19597e-08 -3.50633e-08
0.464916 7.79348e-10 1.92349e-09 -1.28207e-08 -6.75285e-09 -5.85101e-16 -4.07097e-15 -7.58366e-08 -3.83802e-08 -7.50573e-08 -3.64568e-08
0.465274 7.67822e-10 1.92129e-09 -1.33419e-08 -7.04203e-09 -4.70992e-16 -4.13719e-15 -7.90058e-08 -3.97946e-08 -7.8238e-08 -3.78733e-08
0.465631 7.55383e-10 1.91678e-09 -1.38762e-08 -7.33668e-09 -3.53528e-16 -4.19634e-15 -8.22571e-08 -4.1229e-08 -8.15017e-08 -3.93122e-08
0.465989 7.42021e-10 1.90984e-09 -1.44238e-08 -7.63669e-09 -2.33161e-16 -4.24774e-15 -8.55902e-08 -4.26825e-08 -8.48482e-08 -4.07726e-08
0.466347 7.27725e-10 1.90033e-09 -1.49845e-08 -7.94193e-09 -1.10386e-16 -4.2907e-15 -8.90047e-08 -4.4154e-08 -8.8277e-08 -4.22537e-08
0.466704 7.12489e-10 1.88812e-09 -1.55581e-08 -8.25226e-09 1.42313e-17 -4.32453e-15 -9.25e-08 -4.56425e-08 -9.17875e-08 -4.37544e-08
0.467062 6.96305e-10 1.87307e-09 -1.61446e-08 -8.56754e-09 1.40058e-16 -4.34852e-15 -9.6075e-08 -4.71468e-08 -9.53787e-08 -4.52738e-08
0.46742 6.7917e-10 1.85504e-09 -1.67437e-08 -8.88759e-09 2.6639e-16 -4.36196e-15 -9.97289e-08 -4.86657e-08 -9.90497e-08 -4.68107e-08
0.467777 6.61084e-10 1.83389e-09 -1.73552e-08 -9.21225e-09 3.92453e-16 -4.36416e-15 -1.0346e-07 -5.01978e-08 -1.02799e-07 -4.83639e-08
0.468135 6.42047e-10 1.80946e-09 -1.79789e-08 -9.54131e-09 5.17394e-16 -4.35443e-15 -1.07267e-07 -5.17418e-08 -1.06625e-07 -4.99323e-08
0.468493 6.22065e-10 1.78162e-09 -1.86143e-08 -9.87458e-09 6.40285e-16 -4.33208e-15 -1.11148e-07 -5.32962e-08 -1.10526e-07 -5.15145e-08
0.46885 6.01145e-10 1.7502e-09 -1.92612e-08 -1.02118e-08 7.60119e-16 -4.29646e-15 -1.15101e-07 -5.48594e-08 -1.145e-07 -5.31092e-08
0.469208 5.79297e-10 1.71506e-09 -1.99192e-08 -1.05528e-08 8.75808e-16 -4.24696e-15 -1.19123e-07 -5.64299e-08 -1.18544e-07 -5.47148e-08
0.469565 5.56535e-10 1.67604e-09 -2.05878e-08 -1.08974e-08 9.86182e-16 -4.18297e-15 -1.23212e-07 -5.80059e-08 -1.22655e-07 -5.63299e-08
0.469923 5.32876e-10 1.633e-09 -2.12664e-08 -1.12451e-08 1.08999e-15 -4.10395e-15 -1.27364e-07 -5.95858e-08 -1.26831e-07 -5.79528e-08
0.470281 5.08342e-10 1.58576e-09 -2.19546e-08 -1.15959e-08 1.18591e-15 -4.00941e-15 -1.31577e-07 -6.11678e-08 -1.31069e-07 -5.9582e-08
0.470638 4.82958e-10 1.53418e-09 -2.26516e-08 -1.19494e-08 1.2725e-15 -3.89904e-15 -1.35846e-07 -6.27499e-08 -1.35363e-07 -6.12157e-08
0.470996 4.56753e-10 1.4781e-09 -2.33569e-08 -1.23053e-08 1.34831e-15 -3.77222e-15 -1.40168e-07 -6.43303e-08 -1.39711e-07 -6.28522e-08
0.471354 4.29761e-10 1.41736e-09 -2.40697e-08 -1.26633e-08 1.41175e-15 -3.6288e-15 -1.44538e-07 -6.59071e-08 -1.44108e-07 -6.44897e-08
0.471711 4.02018e-10 1.35181e-09 -2.47891e-08 -1.30232e-08 1.46119e-15 -3.46857e-15 -1.4895e-07 -6.74782e-08 -1.48548e-07 -6.61263e-08
0.472069 3.73567e-10 1.28129e-09 -2.55144e-08 -1.33845e-08 1.49493e-15 -3.29142e-15 -1.53401e-07 -6.90415e-08 -1.53028e-07 -6.77602e-08
0.472426 3.44456e-10 1.20566e-09 -2.62446e-08 -1.3747e-08 1.51118e-15 -3.09738e-15 -1.57885e-07 -7.0595e-08 -1.5754e-07 -6.93894e-08
0.472784 3.14736e-10 1.12476e-09 -2.69786e-08 -1.41103e-08 1.50813e-15 -2.88658e-15 -1.62395e-07 -7.21367e-08 -1.6208e-07 -7.10119e-08
0.473142 2.84464e-10 1.03844e-09 -2.77156e-08 -1.44741e-08 1.48389e-15 -2.65927e-15 -1.66924e-07 -7.36643e-08 -1.6664e-07 -7.26259e-08
0.473499 2.53703e-10 9.46571e-10 -2.84543e-08 -1.48381e-08 1.43655e-15 -2.41585e-15 -1.71467e-07 -7.51758e-08 -1.71214e-07 -7.42292e-08
0.473857 2.22519e-10 8.49004e-10 -2.91935e-08 -1.52018e-08 1.36417e-15 -2.15688e-15 -1.76016e-07 -7.6669e-08 -1.75794e-07 -7.582e-08
0.474215 1.90986e-10 7.45609e-10 -2.9932e-08 -1.55651e-08 1.26476e-15 -1.88308e-15 -1.80564e-07 -7.81418e-08 -1.80373e-07 -7.73962e-08
0.474572 1.5918e-10 6.36258e-10 -3.06684e-08 -1.59274e-08 1.13635e-15 -1.59532e-15 -1.85101e-07 -7.95922e-08 -1.84942e-07 -7.89559e-08
0.47493 1.27186e-10 5.2083e-10 -3.14013e-08 -1.62885e-08 9.76966e-16 -1.29468e-15 -1.89621e-07 -8.10179e-08 -1.89493e-07 -8.04971e-08
0.475287 9.50928e-11 3.99211e-10 -3.21294e-08 -1.6648e-08 7.84653e-16 -9.82412e-16 -1.94112e-07 -8.24171e-08 -1.94017e-07 -8.20179e-08
0.475645 6.29942e-11 2.71295e-10 -3.28509e-08 -1.70057e-08 5.57491e-16 -6.59965e-16 -1.98568e-07 -8.37877e-08 -1.98505e-07 -8.35164e-08
0.476003 3.09904e-11 1.36984e-10 -3.35644e-08 -1.7361e-08 2.93502e-16 -3.29094e-16 -2.02977e-07 -8.51278e-08 -2.02946e-07 -8.49909e-08
0.47636 -8.13295e-13 -3.80906e-12 -3.4268e-08 -1.77139e-08 -8.87823e-18 8.54009e-18 -2.07329e-07 -8.64356e-08 -2.07329e-07 -8.64394e-08
0.476718 -3.23062e-11 -1.51162e-10 -3.49602e-08 -1.80638e-08 -3.51483e-16 3.50753e-16 -2.11613e-07 -8.77093e-08 -2.11646e-07 -8.78605e-08
0.477076 -6.33723e-11 -3.05139e-10 -3.56391e-08 -1.84106e-08 -7.35911e-16 6.95251e-16 -2.1582e-07 -8.89473e-08 -2.15883e-07 -8.92525e-08
0.477433 -9.38905e-11 -4.65797e-10 -3.63027e-08 -1.8754e-08 -1.16363e-15 1.03952e-15 -2.19936e-07 -9.01481e-08 -2.2003e-07 -9.06139e-08
0.477791 -1.23735e-10 -6.33174e-10 -3.69492e-08 -1.90936e-08 -1.63596e-15 1.38082e-15 -2.23951e-07 -9.13102e-08 -2.24074e-07 -9.19434e-08
0.478148 -1.52774e-10 -8.07299e-10 -3.75766e-08 -1.94293e-08 -2.15404e-15 1.71622e-15 -2.27852e-07 -9.24325e-08 -2.28004e-07 -9.32398e-08
0.478506 -1.80872e-10 -9.88183e-10 -3.81828e-08 -1.97609e-08 -2.7188e-15 2.04256e-15 -2.31626e-07 -9.35137e-08 -2.31807e-07 -9.45019e-08
0.478864 -2.07891e-10 -1.17582e-09 -3.87657e-08 -2.00881e-08 -3.33098e-15 2.35647e-15 -2.35262e-07 -9.45531e-08 -2.3547e-07 -9.57289e-08
0.479221 -2.33685e-10 -1.3702e-09 -3.93233e-08 -2.04109e-08 -3.99105e-15 2.65441e-15 -2.38745e-07 -9.55499e-08 -2.38979e-07 -9.69201e-08
0.479579 -2.58108e-10 -1.57128e-09 -3.98532e-08 -2.07289e-08 -4.6992e-15 2.93263e-15 -2.42063e-07 -9.65036e-08 -2.42321e-07 -9.80749e-08
0.479937 -2.81008e-10 -1.779e-09 -4.03534e-08 -2.10423e-08 -5.45546e-15 3.18707e-15 -2.45202e-07 -9.74138e-08 -2.45483e-07 -9.91928e-08
0.480294 -3.02232e-10 -1.9933e-09 -4.08215e-08 -2.13509e-08 -6.25924e-15 3.41396e-15 -2.48148e-07 -9.82806e-08 -2.4845e-07 -1.00274e-07
0.480652 -3.21625e-10 -2.21407e-09 -4.12553e-08 -2.16546e-08 -7.10989e-15 3.609e-15 -2.50887e-07 -9.91041e-08 -2.51209e-07 -1.01318e-07
0.481009 -3.39027e-10 -2.44121e-09 -4.16525e-08 -2.19536e-08 -8.0063e-15 3.7679e-15 -2.53405e-07 -9.98847e-08 -2.53744e-07 -1.02326e-07
0.481367 -3.5428e-10 -2.67459e-09 -4.20107e-08 -2.22478e-08 -8.94701e-15 3.88628e-15 -2.55689e-07 -1.00623e-07 -2.56043e-07 -1.03298e-07
0.481725 -3.67223e-10 -2.91404e-09 -4.23278e-08 -2.25373e-08 -9.93015e-15 3.95972e-15 -2.57723e-07 -1.0132e-07 -2.5809e-07 -1.04235e-07
0.482082 -3.77697e-10 -3.15939e-09 -4.26013e-08 -2.28224e-08 -1.09535e-14 3.98379e-15 -2.59494e-07 -1.01978e-07 -2.59872e-07 -1.05137e-07
0.48244 -3.85542e-10 -3.41044e-09 -4.28291e-08 -2.31031e-08 -1.20143e-14 3.95405e-15 -2.60988e-07 -1.02597e-07 -2.61374e-07 -1.06008e-07
0.482798 -3.90598e-10 -3.66696e-09 -4.30087e-08 -2.33798e-08 -1.31094e-14 3.86613e-15 -2.62191e-07 -1.0318e-07 -2.62582e-07 -1.06847e-07
0.483155 -3.92709e-10 -3.92872e-09 -4.31381e-08 -2.36527e-08 -1.42354e-14 3.71573e-15 -2.63089e-07 -1.03729e-07 -2.63482e-07 -1.07657e-07
0.483513 -3.91722e-10 -4.19545e-09 -4.3215e-08 -2.39221e-08 -1.53881e-14 3.49871e-15 -2.63669e-07 -1.04246e-07 -2.64061e-07 -1.08441e-07
0.483871 -3.87484e-10 -4.46684e-09 -4.32373e-08 -2.41885e-08 -1.65633e-14 3.21108e-15 -2.63917e-07 -1.04734e-07 -2.64305e-07 -1.09201e-07
0.484228 -3.79851e-10 -4.74259e-09 -4.32028e-08 -2.44523e-08 -1.77559e-14 2.84907e-15 -2.63821e-07 -1.05197e-07 -2.64201e-07 -1.0994e-07
0.484586 -3.6868e-10 -5.02235e-09 -4.31097e-08 -2.47141e-08 -1.89608e-14 2.40918e-15 -2.63369e-07 -1.05638e-07 -2.63737e-07 -1.1066e-07
0.484943 -3.53835e-10 -5.30577e-09 -4.29558e-08 -2.49742e-08 -2.01723e-14 1.88822e-15 -2.62547e-07 -1.06061e-07 -2.62901e-07 -1.11367e-07
0.485301 -3.35188e-10 -5.59245e-09 -4.27395e-08 -2.52335e-08 -2.13842e-14 1.28335e-15 -2.61346e-07 -1.0647e-07 -2.61681e-07 -1.12062e-07
0.485659 -3.12618e-10 -5.88199e-09 -4.24589e-08 -2.54924e-08 -2.25902e-14 5.92143e-16 -2.59754e-07 -1.06869e-07 -2.60067e-07 -1.12751e-07
0.486016 -2.86012e-10 -6.17396e-09 -4.21124e-08 -2.57517e-08 -2.37833e-14 -1.87392e-16 -2.57761e-07 -1.07265e-07 -2.58047e-07 -1.13439e-07
0.486374 -2.55266e-10 -6.4679e-09 -4.16986e-08 -2.60122e-08 -2.49566e-14 -1.05675e-15 -2.55358e-07 -1.0766e-07 -2.55613e-07 -1.14128e-07
0.486732 -2.20288e-10 -6.76334e-09 -4.1216e-08 -2.62747e-08 -2.61026e-14 -2.0169e-15 -2.52537e-07 -1.08062e-07 -2.52757e-07 -1.14825e-07
0.487089 -1.80995e-10 -7.05979e-09 -4.06634e-08 -2.654e-08 -2.72139e-14 -3.06822e-15 -2.49289e-07 -1.08476e-07 -2.4947e-07 -1.15535e-07
0.487447 -1.37316e-10 -7.35674e-09 -4.00398e-08 -2.68089e-08 -2.82825e-14 -4.21051e-15 -2.45608e-07 -1.08907e-07 -2.45745e-07 -1.16264e-07
0.487804 -8.91957e-11 -7.65366e-09 -3.93443e-08 -2.70825e-08 -2.93007e-14 -5.44289e-15 -2.41489e-07 -1.09362e-07 -2.41578e-07 -1.17016e-07
0.488162 -3.65886e-11 -7.95e-09 -3.8576e-08 -2.73616e-08 -3.02605e-14 -6.76385e-15 -2.36926e-07 -1.09848e-07 -2.36963e-07 -1.17798e-07
0.48852 2.05347e-11 -8.24519e-09 -3.77345e-08 -2.76473e-08 -3.11538e-14 -8.17117e-15 -2.31917e-07 -1.10371e-07 -2.31896e-07 -1.18616e-07
0.488877 8.2189e-11 -8.53867e-09 -3.68194e-08 -2.79405e-08 -3.19729e-14 -9.66198e-15 -2.26459e-07 -1.10937e-07 -2.26376e-07 -1.19476e-07
0.489235 1.48373e-10 -8.82984e-09 -3.58306e-08 -2.82423e-08 -3.271e-14 -1.12325e-14 -2.2055e-07 -1.11555e-07 -2.20402e-07 -1.20385e-07
0.489593 2.19071e-10 -9.11812e-09 -3.4768e-08 -2.85538e-08 -3.33574e-14 -1.28784e-14 -2.14192e-07 -1.1223e-07 -2.13973e-07 -1.21348e-07
0.48995 2.94248e-10 -9.40288e-09 -3.3632e-08 -2.8876e-08 -3.39076e-14 -1.45945e-14 -2.07385e-07 -1.12971e-07 -2.0709e-07 -1.22374e-07
0.490308 3.73853e-10 -9.68353e-09 -3.24231e-08 -2.92099e-08 -3.43539e-14 -1.63752e-14 -2.00132e-07 -1.13783e-07 -1.99758e-07 -1.23467e-07
0.490665 4.57817e-10 -9.95944e-09 -3.11419e-08 -2.95567e-08 -3.46896e-14 -1.82137e-14 -1.92437e-07 -1.14676e-07 -1.9198e-07 -1.24635e-07
0.491023 5.46055e-10 -1.023e-08 -2.97893e-08 -2.99174e-08 -3.49085e-14 -2.01032e-14 -1.84307e-07 -1.15655e-07 -1.83761e-07 -1.25885e-07
0.491381 6.3846e-10 -1.04946e-08 -2.83666e-08 -3.02931e-08 -3.5005e-14 -2.20355e-14 -1.75748e-07 -1.16727e-07 -1.75109e-07 -1.27222e-07
0.491738 7.34911e-10 -1.07526e-08 -2.68752e-08 -3.06847e-08 -3.49742e-14 -2.40023e-14 -1.66768e-07 -1.17901e-07 -1.66033e-07 -1.28653e-07
0.492096 8.35265e-10 -1.10033e-08 -2.53167e-08 -3.10934e-08 -3.48117e-14 -2.59945e-14 -1.57378e-07 -1.19182e-07 -1.56542e-07 -1.30185e-07
0.492454 9.39363e-10 -1.12463e-08 -2.36929e-08 -3.152e-08 -3.4514e-14 -2.80027e-14 -1.47588e-07 -1.20578e-07 -1.46649e-07 -1.31824e-07
0.492811 1.04703e-09 -1.14809e-08 -2.2006e-08 -3.19654e-08 -3.40781e-14 -3.00169e-14 -1.37412e-07 -1.22094e-07 -1.36365e-07 -1.33575e-07
0.493169 1.15806e-09 -1.17064e-08 -2.02583e-08 -3.24307e-08 -3.35023e-14 -3.20267e-14 -1.26863e-07 -1.23738e-07 -1.25705e-07 -1.35444e-07
0.493526 1.27224e-09 -1.19224e-08 -1.84525e-08 -3.29165e-08 -3.27853e-14 -3.40215e-14 -1.15958e-07 -1.25514e-07 -1.14686e-07 -1.37436e-07
0.493884 1.38936e-09 -1.21283e-08 -1.65912e-08 -3.34237e-08 -3.1927e-14 -3.59906e-14 -1.04713e-07 -1.27429e-07 -1.03324e-07 -1.39557e-07
0.494242 1.50914e-09 -1.23235e-08 -1.46775e-08 -3.3953e-08 -3.09281e-14 -3.79228e-14 -9.31472e-08 -1.29487e-07 -9.16381e-08 -1.4181e-07
0.494599 1.63134e-09 -1.25076e-08 -1.27147e-08 -3.45049e-08 -2.97903e-14 -3.98072e-14 -8.12792e-08 -1.31693e-07 -7.96479e-08 -1.44201e-07
0.494957 1.75567e-09 -1.26799e-08 -1.07062e-08 -3.50801e-08 -2.85164e-14 -4.16327e-14 -6.91303e-08 -1.34052e-07 -6.73746e-08 -1.46732e-07
0.495315 1.88185e-09 -1.28402e-08 -8.65554e-09 -3.5679e-08 -2.71099e-14 -4.33885e-14 -5.67226e-08 -1.36566e-07 -5.48408e-08 -1.49407e-07
0.495672 2.00955e-09 -1.29879e-08 -6.56661e-09 -3.63019e-08 -2.55756e-14 -4.5064e-14 -4.40793e-08 -1.3924e-07 -4.20697e-08 -1.52228e-07
0.49603 2.13847e-09 -1.31226e-08 -4.44337e-09 -3.69491e-08 -2.39188e-14 -4.66488e-14 -3.12245e-08 -1.42076e-07 -2.9086e-08 -1.55199e-07
0.496387 2.26827e-09 -1.3244e-08 -2.28997e-09 -3.76208e-08 -2.21462e-14 -4.8133e-14 -1.81836e-08 -1.45075e-07 -1.59153e-08 -1.58319e-07
0.496745 2.39861e-09 -1.33517e-08 -1.10685e-10 -3.8317e-08 -2.02651e-14 -4.95073e-14 -4.98266e-09 -1.4824e-07 -2.58405e-09 -1.61591e-07
0.497103 2.52914e-09 -1.34454e-08 2.09005e-09 -3.90378e-08 -1.82837e-14 -5.07628e-14 8.3514e-09 -1.5157e-07 1.08805e-08 -1.65015e-07
0.49746 2.6595e-09 -1.35249e-08 4.30771e-09 -3.97828e-08 -1.62109e-14 -5.18914e-14 2.17909e-08 -1.55065e-07 2.44504e-08 -1.6859e-07
0.497818 2.78933e-09 -1.35898e-08 6.53766e-09 -4.05519e-08 -1.40565e-14 -5.28858e-14 3.53077e-08 -1.58726e-07 3.8097e-08 -1.72316e-07
0.498176 2.91826e-09 -1.36401e-08 8.77518e-09 -4.13446e-08 -1.18308e-14 -5.37393e-14 4.88729e-08 -1.6255e-07 5.17912e-08 -1.7619e-07
0.498533 3.04593e-09 -1.36755e-08 1.10155e-08 -4.21604e-08 -9.54479e-15 -5.44465e-14 6.24575e-08 -1.66535e-07 6.55034e-08 -1.8021e-07
0.498891 3.17195e-09 -1.3696e-08 1.32538e-08 -4.29986e-08 -7.20981e-15 -5.50024e-14 7.60318e-08 -1.70678e-07 7.92038e-08 -1.84374e-07
0.499249 3.29595e-09 -1.37014e-08 1.54851e-08 -4.38586e-08 -4.83793e-15 -5.54034e-14 8.95664e-08 -1.74977e-07 9.28623e-08 -1.88678e-07
0.499606 3.41757e-09 -1.36918e-08 1.77047e-08 -4.47393e-08 -2.44065e-15 -5.56468e-14 1.03031e-07 -1.79425e-07 1.06449e-07 -1.93117e-07
0.499964 3.53643e-09 -1.36672e-08 1.99077e-08 -4.56398e-08 -3.06396e-17 -5.5731e-14 1.16397e-07 -1.84019e-07 1.19934e-07 -1.97686e-07
0.500321 3.65217e-09 -1.36277e-08 2.20892e-08 -4.6559e-08 2.37967e-15 -5.56554e-14 1.29634e-07 -1.88752e-07 1.33287e-07 -2.0238e-07
0.500679 3.76444e-09 -1.35733e-08 2.42444e-08 -4.74957e-08 4.77785e-15 -5.54204e-14 1.42714e-07 -1.93619e-07 1.46478e-07 -2.07192e-07
0.501037 3.87288e-09 -1.35042e-08 2.63687e-08 -4.84484e-08 7.15123e-15 -5.50277e-14 1.55606e-07 -1.98611e-07 1.59479e-07 -2.12115e-07
0.501394 3.97716e-09 -1.34205e-08 2.84573e-08 -4.94158e-08 9.48827e-15 -5.44798e-14 1.68284e-07 -2.03721e-07 1.72261e-07 -2.17141e-07
0.501752 4.07694e-09 -1.33226e-08 3.05058e-08 -5.03963e-08 1.17769e-14 -5.37804e-14 1.80719e-07 -2.0894e-07 1.84796e-07 -2.22262e-07
0.50211 4.17192e-09 -1.32106e-08 3.25096e-08 -5.13881e-08 1.40057e-14 -5.29342e-14 1.92884e-07 -2.1426e-07 1.97056e-07 -2.2747e-07
0.502467 4.26178e-09 -1.30849e-08 3.44646e-08 -5.23897e-08 1.61636e-14 -5.19467e-14 2.04753e-07 -2.1967e-07 2.09015e-07 -2.32755e-07
0.502825 4.34625e-09 -1.29459e-08 3.63666e-08 -5.33992e-08 1.82403e-14 -5.08245e-14 2.16301e-07 -2.25161e-07 2.20647e-07 -2.38107e-07
0.503182 4.42505e-09 -1.27938e-08 3.82116e-08 -5.44146e-08 2.0226e-14 -4.95748e-14 2.27504e-07 -2.30722e-07 2.31929e-07 -2.43516e-07
0.50354 4.49793e-09 -1.26292e-08 3.99959e-08 -5.5434e-08 2.21117e-14 -4.82058e-14 2.38338e-07 -2.36342e-07 2.42836e-07 -2.48971e-07
0.503898 4.56465e-09 -1.24524e-08 4.17158e-08 -5.64554e-08 2.38891e-14 -4.67262e-14 2.48782e-07 -2.42009e-07 2.53346e-07 -2.54461e-07
0.504255 4.625e-09 -1.22639e-08 4.33679e-08 -5.74767e-08 2.55508e-14 -4.51453e-14 2.58814e-07 -2.47712e-07 2.63439e-07 -2.59975e-07
0.504613 4.67878e-09 -1.20643e-08 4.49491e-08 -5.84958e-08 2.70902e-14 -4.34731e-14 2.68416e-07 -2.53437e-07 2.73095e-07 -2.65502e-07
0.504971 4.72582e-09 -1.18541e-08 4.64564e-08 -5.95105e-08 2.85017e-14 -4.17198e-14 2.7757e-07 -2.59174e-07 2.82296e-07 -2.71028e-07
0.505328 4.76597e-09 -1.16338e-08 4.78872e-08 -6.05186e-08 2.97806e-14 -3.98961e-14 2.86259e-07 -2.64909e-07 2.91025e-07 -2.76543e-07
0.505686 4.7991e-09 -1.1404e-08 4.92389e-08 -6.1518e-08 3.09232e-14 -3.80129e-14 2.94468e-07 -2.7063e-07 2.99267e-07 -2.82034e-07
0.506043 4.82509e-09 -1.11653e-08 5.05094e-08 -6.25064e-08 3.19267e-14 -3.60811e-14 3.02184e-07 -2.76324e-07 3.07009e-07 -2.87489e-07
0.506401 4.84387e-09 -1.09184e-08 5.16967e-08 -6.34817e-08 3.27893e-14 -3.41119e-14 3.09395e-07 -2.81977e-07 3.14238e-07 -2.92895e-07
0.506759 4.85537e-09 -1.06638e-08 5.27991e-08 -6.44416e-08 3.35104e-14 -3.21162e-14 3.1609e-07 -2.87577e-07 3.20945e-07 -2.98241e-07
0.507116 4.85955e-09 -1.04021e-08 5.38152e-08 -6.5384e-08 3.40899e-14 -3.0105e-14 3.2226e-07 -2.93112e-07 3.2712e-07 -3.03514e-07
0.507474 4.85641e-09 -1.01341e-08 5.47438e-08 -6.63067e-08 3.45289e-14 -2.80889e-14 3.279e-07 -2.98569e-07 3.32756e-07 -3.08703e-07
0.507832 4.84594e-09 -9.86038e-09 5.55841e-08 -6.72078e-08 3.48293e-14 -2.60783e-14 3.33003e-07 -3.03934e-07 3.37849e-07 -3.13795e-07
0.508189 4.82817e-09 -9.58159e-09 5.63353e-08 -6.8085e-08 3.4994e-14 -2.40832e-14 3.37565e-07 -3.09197e-07 3.42393e-07 -3.18778e-07
0.508547 4.80316e-09 -9.29839e-09 5.69972e-08 -6.89365e-08 3.50264e-14 -2.21132e-14 3.41585e-07 -3.14344e-07 3.46388e-07 -3.23643e-07
0.508904 4.77098e-09 -9.01144e-09 5.75695e-08 -6.97603e-08 3.49309e-14 -2.01773e-14 3.45061e-07 -3.19365e-07 3.49832e-07 -3.28377e-07
0.509262 4.73173e-09 -8.7214e-09 5.80525e-08 -7.05545e-08 3.47124e-14 -1.8284e-14 3.47994e-07 -3.24248e-07 3.52726e-07 -3.3297e-07
0.50962 4.68552e-09 -8.42891e-09 5.84466e-08 -7.13174e-08 3.43765e-14 -1.64415e-14 3.50387e-07 -3.28983e-07 3.55073e-07 -3.37412e-07
0.509977 4.63247e-09 -8.13461e-09 5.87522e-08 -7.20473e-08 3.39293e-14 -1.46568e-14 3.52244e-07 -3.33558e-07 3.56876e-07 -3.41693e-07
0.510335 4.57276e-09 -7.83914e-09 5.89704e-08 -7.27427e-08 3.33776e-14 -1.29365e-14 3.53569e-07 -3.37964e-07 3.58142e-07 -3.45804e-07
0.510693 4.50654e-09 -7.54311e-09 5.91022e-08 -7.34019e-08 3.27281e-14 -1.12865e-14 3.54371e-07 -3.42192e-07 3.58877e-07 -3.49735e-07
0.51105 4.434e-09 -7.24712e-09 5.91488e-08 -7.40236e-08 3.19882e-14 -9.71201e-15 3.54655e-07 -3.46233e-07 3.59089e-07 -3.5348e-07
0.511408 4.35535e-09 -6.95177e-09 5.91118e-08 -7.46065e-08 3.11658e-14 -8.21735e-15 3.54432e-07 -3.50078e-07 3.58788e-07 -3.5703e-07
0.511765 4.2708e-09 -6.65761e-09 5.89929e-08 -7.51495e-08 3.02687e-14 -6.80638e-15 3.53713e-07 -3.5372e-07 3.57984e-07 -3.60378e-07
0.512123 4.18059e-09 -6.36521e-09 5.87939e-08 -7.56514e-08 2.93046e-14 -5.48204e-15 3.52507e-07 -3.57152e-07 3.56688e-07 -3.63517e-07
0.512481 4.08495e-09 -6.07509e-09 5.85169e-08 -7.61114e-08 2.82816e-14 -4.24658e-15 3.50829e-07 -3.60367e-07 3.54914e-07 -3.66443e-07
0.512838 3.98415e-09 -5.78777e-09 5.81641e-08 -7.65285e-08 2.72077e-14 -3.10158e-15 3.48692e-07 -3.6336e-07 3.52676e-07 -3.69148e-07
0.513196 3.87844e-09 -5.50372e-09 5.77379e-08 -7.6902e-08 2.60908e-14 -2.04794e-15 3.46109e-07 -3.66126e-07 3.49987e-07 -3.7163e-07
0.513554 3.7681e-09 -5.22341e-09 5.72407e-08 -7.72314e-08 2.49388e-14 -1.08591e-15 3.43096e-07 -3.6866e-07 3.46864e-07 -3.73883e-07
0.513911 3.65341e-09 -4.94728e-09 5.66751e-08 -7.75162e-08 2.37593e-14 -2.15126e-16 3.39669e-07 -3.70958e-07 3.43323e-07 -3.75905e-07
0.514269 3.53466e-09 -4.67575e-09 5.60439e-08 -7.7756e-08 2.25597e-14 5.65352e-16 3.35845e-07 -3.73017e-07 3.3938e-07 -3.77693e-07
0.514627 3.41214e-09 -4.40919e-09 5.53498e-08 -7.79505e-08 2.13471e-14 1.257e-15 3.31641e-07 -3.74835e-07 3.35053e-07 -3.79244e-07
0.514984 3.28613e-09 -4.14797e-09 5.45958e-08 -7.80997e-08 2.01285e-14 1.86181e-15 3.27074e-07 -3.7641e-07 3.3036e-07 -3.80558e-07
0.515342 3.15695e-09 -3.89242e-09 5.37848e-08 -7.82035e-08 1.89103e-14 2.38219e-15 3.22163e-07 -3.77742e-07 3.2532e-07 -3.81634e-07
0.515699 3.02489e-09 -3.64285e-09 5.29198e-08 -7.8262e-08 1.76986e-14 2.82099e-15 3.16925e-07 -3.78828e-07 3.1995e-07 -3.82471e-07
0.516057 2.89025e-09 -3.39954e-09 5.20039e-08 -7.82754e-08 1.64993e-14 3.18141e-15 3.1138e-07 -3.79671e-07 3.14271e-07 -3.83071e-07
0.516415 2.75333e-09 -3.16275e-09 5.10402e-08 -7.82441e-08 1.53175e-14 3.46697e-15 3.05547e-07 -3.8027e-07 3.083e-07 -3.83433e-07
0.516772 2.61443e-09 -2.9327e-09 5.00318e-08 -7.81684e-08 1.41584e-14 3.68143e-15 2.99444e-07 -3.80627e-07 3.02058e-07 -3.83559e-07
0.51713 2.47384e-09 -2.70959e-09 4.89818e-08 -7.80489e-08 1.30263e-14 3.82881e-15 2.93091e-07 -3.80743e-07 2.95564e-07 -3.83453e-07
0.517488 2.33186e-09 -2.4936e-09 4.78933e-08 -7.78861e-08 1.19252e-14 3.9133e-15 2.86506e-07 -3.80621e-07 2.88838e-07 -3.83115e-07
0.517845 2.18877e-09 -2.28488e-09 4.67695e-08 -7.76808e-08 1.08589e-14 3.9392e-15 2.79709e-07 -3.80265e-07 2.81897e-07 -3.8255e-07
0.518203 2.04486e-09 -2.08355e-09 4.56134e-08 -7.74338e-08 9.83031e-15 3.91093e-15 2.72718e-07 -3.79677e-07 2.74763e-07 -3.81761e-07
0.51856 1.90039e-09 -1.88972e-09 4.44281e-08 -7.71458e-08 8.84231e-15 3.83294e-15 2.65552e-07 -3.78862e-07 2.67452e-07 -3.80752e-07
0.518918 1.75565e-09 -1.70347e-09 4.32167e-08 -7.68179e-08 7.89716e-15 3.70973e-15 2.5823e-07 -3.77824e-07 2.59985e-07 -3.79528e-07
0.519276 1.61089e-09 -1.52484e-09 4.1982e-08 -7.6451e-08 6.99676e-15 3.54574e-15 2.50769e-07 -3.76568e-07 2.5238e-07 -3.78093e-07
0.519633 1.46637e-09 -1.35387e-09 4.07271e-08 -7.60461e-08 6.14259e-15 3.3454e-15 2.43187e-07 -3.75098e-07 2.44654e-07 -3.76452e-07
0.519991 1.32233e-09 -1.19058e-09 3.94547e-08 -7.56045e-08 5.33576e-15 3.11302e-15 2.35503e-07 -3.73422e-07 2.36825e-07 -3.74612e-07
0.520349 1.17901e-09 -1.03495e-09 3.81677e-08 -7.51273e-08 4.57694e-15 2.85298e-15 2.27731e-07 -3.71543e-07 2.2891e-07 -3.72578e-07
0.520706 1.03663e-09 -8.86965e-10 3.68687e-08 -7.46158e-08 3.86674e-15 2.56905e-15 2.1989e-07 -3.69469e-07 2.20927e-07 -3.70356e-07
0.521064 8.95419e-10 -7.46577e-10 3.55605e-08 -7.40711e-08 3.20514e-15 2.26536e-15 2.11996e-07 -3.67207e-07 2.12891e-07 -3.67953e-07
0.521421 7.55579e-10 -6.13723e-10 3.42455e-08 -7.34946e-08 2.59194e-15 1.94567e-15 2.04062e-07 -3.64761e-07 2.04818e-07 -3.65375e-07
0.521779 6.17308e-10 -4.88327e-10 3.29262e-08 -7.28876e-08 2.02665e-15 1.61359e-15 1.96106e-07 -3.62141e-07 1.96723e-07 -3.62629e-07
0.522137 4.80793e-10 -3.70295e-10 3.1605e-08 -7.22516e-08 1.50857e-15 1.27251e-15 1.88141e-07 -3.59352e-07 1.88621e-07 -3.59723e-07
0.522494 3.4621e-10 -2.59522e-10 3.02842e-08 -7.15878e-08 1.03673e-15 9.25628e-16 1.8018e-07 -3.56403e-07 1.80526e-07 -3.56662e-07
0.522852 2.13725e-10 -1.55888e-10 2.8966e-08 -7.08977e-08 6.09974e-16 5.75916e-16 1.72237e-07 -3.53299e-07 1.72451e-07 -3.53455e-07
0.52321 8.3492e-11 -5.92614e-11 2.76523e-08 -7.01827e-08 2.26983e-16 2.2614e-16 1.64325e-07 -3.50049e-07 1.64409e-07 -3.50108e-07
0.523567 -4.43438e-11 3.04998e-11 2.63453e-08 -6.94442e-08 -1.13735e-16 -1.21156e-16 1.56456e-07 -3.46661e-07 1.56412e-07 -3.4663e-07
0.523925 -1.69649e-10 1.13548e-10 2.50467e-08 -6.86837e-08 -4.13798e-16 -4.63651e-16 1.48641e-07 -3.43141e-07 1.48471e-07 -3.43027e-07
0.524282 -2.92302e-10 1.90043e-10 2.37584e-08 -6.79026e-08 -6.75061e-16 -7.99136e-16 1.40891e-07 -3.39497e-07 1.40598e-07 -3.39307e-07
0.52464 -4.12189e-10 2.60155e-10 2.24821e-08 -6.71022e-08 -8.99114e-16 -1.12593e-15 1.33215e-07 -3.35738e-07 1.32803e-07 -3.35478e-07
0.524998 -5.29209e-10 3.2406e-10 2.12192e-08 -6.62841e-08 -1.08796e-15 -1.44225e-15 1.25624e-07 -3.3187e-07 1.25095e-07 -3.31546e-07
0.525355 -6.43271e-10 3.8194e-10 1.99714e-08 -6.54495e-08 -1.24354e-15 -1.74665e-15 1.18126e-07 -3.27902e-07 1.17483e-07 -3.2752e-07
0.525713 -7.54291e-10 4.33981e-10 1.87399e-08 -6.45999e-08 -1.36783e-15 -2.03784e-15 1.1073e-07 -3.23839e-07 1.09976e-07 -3.23405e-07
0.526071 -8.62198e-10 4.80376e-10 1.7526e-08 -6.37367e-08 -1.46285e-15 -2.31475e-15 1.03443e-07 -3.19691e-07 1.02581e-07 -3.19211e-07
0.526428 -9.6693e-10 5.21321e-10 1.63309e-08 -6.28612e-08 -1.5306e-15 -2.57648e-15 9.62719e-08 -3.15464e-07 9.5305e-08 -3.14943e-07
0.526786 -1.06843e-09 5.57012e-10 1.51556e-08 -6.19747e-08 -1.57308e-15 -2.82232e-15 8.92239e-08 -3.11166e-07 8.81554e-08 -3.10609e-07
0.527143 -1.16666e-09 5.87651e-10 1.40013e-08 -6.10786e-08 -1.59226e-15 -3.0517e-15 8.23044e-08 -3.06803e-07 8.11378e-08 -3.06215e-07
0.527501 -1.26159e-09 6.13438e-10 1.28687e-08 -6.0174e-08 -1.59009e-15 -3.26423e-15 7.5519e-08 -3.02382e-07 7.42574e-08 -3.01769e-07
0.527859 -1.35317e-09 6.34577e-10 1.17586e-08 -5.92622e-08 -1.56847e-15 -3.45964e-15 6.88723e-08 -2.97911e-07 6.75191e-08 -2.97276e-07
0.528216 -1.4414e-09 6.51269e-10 1.06718e-08 -5.83444e-08 -1.52927e-15 -3.63781e-15 6.23687e-08 -2.93395e-07 6.09273e-08 -2.92744e-07
0.528574 -1.52626e-09 6.63716e-10 9.60896e-09 -5.74218e-08 -1.47427e-15 -3.79872e-15 5.6012e-08 -2.88842e-07 5.44857e-08 -2.88178e-07
0.528932 -1.60775e-09 6.7212e-10 8.57056e-09 -5.64955e-08 -1.40521e-15 -3.94249e-15 4.98054e-08 -2.84257e-07 4.81976e-08 -2.83585e-07
0.529289 -1.68587e-09 6.76678e-10 7.5571e-09 -5.55666e-08 -1.32375e-15 -4.06932e-15 4.37517e-08 -2.79646e-07 4.20658e-08 -2.7897e-07
0.529647 -1.76063e-09 6.7759e-10 6.56899e-09 -5.46362e-08 -1.23149e-15 -4.17938e-15 3.78532e-08 -2.75017e-07 3.60926e-08 -2.74339e-07
0.530005 -1.83204e-09 6.75049e-10 5.60655e-09 -5.37052e-08 -1.12992e-15 -4.2733e-15 3.2112e-08 -2.70373e-07 3.02799e-08 -2.69698e-07
0.530362 -1.90013e-09 6.69247e-10 4.67005e-09 -5.27747e-08 -1.02049e-15 -4.3514e-15 2.65294e-08 -2.65721e-07 2.46293e-08 -2.65051e-07
0.53072 -1.96492e-09 6.60373e-10 3.75968e-09 -5.18457e-08 -9.04545e-16 -4.41419e-15 2.11066e-08 -2.61065e-07 1.91417e-08 -2.60405e-07
0.531077 -2.02644e-09 6.48613e-10 2.87558e-09 -5.09189e-08 -7.83357e-16 -4.46222e-15 1.58443e-08 -2.56412e-07 1.38178e-08 -2.55763e-07
0.531435 -2.08473e-09 6.34147e-10 2.01782e-09 -4.99952e-08 -6.58111e-16 -4.4961e-15 1.07428e-08 -2.51765e-07 8.65812e-09 -2.51131e-07
0.531793 -2.13982e-09 6.17153e-10 1.18643e-09 -4.90756e-08 -5.29911e-16 -4.51647e-15 5.80231e-09 -2.4713e-07 3.66249e-09 -2.46513e-07
0.53215 -2.19178e-09 5.97803e-10 3.81373e-10 -4.81607e-08 -3.99778e-16 -4.524e-15 1.02239e-09 -2.4251e-07 -1.16938e-09 -2.41913e-07
0.532508 -2.24063e-09 5.76267e-10 -3.9743e-10 -4.72513e-08 -2.68654e-16 -4.51938e-15 -3.5975e-09 -2.37911e-07 -5.83813e-09 -2.37335e-07
0.532866 -2.28644e-09 5.52707e-10 -1.15011e-09 -4.63481e-08 -1.37402e-16 -4.50332e-15 -8.05821e-09 -2.33335e-07 -1.03447e-08 -2.32783e-07
0.533223 -2.32926e-09 5.27283e-10 -1.87683e-09 -4.54517e-08 -6.80877e-18 -4.47653e-15 -1.23609e-08 -2.28788e-07 -1.46901e-08 -2.2826e-07
0.533581 -2.36915e-09 5.00149e-10 -2.5778e-09 -4.45628e-08 1.22414e-16 -4.43973e-15 -1.65069e-08 -2.24271e-07 -1.8876e-08 -2.23771e-07
0.533938 -2.40616e-09 4.71452e-10 -3.25327e-09 -4.3682e-08 2.49625e-16 -4.39364e-15 -2.04978e-08 -2.1979e-07 -2.29039e-08 -2.19318e-07
0.534296 -2.44037e-09 4.41337e-10 -3.90353e-09 -4.28097e-08 3.74252e-16 -4.33899e-15 -2.43354e-08 -2.15346e-07 -2.67758e-08 -2.14905e-07
0.534654 -2.47183e-09 4.09943e-10 -4.52888e-09 -4.19466e-08 4.95794e-16 -4.27646e-15 -2.80217e-08 -2.10943e-07 -3.04935e-08 -2.10533e-07
0.535011 -2.50062e-09 3.77401e-10 -5.12967e-09 -4.10931e-08 6.13796e-16 -4.20675e-15 -3.15589e-08 -2.06584e-07 -3.40595e-08 -2.06206e-07
0.535369 -2.52679e-09 3.43841e-10 -5.70626e-09 -4.02495e-08 7.27877e-16 -4.13055e-15 -3.49492e-08 -2.0227e-07 -3.7476e-08 -2.01927e-07
0.535727 -2.55043e-09 3.09386e-10 -6.25905e-09 -3.94164e-08 8.37708e-16 -4.0485e-15 -3.81952e-08 -1.98006e-07 -4.07456e-08 -1.97696e-07
0.536084 -2.57159e-09 2.74151e-10 -6.78845e-09 -3.85941e-08 9.43012e-16 -3.96125e-15 -4.12994e-08 -1.93792e-07 -4.3871e-08 -1.93518e-07
0.536442 -2.59036e-09 2.38251e-10 -7.2949e-09 -3.77829e-08 1.04356e-15 -3.86941e-15 -4.42645e-08 -1.89631e-07 -4.68549e-08 -1.89393e-07
0.536799 -2.60679e-09 2.01792e-10 -7.77884e-09 -3.69831e-08 1.13917e-15 -3.77357e-15 -4.70934e-08 -1.85525e-07 -4.97002e-08 -1.85323e-07
0.537157 -2.62098e-09 1.64876e-10 -8.24074e-09 -3.61951e-08 1.2297e-15 -3.6743e-15 -4.97889e-08 -1.81475e-07 -5.24099e-08 -1.8131e-07
0.537515 -2.63298e-09 1.276e-10 -8.68107e-09 -3.5419e-08 1.31505e-15 -3.57213e-15 -5.2354e-08 -1.77482e-07 -5.4987e-08 -1.77355e-07
0.537872 -2.64286e-09 9.00565e-11 -9.10034e-09 -3.4655e-08 1.39516e-15 -3.46758e-15 -5.47918e-08 -1.7355e-07 -5.74346e-08 -1.7346e-07
0.53823 -2.65071e-09 5.23327e-11 -9.49902e-09 -3.39034e-08 1.46999e-15 -3.36112e-15 -5.71052e-08 -1.69677e-07 -5.9756e-08 -1.69625e-07
0.538588 -2.6566e-09 1.45111e-11 -9.87764e-09 -3.31644e-08 1.53954e-15 -3.25322e-15 -5.92976e-08 -1.65867e-07 -6.19542e-08 -1.65852e-07
0.538945 -2.66058e-09 -2.33302e-11 -1.02367e-08 -3.2438e-08 1.60384e-15 -3.14431e-15 -6.13719e-08 -1.62118e-07 -6.40325e-08 -1.62142e-07
0.539303 -2.66274e-09 -6.11178e-11 -1.05767e-08 -3.17244e-08 1.66293e-15 -3.03478e-15 -6.33315e-08 -1.58433e-07 -6.59943e-08 -1.58495e-07
0.53966 -2.66315e-09 -9.87829e-11 -1.08982e-08 -3.10236e-08 1.71689e-15 -2.92501e-15 -6.51795e-08 -1.54813e-07 -6.78427e-08 -1.54911e-07
0.540018 -2.66188e-09 -1.36261e-10 -1.12017e-08 -3.03358e-08 1.7658e-15 -2.81535e-15 -6.69191e-08 -1.51256e-07 -6.9581e-08 -1.51392e-07
0.540376 -2.65898e-09 -1.7349e-10 -1.14877e-08 -2.9661e-08 1.80978e-15 -2.70611e-15 -6.85536e-08 -1.47765e-07 -7.12126e-08 -1.47938e-07
0.540733 -2.65454e-09 -2.10416e-10 -1.17567e-08 -2.89992e-08 1.84899e-15 -2.59755e-15 -7.00861e-08 -1.44339e-07 -7.27407e-08 -1.44549e-07
0.541091 -2.64862e-09 -2.46984e-10 -1.20093e-08 -2.83504e-08 1.88347e-15 -2.49002e-15 -7.15199e-08 -1.40979e-07 -7.41685e-08 -1.41226e-07
0.541449 -2.64128e-09 -2.83146e-10 -1.2246e-08 -2.77147e-08 1.91342e-15 -2.38372e-15 -7.28581e-08 -1.37684e-07 -7.54993e-08 -1.37967e-07
0.541806 -2.63259e-09 -3.18857e-10 -1.24673e-08 -2.7092e-08 1.93898e-15 -2.27887e-15 -7.41038e-08 -1.34455e-07 -7.67364e-08 -1.34774e-07
0.542164 -2.62262e-09 -3.54075e-10 -1.26736e-08 -2.64823e-08 1.96033e-15 -2.17567e-15 -7.52602e-08 -1.31292e-07 -7.78828e-08 -1.31646e-07
0.542521 -2.61141e-09 -3.88763e-10 -1.28655e-08 -2.58855e-08 1.97764e-15 -2.07431e-15 -7.63304e-08 -1.28195e-07 -7.89418e-08 -1.28583e-07
0.542879 -2.59905e-09 -4.22883e-10 -1.30436e-08 -2.53015e-08 1.99106e-15 -1.97493e-15 -7.73174e-08 -1.25163e-07 -7.99164e-08 -1.25585e-07
0.543237 -2.58557e-09 -4.56406e-10 -1.32082e-08 -2.47304e-08 2.00079e-15 -1.87769e-15 -7.82242e-08 -1.22196e-07 -8.08098e-08 -1.22652e-07
0.543594 -2.57105e-09 -4.89302e-10 -1.33598e-08 -2.41719e-08 2.00699e-15 -1.78269e-15 -7.90538e-08 -1.19293e-07 -8.16248e-08 -1.19783e-07
0.543952 -2.55554e-09 -5.21544e-10 -1.3499e-08 -2.3626e-08 2.00985e-15 -1.69004e-15 -7.9809e-08 -1.16455e-07 -8.23646e-08 -1.16977e-07
0.54431 -2.53908e-09 -5.53109e-10 -1.36262e-08 -2.30925e-08 2.00953e-15 -1.59983e-15 -8.04928e-08 -1.13681e-07 -8.30319e-08 -1.14234e-07
0.544667 -2.52175e-09 -5.83977e-10 -1.37419e-08 -2.25715e-08 2.00623e-15 -1.51213e-15 -8.11079e-08 -1.10971e-07 -8.36296e-08 -1.11555e-07
0.545025 -2.50359e-09 -6.14128e-10 -1.38465e-08 -2.20626e-08 2.00012e-15 -1.427e-15 -8.1657e-08 -1.08323e-07 -8.41606e-08 -1.08937e-07
0.545382 -2.48464e-09 -6.43548e-10 -1.39404e-08 -2.15659e-08 1.99137e-15 -1.34448e-15 -8.21429e-08 -1.05737e-07 -8.46276e-08 -1.0638e-07
0.54574 -2.46496e-09 -6.72222e-10 -1.40241e-08 -2.1081e-08 1.98014e-15 -1.2646e-15 -8.25682e-08 -1.03212e-07 -8.50332e-08 -1.03884e-07
0.546098 -2.4446e-09 -7.00138e-10 -1.4098e-08 -2.0608e-08 1.96661e-15 -1.18738e-15 -8.29354e-08 -1.00749e-07 -8.538e-08 -1.01449e-07
0.546455 -2.4236e-09 -7.27288e-10 -1.41624e-08 -2.01466e-08 1.95094e-15 -1.11284e-15 -8.3247e-08 -9.83448e-08 -8.56706e-08 -9.90721e-08
0.546813 -2.40201e-09 -7.53662e-10 -1.42179e-08 -1.96966e-08 1.93329e-15 -1.04098e-15 -8.35056e-08 -9.60002e-08 -8.59076e-08 -9.67539e-08
0.547171 -2.37987e-09 -7.79256e-10 -1.42648e-08 -1.9258e-08 1.91381e-15 -9.71777e-16 -8.37133e-08 -9.3714e-08 -8.60932e-08 -9.44933e-08
0.547528 -2.35722e-09 -8.04065e-10 -1.43035e-08 -1.88304e-08 1.89265e-15 -9.05227e-16 -8.38726e-08 -9.14854e-08 -8.62298e-08 -9.22894e-08
0.547886 -2.3341e-09 -8.28085e-10 -1.43343e-08 -1.84139e-08 1.86995e-15 -8.41305e-16 -8.39857e-08 -8.93134e-08 -8.63198e-08 -9.01415e-08
0.548244 -2.31055e-09 -8.51317e-10 -1.43576e-08 -1.8008e-08 1.84585e-15 -7.7998e-16 -8.40548e-08 -8.71971e-08 -8.63653e-08 -8.80485e-08
0.548601 -2.28661e-09 -8.73759e-10 -1.43737e-08 -1.76128e-08 1.82049e-15 -7.21217e-16 -8.40819e-08 -8.51358e-08 -8.63685e-08 -8.60096e-08
0.548959 -2.26231e-09 -8.95414e-10 -1.4383e-08 -1.7228e-08 1.79399e-15 -6.64975e-16 -8.40692e-08 -8.31284e-08 -8.63315e-08 -8.40238e-08
0.549316 -2.23769e-09 -9.16285e-10 -1.43859e-08 -1.68533e-08 1.76648e-15 -6.1121e-16 -8.40186e-08 -8.1174e-08 -8.62563e-08 -8.20903e-08
0.549674 -2.21278e-09 -9.36374e-10 -1.43825e-08 -1.64887e-08 1.73806e-15 -5.59871e-16 -8.39321e-08 -7.92717e-08 -8.61449e-08 -8.02081e-08
0.550032 -2.18762e-09 -9.55687e-10 -1.43733e-08 -1.61339e-08 1.70885e-15 -5.10906e-16 -8.38115e-08 -7.74205e-08 -8.59991e-08 -7.83762e-08
0.550389 -2.16223e-09 -9.7423e-10 -1.43586e-08 -1.57887e-08 1.67896e-15 -4.64259e-16 -8.36585e-08 -7.56194e-08 -8.58208e-08 -7.65936e-08
0.550747 -2.13664e-09 -9.9201e-10 -1.43385e-08 -1.5453e-08 1.64848e-15 -4.19872e-16 -8.3475e-08 -7.38675e-08 -8.56117e-08 -7.48595e-08
0.551105 -2.11089e-09 -1.00903e-09 -1.43134e-08 -1.51266e-08 1.61751e-15 -3.77686e-16 -8.32627e-08 -7.21639e-08 -8.53736e-08 -7.31729e-08
0.551462 -2.08499e-09 -1.02531e-09 -1.42836e-08 -1.48092e-08 1.58614e-15 -3.37637e-16 -8.3023e-08 -7.05074e-08 -8.5108e-08 -7.15327e-08
0.55182 -2.05898e-09 -1.04085e-09 -1.42493e-08 -1.45006e-08 1.55445e-15 -2.99663e-16 -8.27576e-08 -6.88972e-08 -8.48166e-08 -6.99381e-08
0.552177 -2.03288e-09 -1.05565e-09 -1.42108e-08 -1.42008e-08 1.52252e-15 -2.637e-16 -8.24681e-08 -6.73323e-08 -8.45009e-08 -6.8388e-08
0.552535 -2.00671e-09 -1.06974e-09 -1.41683e-08 -1.39094e-08 1.49042e-15 -2.29683e-16 -8.21557e-08 -6.58117e-08 -8.41624e-08 -6.68815e-08
0.552893 -1.9805e-09 -1.08313e-09 -1.4122e-08 -1.36264e-08 1.45822e-15 -1.97546e-16 -8.18219e-08 -6.43345e-08 -8.38024e-08 -6.54176e-08
0.55325 -1.95426e-09 -1.09581e-09 -1.40722e-08 -1.33514e-08 1.42599e-15 -1.67225e-16 -8.14681e-08 -6.28996e-08 -8.34224e-08 -6.39954e-08
0.553608 -1.92801e-09 -1.10781e-09 -1.40191e-08 -1.30844e-08 1.39378e-15 -1.38653e-16 -8.10956e-08 -6.15062e-08 -8.30236e-08 -6.2614e-08
0.553966 -1.90179e-09 -1.11914e-09 -1.39628e-08 -1.28251e-08 1.36165e-15 -1.11768e-16 -8.07055e-08 -6.01532e-08 -8.26072e-08 -6.12724e-08
0.554323 -1.87559e-09 -1.1298e-09 -1.39036e-08 -1.25734e-08 1.32966e-15 -8.65032e-17 -8.0299e-08 -5.88398e-08 -8.21746e-08 -5.99696e-08
0.554681 -1.84945e-09 -1.13982e-09 -1.38416e-08 -1.2329e-08 1.29785e-15 -6.27962e-17 -7.98772e-08 -5.7565e-08 -8.17267e-08 -5.87048e-08
0.555038 -1.82337e-09 -1.14921e-09 -1.37771e-08 -1.20919e-08 1.26625e-15 -4.05841e-17 -7.94413e-08 -5.63279e-08 -8.12647e-08 -5.74771e-08
0.555396 -1.79738e-09 -1.15797e-09 -1.37102e-08 -1.18617e-08 1.23492e-15 -1.9805e-17 -7.89923e-08 -5.51275e-08 -8.07897e-08 -5.62854e-08
0.555754 -1.77149e-09 -1.16612e-09 -1.3641e-08 -1.16385e-08 1.2039e-15 0 -7.85312e-08 -5.3963e-08 -8.03027e-08 -5.51291e-08
0.556111 -1.7457e-09 -1.17368e-09 -1.35698e-08 -1.14219e-08 1.1732e-15 1.76951e-17 -7.80588e-08 -5.28334e-08 -7.98045e-08 -5.40071e-08
0.556469 -1.72004e-09 -1.18065e-09 -1.34967e-08 -1.12118e-08 1.14286e-15 3.45338e-17 -7.75762e-08 -5.1738e-08 -7.92962e-08 -5.29186e-08
0.556827 -1.69452e-09 -1.18706e-09 -1.34218e-08 -1.1008e-08 1.11292e-15 5.01744e-17 -7.70841e-08 -5.06758e-08 -7.87786e-08 -5.18628e-08
0.557184 -1.66915e-09 -1.19291e-09 -1.33453e-08 -1.08104e-08 1.08339e-15 6.46723e-17 -7.65834e-08 -4.96459e-08 -7.82526e-08 -5.08389e-08
0.557542 -1.64393e-09 -1.19823e-09 -1.32672e-08 -1.06189e-08 1.05429e-15 7.80812e-17 -7.60749e-08 -4.86476e-08 -7.77188e-08 -4.98459e-08
0.557899 -1.61888e-09 -1.20301e-09 -1.31878e-08 -1.04332e-08 1.02565e-15 9.04537e-17 -7.55593e-08 -4.768e-08 -7.71782e-08 -4.88831e-08
0.558257 -1.59402e-09 -1.20728e-09 -1.31071e-08 -1.02532e-08 9.97486e-16 1.0184e-16 -7.50373e-08 -4.67424e-08 -7.66313e-08 -4.79496e-08
0.558615 -1.56934e-09 -1.21106e-09 -1.30253e-08 -1.00787e-08 9.69804e-16 1.12291e-16 -7.45096e-08 -4.58338e-08 -7.60789e-08 -4.70448e-08
0.558972 -1.54485e-09 -1.21434e-09 -1.29424e-08 -9.90966e-09 9.4262e-16 1.21852e-16 -7.39768e-08 -4.49535e-08 -7.55217e-08 -4.61678e-08
0.55933 -1.52057e-09 -1.21715e-09 -1.28586e-08 -9.74586e-09 9.15945e-16 1.30571e-16 -7.34396e-08 -4.41008e-08 -7.49601e-08 -4.53179e-08
0.559688 -1.4965e-09 -1.21951e-09 -1.2774e-08 -9.58716e-09 8.89788e-16 1.38491e-16 -7.28984e-08 -4.32748e-08 -7.43949e-08 -4.44943e-08
0.560045 -1.47264e-09 -1.22142e-09 -1.26886e-08 -9.43343e-09 8.64156e-16 1.45656e-16 -7.23539e-08 -4.24749e-08 -7.38265e-08 -4.36964e-08
0.560403 -1.44901e-09 -1.22289e-09 -1.26025e-08 -9.28452e-09 8.39054e-16 1.52107e-16 -7.18066e-08 -4.17004e-08 -7.32556e-08 -4.29233e-08
0.56076 -1.42561e-09 -1.22394e-09 -1.25158e-08 -9.14031e-09 8.14486e-16 1.57883e-16 -7.12568e-08 -4.09504e-08 -7.26824e-08 -4.21744e-08
0.561118 -1.40244e-09 -1.22459e-09 -1.24287e-08 -9.00066e-09 7.90456e-16 1.63023e-16 -7.07052e-08 -4.02244e-08 -7.21077e-08 -4.1449e-08
0.561476 -1.3795e-09 -1.22485e-09 -1.23411e-08 -8.86544e-09 7.66963e-16 1.67564e-16 -7.01521e-08 -3.95216e-08 -7.15316e-08 -4.07465e-08
0.561833 -1.35681e-09 -1.22472e-09 -1.22532e-08 -8.73452e-09 7.44009e-16 1.7154e-16 -6.9598e-08 -3.88414e-08 -7.09548e-08 -4.00661e-08
0.562191 -1.33437e-09 -1.22422e-09 -1.2165e-08 -8.60777e-09 7.21592e-16 1.74986e-16 -6.90431e-08 -3.81831e-08 -7.03775e-08 -3.94073e-08
0.562549 -1.31217e-09 -1.22336e-09 -1.20765e-08 -8.48509e-09 6.99711e-16 1.77933e-16 -6.8488e-08 -3.75461e-08 -6.98001e-08 -3.87695e-08
0.562906 -1.29023e-09 -1.22216e-09 -1.19879e-08 -8.36634e-09 6.78363e-16 1.80413e-16 -6.79328e-08 -3.69298e-08 -6.9223e-08 -3.81519e-08
0.563264 -1.26854e-09 -1.22063e-09 -1.18991e-08 -8.25142e-09 6.57544e-16 1.82454e-16 -6.7378e-08 -3.63335e-08 -6.86465e-08 -3.75541e-08
0.563622 -1.24711e-09 -1.21877e-09 -1.18103e-08 -8.14021e-09 6.3725e-16 1.84086e-16 -6.68237e-08 -3.57567e-08 -6.80709e-08 -3.69755e-08
0.563979 -1.22594e-09 -1.21661e-09 -1.17214e-08 -8.0326e-09 6.17476e-16 1.85335e-16 -6.62704e-08 -3.51987e-08 -6.74963e-08 -3.64153e-08
0.564337 -1.20502e-09 -1.21414e-09 -1.16326e-08 -7.92848e-09 5.98216e-16 1.86226e-16 -6.57182e-08 -3.46591e-08 -6.69232e-08 -3.58733e-08
0.564694 -1.18437e-09 -1.21139e-09 -1.15438e-08 -7.82775e-09 5.79464e-16 1.86784e-16 -6.51674e-08 -3.41373e-08 -6.63518e-08 -3.53487e-08
0.565052 -1.16398e-09 -1.20836e-09 -1.14552e-08 -7.73031e-09 5.61213e-16 1.87033e-16 -6.46182e-08 -3.36326e-08 -6.57822e-08 -3.4841e-08
0.56541 -1.14386e-09 -1.20506e-09 -1.13667e-08 -7.63605e-09 5.43457e-16 1.86993e-16 -6.40708e-08 -3.31447e-08 -6.52147e-08 -3.43498e-08
0.565767 -1.124e-09 -1.20151e-09 -1.12783e-08 -7.54488e-09 5.26187e-16 1.86687e-16 -6.35254e-08 -3.2673e-08 -6.46494e-08 -3.38745e-08
0.566125 -1.1044e-09 -1.1977e-09 -1.11902e-08 -7.45671e-09 5.09396e-16 1.86133e-16 -6.29822e-08 -3.22169e-08 -6.40866e-08 -3.34146e-08
0.566483 -1.08507e-09 -1.19367e-09 -1.11023e-08 -7.37145e-09 4.93076e-16 1.85352e-16 -6.24413e-08 -3.17761e-08 -6.35263e-08 -3.29698e-08
0.56684 -1.066e-09 -1.1894e-09 -1.10146e-08 -7.28899e-09 4.77218e-16 1.8436e-16 -6.19028e-08 -3.135e-08 -6.29688e-08 -3.25394e-08
0.567198 -1.04719e-09 -1.18492e-09 -1.09273e-08 -7.20927e-09 4.61814e-16 1.83175e-16 -6.1367e-08 -3.09382e-08 -6.24142e-08 -3.21231e-08
0.567555 -1.02865e-09 -1.18023e-09 -1.08402e-08 -7.13218e-09 4.46854e-16 1.81813e-16 -6.08339e-08 -3.05402e-08 -6.18625e-08 -3.17205e-08
0.567913 -1.01037e-09 -1.17534e-09 -1.07535e-08 -7.05766e-09 4.32331e-16 1.80288e-16 -6.03036e-08 -3.01556e-08 -6.1314e-08 -3.1331e-08
0.568271 -9.92355e-10 -1.17026e-09 -1.06671e-08 -6.98561e-09 4.18234e-16 1.78616e-16 -5.97763e-08 -2.9784e-08 -6.07686e-08 -3.09543e-08
0.568628 -9.74599e-10 -1.16499e-09 -1.05811e-08 -6.91597e-09 4.04555e-16 1.76809e-16 -5.92519e-08 -2.9425e-08 -6.02265e-08 -3.059e-08
0.568986 -9.57102e-10 -1.15956e-09 -1.04955e-08 -6.84865e-09 3.91285e-16 1.7488e-16 -5.87307e-08 -2.90781e-08 -5.96878e-08 -3.02376e-08
0.569344 -9.39864e-10 -1.15395e-09 -1.04102e-08 -6.78358e-09 3.78414e-16 1.72842e-16 -5.82126e-08 -2.87429e-08 -5.91525e-08 -2.98969e-08
0.569701 -9.22882e-10 -1.14819e-09 -1.03253e-08 -6.72069e-09 3.65933e-16 1.70705e-16 -5.76978e-08 -2.84192e-08 -5.86207e-08 -2.95674e-08
0.570059 -9.06155e-10 -1.14228e-09 -1.02409e-08 -6.65992e-09 3.53832e-16 1.6848e-16 -5.71862e-08 -2.81065e-08 -5.80923e-08 -2.92488e-08
0.570416 -8.89682e-10 -1.13623e-09 -1.01569e-08 -6.60118e-09 3.42104e-16 1.66177e-16 -5.66779e-08 -2.78044e-08 -5.75676e-08 -2.89407e-08
0.570774 -8.7346e-10 -1.13004e-09 -1.00733e-08 -6.54442e-09 3.30738e-16 1.63805e-16 -5.6173e-08 -2.75127e-08 -5.70464e-08 -2.86428e-08
0.571132 -8.57488e-10 -1.12372e-09 -9.99013e-09 -6.48957e-09 3.19725e-16 1.61373e-16 -5.56714e-08 -2.7231e-08 -5.65289e-08 -2.83547e-08
0.571489 -8.41763e-10 -1.11729e-09 -9.90741e-09 -6.43658e-09 3.09056e-16 1.5889e-16 -5.51733e-08 -2.69589e-08 -5.6015e-08 -2.80762e-08
0.571847 -8.26285e-10 -1.11073e-09 -9.82513e-09 -6.38537e-09 2.98723e-16 1.56362e-16 -5.46785e-08 -2.66961e-08 -5.55048e-08 -2.78068e-08
0.572205 -8.1105e-10 -1.10407e-09 -9.74331e-09 -6.3359e-09 2.88716e-16 1.53798e-16 -5.41871e-08 -2.64424e-08 -5.49982e-08 -2.75464e-08
0.572562 -7.96056e-10 -1.09731e-09 -9.66193e-09 -6.2881e-09 2.79027e-16 1.51203e-16 -5.36992e-08 -2.61974e-08 -5.44953e-08 -2.72947e-08
0.57292 -7.81301e-10 -1.09045e-09 -9.581e-09 -6.24192e-09 2.69647e-16 1.48585e-16 -5.32147e-08 -2.59608e-08 -5.3996e-08 -2.70512e-08
0.573277 -7.66783e-10 -1.0835e-09 -9.50053e-09 -6.19731e-09 2.60568e-16 1.45948e-16 -5.27335e-08 -2.57324e-08 -5.35003e-08 -2.68159e-08
0.573635 -7.52499e-10 -1.07647e-09 -9.42051e-09 -6.15422e-09 2.51781e-16 1.43298e-16 -5.22558e-08 -2.55119e-08 -5.30083e-08 -2.65883e-08
0.573993 -7.38447e-10 -1.06936e-09 -9.34094e-09 -6.11258e-09 2.43279e-16 1.4064e-16 -5.17815e-08 -2.52989e-08 -5.25199e-08 -2.63683e-08
0.57435 -7.24625e-10 -1.06218e-09 -9.26182e-09 -6.07237e-09 2.35052e-16 1.37979e-16 -5.13104e-08 -2.50934e-08 -5.20351e-08 -2.61556e-08
0.574708 -7.11029e-10 -1.05493e-09 -9.18315e-09 -6.03352e-09 2.27093e-16 1.35319e-16 -5.08428e-08 -2.48949e-08 -5.15538e-08 -2.59499e-08
0.575066 -6.97658e-10 -1.04761e-09 -9.10492e-09 -5.996e-09 2.19394e-16 1.32664e-16 -5.03784e-08 -2.47034e-08 -5.1076e-08 -2.5751e-08
0.575423 -6.84508e-10 -1.04024e-09 -9.02713e-09 -5.95975e-09 2.11948e-16 1.30018e-16 -4.99173e-08 -2.45184e-08 -5.06018e-08 -2.55587e-08
0.575781 -6.71578e-10 -1.03282e-09 -8.94978e-09 -5.92475e-09 2.04747e-16 1.27383e-16 -4.94594e-08 -2.43399e-08 -5.0131e-08 -2.53727e-08
0.576138 -6.58864e-10 -1.02534e-09 -8.87286e-09 -5.89093e-09 1.97784e-16 1.24764e-16 -4.90047e-08 -2.41676e-08 -4.96635e-08 -2.51929e-08
0.576496 -6.46363e-10 -1.01783e-09 -8.79636e-09 -5.85827e-09 1.91052e-16 1.22163e-16 -4.85531e-08 -2.40012e-08 -4.91995e-08 -2.5019e-08
0.576854 -6.34074e-10 -1.01027e-09 -8.72029e-09 -5.82672e-09 1.84543e-16 1.19582e-16 -4.81047e-08 -2.38406e-08 -4.87388e-08 -2.48509e-08
0.577211 -6.21993e-10 -1.00268e-09 -8.64463e-09 -5.79625e-09 1.78251e-16 1.17024e-16 -4.76593e-08 -2.36856e-08 -4.82813e-08 -2.46883e-08
0.577569 -6.10118e-10 -9.95051e-10 -8.56939e-09 -5.76682e-09 1.72169e-16 1.14491e-16 -4.7217e-08 -2.3536e-08 -4.78271e-08 -2.4531e-08
0.577927 -5.98446e-10 -9.87398e-10 -8.49454e-09 -5.73839e-09 1.66291e-16 1.11985e-16 -4.67776e-08 -2.33915e-08 -4.73761e-08 -2.43789e-08
0.578284 -5.86975e-10 -9.79722e-10 -8.4201e-09 -5.71094e-09 1.6061e-16 1.09507e-16 -4.63412e-08 -2.32521e-08 -4.69282e-08 -2.42318e-08
0.578642 -5.757e-10 -9.72025e-10 -8.34604e-09 -5.68441e-09 1.5512e-16 1.0706e-16 -4.59076e-08 -2.31175e-08 -4.64833e-08 -2.40895e-08
0.579 -5.64621e-10 -9.6431e-10 -8.27237e-09 -5.6588e-09 1.49816e-16 1.04644e-16 -4.54768e-08 -2.29876e-08 -4.60414e-08 -2.39519e-08
0.579357 -5.53734e-10 -9.56582e-10 -8.19907e-09 -5.63405e-09 1.4469e-16 1.02261e-16 -4.50488e-08 -2.28621e-08 -4.56026e-08 -2.38187e-08
0.579715 -5.43036e-10 -9.48844e-10 -8.12613e-09 -5.61015e-09 1.39738e-16 9.99114e-17 -4.46235e-08 -2.2741e-08 -4.51666e-08 -2.36899e-08
0.580072 -5.32526e-10 -9.41098e-10 -8.05356e-09 -5.58706e-09 1.34954e-16 9.7597e-17 -4.42009e-08 -2.26241e-08 -4.47334e-08 -2.35652e-08
0.58043 -5.22199e-10 -9.33347e-10 -7.98134e-09 -5.56476e-09 1.30333e-16 9.53183e-17 -4.37808e-08 -2.25112e-08 -4.4303e-08 -2.34446e-08
0.580788 -5.12053e-10 -9.25595e-10 -7.90946e-09 -5.54321e-09 1.25869e-16 9.30759e-17 -4.33633e-08 -2.24023e-08 -4.38754e-08 -2.33279e-08
0.581145 -5.02087e-10 -9.17844e-10 -7.83791e-09 -5.5224e-09 1.21557e-16 9.08705e-17 -4.29483e-08 -2.22971e-08 -4.34504e-08 -2.32149e-08
0.581503 -4.92296e-10 -9.10096e-10 -7.76669e-09 -5.50229e-09 1.17392e-16 8.87024e-17 -4.25357e-08 -2.21955e-08 -4.30279e-08 -2.31056e-08
0.581861 -4.82679e-10 -9.02355e-10 -7.69579e-09 -5.48286e-09 1.1337e-16 8.65722e-17 -4.21254e-08 -2.20974e-08 -4.26081e-08 -2.29997e-08
0.582218 -4.73233e-10 -8.94623e-10 -7.6252e-09 -5.46408e-09 1.09485e-16 8.448e-17 -4.17175e-08 -2.20026e-08 -4.21907e-08 -2.28973e-08
0.582576 -4.63955e-10 -8.86902e-10 -7.55492e-09 -5.44594e-09 1.05733e-16 8.24261e-17 -4.13117e-08 -2.19112e-08 -4.17757e-08 -2.27981e-08
0.582933 -4.54842e-10 -8.79194e-10 -7.48492e-09 -5.42841e-09 1.0211e-16 8.04107e-17 -4.09082e-08 -2.18228e-08 -4.13631e-08 -2.2702e-08
0.583291 -4.45893e-10 -8.71501e-10 -7.41521e-09 -5.41147e-09 9.86119e-17 7.84338e-17 -4.05068e-08 -2.17375e-08 -4.09527e-08 -2.2609e-08
0.583649 -4.37104e-10 -8.63826e-10 -7.34577e-09 -5.3951e-09 9.52338e-17 7.64953e-17 -4.01075e-08 -2.1655e-08 -4.05446e-08 -2.25189e-08
0.584006 -4.28473e-10 -8.5617e-10 -7.27661e-09 -5.37928e-09 9.1972e-17 7.45954e-17 -3.97102e-08 -2.15754e-08 -4.01387e-08 -2.24316e-08
0.584364 -4.19998e-10 -8.48536e-10 -7.2077e-09 -5.36398e-09 8.88225e-17 7.27337e-17 -3.93148e-08 -2.14985e-08 -3.97348e-08 -2.2347e-08
0.584722 -4.11676e-10 -8.40925e-10 -7.13904e-09 -5.34919e-09 8.57817e-17 7.09102e-17 -3.89214e-08 -2.14242e-08 -3.9333e-08 -2.22651e-08
0.585079 -4.03504e-10 -8.33338e-10 -7.07062e-09 -5.3349e-09 8.28457e-17 6.91246e-17 -3.85297e-08 -2.13523e-08 -3.89332e-08 -2.21857e-08
0.585437 -3.9548e-10 -8.25778e-10 -7.00244e-09 -5.32107e-09 8.00112e-17 6.73767e-17 -3.81399e-08 -2.12829e-08 -3.85354e-08 -2.21087e-08
0.585794 -3.87602e-10 -8.18247e-10 -6.93448e-09 -5.30771e-09 7.72745e-17 6.56662e-17 -3.77517e-08 -2.12159e-08 -3.81393e-08 -2.20341e-08
0.586152 -3.79868e-10 -8.10744e-10 -6.86674e-09 -5.29478e-09 7.46325e-17 6.39928e-17 -3.73653e-08 -2.1151e-08 -3.77451e-08 -2.19618e-08
0.58651 -3.72274e-10 -8.03273e-10 -6.79921e-09 -5.28228e-09 7.20819e-17 6.2356e-17 -3.69804e-08 -2.10883e-08 -3.73527e-08 -2.18916e-08
0.586867 -3.64819e-10 -7.95834e-10 -6.73188e-09 -5.27018e-09 6.96196e-17 6.07555e-17 -3.65971e-08 -2.10277e-08 -3.69619e-08 -2.18236e-08
0.587225 -3.57501e-10 -7.88429e-10 -6.66474e-09 -5.25848e-09 6.72425e-17 5.91909e-17 -3.62153e-08 -2.09691e-08 -3.65728e-08 -2.17575e-08
0.587583 -3.50316e-10 -7.81058e-10 -6.59778e-09 -5.24716e-09 6.49477e-17 5.76617e-17 -3.58349e-08 -2.09124e-08 -3.61853e-08 -2.16935e-08
0.58794 -3.43264e-10 -7.73724e-10 -6.53101e-09 -5.2362e-09 6.27325e-17 5.61675e-17 -3.5456e-08 -2.08576e-08 -3.57992e-08 -2.16313e-08
0.588298 -3.36341e-10 -7.66427e-10 -6.4644e-09 -5.22559e-09 6.0594e-17 5.47078e-17 -3.50783e-08 -2.08046e-08 -3.54147e-08 -2.1571e-08
0.588655 -3.29545e-10 -7.59167e-10 -6.39795e-09 -5.21532e-09 5.85296e-17 5.32821e-17 -3.4702e-08 -2.07533e-08 -3.50316e-08 -2.15124e-08
0.589013 -3.22875e-10 -7.51947e-10 -6.33166e-09 -5.20538e-09 5.65369e-17 5.18898e-17 -3.43269e-08 -2.07036e-08 -3.46498e-08 -2.14556e-08
0.589371 -3.16328e-10 -7.44767e-10 -6.26551e-09 -5.19575e-09 5.46132e-17 5.05305e-17 -3.3953e-08 -2.06555e-08 -3.42693e-08 -2.14003e-08
0.589728 -3.09902e-10 -7.37628e-10 -6.19951e-09 -5.18643e-09 5.27562e-17 4.92036e-17 -3.35802e-08 -2.0609e-08 -3.38901e-08 -2.13466e-08
0.590086 -3.03595e-10 -7.30531e-10 -6.13364e-09 -5.1774e-09 5.09636e-17 4.79085e-17 -3.32085e-08 -2.0564e-08 -3.35121e-08 -2.12945e-08
0.590444 -2.97405e-10 -7.23476e-10 -6.06789e-09 -5.16864e-09 4.92332e-17 4.66448e-17 -3.28379e-08 -2.05203e-08 -3.31353e-08 -2.12438e-08
0.590801 -2.91329e-10 -7.16465e-10 -6.00226e-09 -5.16016e-09 4.75628e-17 4.54119e-17 -3.24683e-08 -2.04781e-08 -3.27596e-08 -2.11945e-08
0.591159 -2.85367e-10 -7.09498e-10 -5.93674e-09 -5.15194e-09 4.59504e-17 4.42091e-17 -3.20996e-08 -2.04371e-08 -3.23849e-08 -2.11466e-08
0.591516 -2.79515e-10 -7.02575e-10 -5.87133e-09 -5.14396e-09 4.43938e-17 4.3036e-17 -3.17318e-08 -2.03974e-08 -3.20113e-08 -2.11e-08
0.591874 -2.73773e-10 -6.95697e-10 -5.80602e-09 -5.13623e-09 4.28912e-17 4.1892e-17 -3.13649e-08 -2.0359e-08 -3.16386e-08 -2.10547e-08
0.592232 -2.68137e-10 -6.88865e-10 -5.7408e-09 -5.12873e-09 4.14407e-17 4.07765e-17 -3.09988e-08 -2.03217e-08 -3.12669e-08 -2.10106e-08
0.592589 -2.62607e-10 -6.8208e-10 -5.67567e-09 -5.12145e-09 4.00404e-17 3.9689e-17 -3.06335e-08 -2.02856e-08 -3.08961e-08 -2.09676e-08
0.592947 -2.5718e-10 -6.75341e-10 -5.61061e-09 -5.11439e-09 3.86887e-17 3.86288e-17 -3.02689e-08 -2.02505e-08 -3.0526e-08 -2.09258e-08
0.593305 -2.51855e-10 -6.6865e-10 -5.54564e-09 -5.10754e-09 3.73837e-17 3.75955e-17 -2.9905e-08 -2.02165e-08 -3.01568e-08 -2.08851e-08
0.593662 -2.46629e-10 -6.62006e-10 -5.48073e-09 -5.10088e-09 3.6124e-17 3.65884e-17 -2.95417e-08 -2.01835e-08 -2.97884e-08 -2.08455e-08
0.59402 -2.41501e-10 -6.5541e-10 -5.41588e-09 -5.09441e-09 3.49078e-17 3.56071e-17 -2.91791e-08 -2.01515e-08 -2.94206e-08 -2.08069e-08
0.594378 -2.3647e-10 -6.48863e-10 -5.35109e-09 -5.08813e-09 3.37337e-17 3.46509e-17 -2.88171e-08 -2.01204e-08 -2.90536e-08 -2.07692e-08
0.594735 -2.31533e-10 -6.42364e-10 -5.28636e-09 -5.08202e-09 3.26003e-17 3.37193e-17 -2.84556e-08 -2.00902e-08 -2.86872e-08 -2.07325e-08
0.595093 -2.26689e-10 -6.35914e-10 -5.22167e-09 -5.07609e-09 3.1506e-17 3.28118e-17 -2.80947e-08 -2.00608e-08 -2.83213e-08 -2.06967e-08
0.59545 -2.21936e-10 -6.29513e-10 -5.15703e-09 -5.07032e-09 3.04495e-17 3.19278e-17 -2.77342e-08 -2.00323e-08 -2.79561e-08 -2.06618e-08
0.595808 -2.17272e-10 -6.23162e-10 -5.09242e-09 -5.0647e-09 2.94295e-17 3.10669e-17 -2.73741e-08 -2.00046e-08 -2.75914e-08 -2.06278e-08
0.596166 -2.12696e-10 -6.1686e-10 -5.02785e-09 -5.05924e-09 2.84447e-17 3.02284e-17 -2.70145e-08 -1.99777e-08 -2.72272e-08 -2.05946e-08
0.596523 -2.08207e-10 -6.10608e-10 -4.96331e-09 -5.05392e-09 2.74939e-17 2.94119e-17 -2.66552e-08 -1.99515e-08 -2.68634e-08 -2.05621e-08
0.596881 -2.03803e-10 -6.04406e-10 -4.89878e-09 -5.04875e-09 2.65758e-17 2.86168e-17 -2.62963e-08 -1.99261e-08 -2.65001e-08 -2.05305e-08
0.597239 -1.99481e-10 -5.98254e-10 -4.83428e-09 -5.04371e-09 2.56894e-17 2.78427e-17 -2.59377e-08 -1.99013e-08 -2.61372e-08 -2.04996e-08
0.597596 -1.95242e-10 -5.92152e-10 -4.7698e-09 -5.03879e-09 2.48335e-17 2.70891e-17 -2.55794e-08 -1.98772e-08 -2.57747e-08 -2.04694e-08
0.597954 -1.91082e-10 -5.86101e-10 -4.70533e-09 -5.034e-09 2.40071e-17 2.63554e-17 -2.52214e-08 -1.98537e-08 -2.54125e-08 -2.04398e-08
0.598311 -1.87001e-10 -5.80099e-10 -4.64086e-09 -5.02934e-09 2.32091e-17 2.56412e-17 -2.48636e-08 -1.98309e-08 -2.50506e-08 -2.0411e-08
0.598669 -1.82998e-10 -5.74148e-10 -4.57641e-09 -5.02478e-09 2.24385e-17 2.4946e-17 -2.4506e-08 -1.98087e-08 -2.4689e-08 -2.03828e-08
0.599027 -1.79071e-10 -5.68247e-10 -4.51195e-09 -5.02034e-09 2.16944e-17 2.42694e-17 -2.41486e-08 -1.9787e-08 -2.43277e-08 -2.03552e-08
0.599384 -1.75218e-10 -5.62396e-10 -4.44749e-09 -5.016e-09 2.09758e-17 2.36109e-17 -2.37914e-08 -1.97659e-08 -2.39666e-08 -2.03283e-08
