0.399828 6.08406e-11 2.2618e-11 -2.2344e-10 1.21308e-09 -1.62599e-10 1.23569e-09
0.400066 6.18585e-11 2.30426e-11 -2.27374e-10 1.23095e-09 -1.65515e-10 1.254e-09
0.400305 6.28954e-11 2.34761e-11 -2.31385e-10 1.24913e-09 -1.68489e-10 1.2726e-09
0.400543 6.39517e-11 2.39186e-11 -2.35474e-10 1.2676e-09 -1.71523e-10 1.29152e-09
0.400782 6.50278e-11 2.43703e-11 -2.39644e-10 1.28637e-09 -1.74616e-10 1.31074e-09
0.40102 6.6124e-11 2.48315e-11 -2.43896e-10 1.30545e-09 -1.77772e-10 1.33028e-09
0.401258 6.72408e-11 2.53023e-11 -2.48231e-10 1.32485e-09 -1.8099e-10 1.35015e-09
0.401497 6.83786e-11 2.57829e-11 -2.52652e-10 1.34457e-09 -1.84274e-10 1.37035e-09
0.401735 6.95379e-11 2.62737e-11 -2.5716e-10 1.36461e-09 -1.87623e-10 1.39088e-09
0.401974 7.0719e-11 2.67749e-11 -2.61758e-10 1.38498e-09 -1.91039e-10 1.41176e-09
0.402212 7.19225e-11 2.72866e-11 -2.66447e-10 1.40569e-09 -1.94524e-10 1.43298e-09
0.402451 7.31488e-11 2.78091e-11 -2.71228e-10 1.42675e-09 -1.9808e-10 1.45456e-09
0.402689 7.43984e-11 2.83427e-11 -2.76105e-10 1.44815e-09 -2.01707e-10 1.4765e-09
0.402927 7.56717e-11 2.88876e-11 -2.8108e-10 1.46992e-09 -2.05408e-10 1.4988e-09
0.403166 7.69693e-11 2.94441e-11 -2.86153e-10 1.49204e-09 -2.09184e-10 1.52148e-09
0.403404 7.82917e-11 3.00124e-11 -2.91329e-10 1.51453e-09 -2.13037e-10 1.54455e-09
0.403643 7.96394e-11 3.05929e-11 -2.96608e-10 1.53741e-09 -2.16969e-10 1.568e-09
0.403881 8.10129e-11 3.11859e-11 -3.01993e-10 1.56066e-09 -2.20981e-10 1.59185e-09
0.404119 8.24127e-11 3.17915e-11 -3.07487e-10 1.5843e-09 -2.25075e-10 1.6161e-09
0.404358 8.38396e-11 3.24101e-11 -3.13092e-10 1.60835e-09 -2.29252e-10 1.64076e-09
0.404596 8.52939e-11 3.30421e-11 -3.1881e-10 1.63279e-09 -2.33516e-10 1.66583e-09
0.404835 8.67762e-11 3.36877e-11 -3.24644e-10 1.65765e-09 -2.37868e-10 1.69134e-09
0.405073 8.82873e-11 3.43472e-11 -3.30596e-10 1.68293e-09 -2.42309e-10 1.71728e-09
0.405312 8.98277e-11 3.5021e-11 -3.3667e-10 1.70863e-09 -2.46842e-10 1.74366e-09
0.40555 9.13979e-11 3.57095e-11 -3.42867e-10 1.73478e-09 -2.51469e-10 1.77049e-09
0.405788 9.29987e-11 3.64129e-11 -3.49191e-10 1.76136e-09 -2.56192e-10 1.79777e-09
0.406027 9.46308e-11 3.71316e-11 -3.55644e-10 1.7884e-09 -2.61013e-10 1.82553e-09
0.406265 9.62947e-11 3.7866e-11 -3.62229e-10 1.81589e-09 -2.65935e-10 1.85376e-09
0.406504 9.79911e-11 3.86165e-11 -3.6895e-10 1.84386e-09 -2.70959e-10 1.88248e-09
0.406742 9.97208e-11 3.93834e-11 -3.75809e-10 1.8723e-09 -2.76088e-10 1.91169e-09
0.406981 1.01484e-10 4.01672e-11 -3.8281e-10 1.90123e-09 -2.81325e-10 1.9414e-09
0.407219 1.03283e-10 4.09682e-11 -3.89955e-10 1.93066e-09 -2.86672e-10 1.97162e-09
0.407457 1.05117e-10 4.17869e-11 -3.97248e-10 1.96059e-09 -2.92132e-10 2.00237e-09
0.407696 1.06987e-10 4.26237e-11 -4.04693e-10 1.99103e-09 -2.97706e-10 2.03365e-09
0.407934 1.08894e-10 4.3479e-11 -4.12292e-10 2.022e-09 -3.03398e-10 2.06547e-09
0.408173 1.10839e-10 4.43532e-11 -4.2005e-10 2.0535e-09 -3.09211e-10 2.09785e-09
0.408411 1.12822e-10 4.52469e-11 -4.27969e-10 2.08554e-09 -3.15147e-10 2.13079e-09
0.408649 1.14845e-10 4.61606e-11 -4.36054e-10 2.11814e-09 -3.21209e-10 2.1643e-09
0.408888 1.16909e-10 4.70946e-11 -4.44309e-10 2.1513e-09 -3.274e-10 2.1984e-09
0.409126 1.19013e-10 4.80495e-11 -4.52737e-10 2.18504e-09 -3.33724e-10 2.23309e-09
0.409365 1.2116e-10 4.90258e-11 -4.61342e-10 2.21937e-09 -3.40182e-10 2.26839e-09
0.409603 1.2335e-10 5.0024e-11 -4.70129e-10 2.25429e-09 -3.46779e-10 2.30431e-09
0.409842 1.25584e-10 5.10447e-11 -4.79101e-10 2.28982e-09 -3.53518e-10 2.34086e-09
0.41008 1.27863e-10 5.20885e-11 -4.88264e-10 2.32596e-09 -3.60401e-10 2.37805e-09
0.410318 1.30187e-10 5.31558e-11 -4.9762e-10 2.36275e-09 -3.67433e-10 2.4159e-09
0.410557 1.32559e-10 5.42473e-11 -5.07176e-10 2.40017e-09 -3.74617e-10 2.45442e-09
0.410795 1.34979e-10 5.53635e-11 -5.16935e-10 2.43825e-09 -3.81956e-10 2.49361e-09
0.411034 1.37448e-10 5.65052e-11 -5.26903e-10 2.477e-09 -3.89455e-10 2.53351e-09
0.411272 1.39967e-10 5.76728e-11 -5.37083e-10 2.51643e-09 -3.97116e-10 2.5741e-09
0.41151 1.42537e-10 5.88671e-11 -5.47482e-10 2.55656e-09 -4.04945e-10 2.61542e-09
0.411749 1.4516e-10 6.00888e-11 -5.58104e-10 2.59739e-09 -4.12944e-10 2.65748e-09
0.411987 1.47837e-10 6.13384e-11 -5.68955e-10 2.63894e-09 -4.21118e-10 2.70028e-09
0.412226 1.50568e-10 6.26168e-11 -5.8004e-10 2.68123e-09 -4.29471e-10 2.74385e-09
0.412464 1.53356e-10 6.39247e-11 -5.91364e-10 2.72427e-09 -4.38008e-10 2.7882e-09
0.412703 1.56201e-10 6.52627e-11 -6.02934e-10 2.76808e-09 -4.46733e-10 2.83334e-09
0.412941 1.59104e-10 6.66316e-11 -6.14754e-10 2.81266e-09 -4.5565e-10 2.87929e-09
0.413179 1.62068e-10 6.80323e-11 -6.26832e-10 2.85803e-09 -4.64764e-10 2.92606e-09
0.413418 1.65093e-10 6.94655e-11 -6.39173e-10 2.90422e-09 -4.7408e-10 2.97368e-09
0.413656 1.6818e-10 7.0932e-11 -6.51783e-10 2.95122e-09 -4.83603e-10 3.02216e-09
0.413895 1.71332e-10 7.24327e-11 -6.64669e-10 2.99907e-09 -4.93337e-10 3.07151e-09
0.414133 1.74549e-10 7.39686e-11 -6.77838e-10 3.04778e-09 -5.03289e-10 3.12175e-09
0.414371 1.77833e-10 7.55403e-11 -6.91296e-10 3.09736e-09 -5.13462e-10 3.1729e-09
0.41461 1.81186e-10 7.7149e-11 -7.0505e-10 3.14783e-09 -5.23864e-10 3.22498e-09
0.414848 1.8461e-10 7.87955e-11 -7.19108e-10 3.19921e-09 -5.34498e-10 3.27801e-09
0.415087 1.88105e-10 8.04808e-11 -7.33477e-10 3.25152e-09 -5.45372e-10 3.332e-09
0.415325 1.91673e-10 8.2206e-11 -7.48164e-10 3.30476e-09 -5.56491e-10 3.38697e-09
0.415564 1.95317e-10 8.39719e-11 -7.63177e-10 3.35898e-09 -5.6786e-10 3.44295e-09
0.415802 1.99037e-10 8.57798e-11 -7.78524e-10 3.41417e-09 -5.79487e-10 3.49995e-09
0.41604 2.02837e-10 8.76306e-11 -7.94214e-10 3.47036e-09 -5.91377e-10 3.55799e-09
0.416279 2.06716e-10 8.95255e-11 -8.10254e-10 3.52758e-09 -6.03538e-10 3.6171e-09
0.416517 2.10679e-10 9.14656e-11 -8.26653e-10 3.58583e-09 -6.15975e-10 3.6773e-09
0.416756 2.14725e-10 9.34522e-11 -8.43421e-10 3.64515e-09 -6.28696e-10 3.7386e-09
0.416994 2.18858e-10 9.54864e-11 -8.60565e-10 3.70554e-09 -6.41708e-10 3.80103e-09
0.417233 2.23079e-10 9.75695e-11 -8.78096e-10 3.76704e-09 -6.55018e-10 3.86461e-09
0.417471 2.2739e-10 9.97027e-11 -8.96023e-10 3.82967e-09 -6.68633e-10 3.92937e-09
0.417709 2.31794e-10 1.01887e-10 -9.14356e-10 3.89344e-09 -6.82562e-10 3.99533e-09
0.417948 2.36292e-10 1.04125e-10 -9.33104e-10 3.95839e-09 -6.96812e-10 4.06251e-09
0.418186 2.40887e-10 1.06417e-10 -9.52279e-10 4.02452e-09 -7.11392e-10 4.13094e-09
0.418425 2.45582e-10 1.08764e-10 -9.71891e-10 4.09188e-09 -7.26309e-10 4.20064e-09
0.418663 2.50377e-10 1.11169e-10 -9.9195e-10 4.16047e-09 -7.41572e-10 4.27164e-09
0.418901 2.55277e-10 1.13632e-10 -1.01247e-09 4.23033e-09 -7.57191e-10 4.34396e-09
0.41914 2.60283e-10 1.16155e-10 -1.03346e-09 4.30148e-09 -7.73174e-10 4.41764e-09
0.419378 2.65398e-10 1.18741e-10 -1.05493e-09 4.37395e-09 -7.8953e-10 4.49269e-09
0.419617 2.70624e-10 1.2139e-10 -1.07689e-09 4.44777e-09 -8.06269e-10 4.56916e-09
0.419855 2.75964e-10 1.24103e-10 -1.09937e-09 4.52295e-09 -8.23401e-10 4.64705e-09
0.420094 2.81422e-10 1.26884e-10 -1.12236e-09 4.59953e-09 -8.40936e-10 4.72641e-09
0.420332 2.86998e-10 1.29734e-10 -1.14588e-09 4.67754e-09 -8.58885e-10 4.80727e-09
0.42057 2.92698e-10 1.32654e-10 -1.16995e-09 4.757e-09 -8.77257e-10 4.88965e-09
0.420809 2.98522e-10 1.35647e-10 -1.19459e-09 4.83794e-09 -8.96064e-10 4.97359e-09
0.421047 3.04476e-10 1.38714e-10 -1.21979e-09 4.9204e-09 -9.15318e-10 5.05912e-09
0.421286 3.1056e-10 1.41858e-10 -1.24559e-09 5.0044e-09 -9.3503e-10 5.14626e-09
0.421524 3.1678e-10 1.4508e-10 -1.27199e-09 5.08998e-09 -9.55211e-10 5.23506e-09
0.421762 3.23137e-10 1.48383e-10 -1.29901e-09 5.17717e-09 -9.75875e-10 5.32555e-09
0.422001 3.29636e-10 1.51768e-10 -1.32667e-09 5.26599e-09 -9.97033e-10 5.41776e-09
0.422239 3.36279e-10 1.55239e-10 -1.35498e-09 5.35649e-09 -1.0187e-09 5.51173e-09
0.422478 3.43071e-10 1.58798e-10 -1.38396e-09 5.44869e-09 -1.04089e-09 5.60749e-09
0.422716 3.50014e-10 1.62446e-10 -1.41362e-09 5.54264e-09 -1.06361e-09 5.70508e-09
0.422955 3.57113e-10 1.66187e-10 -1.44399e-09 5.63836e-09 -1.08688e-09 5.80454e-09
0.423193 3.64372e-10 1.70022e-10 -1.47509e-09 5.73589e-09 -1.11071e-09 5.90591e-09
0.423431 3.71794e-10 1.73956e-10 -1.50692e-09 5.83527e-09 -1.13513e-09 6.00923e-09
0.42367 3.79383e-10 1.77989e-10 -1.53952e-09 5.93654e-09 -1.16013e-09 6.11453e-09
0.423908 3.87143e-10 1.82125e-10 -1.57289e-09 6.03974e-09 -1.18575e-09 6.22186e-09
0.424147 3.95079e-10 1.86368e-10 -1.60707e-09 6.1449e-09 -1.21199e-09 6.33127e-09
0.424385 4.03196e-10 1.90719e-10 -1.64207e-09 6.25206e-09 -1.23888e-09 6.44278e-09
0.424623 4.11496e-10 1.95182e-10 -1.67792e-09 6.36127e-09 -1.26642e-09 6.55645e-09
0.424862 4.19986e-10 1.99761e-10 -1.71463e-09 6.47257e-09 -1.29464e-09 6.67233e-09
0.4251 4.28669e-10 2.04457e-10 -1.75223e-09 6.586e-09 -1.32356e-09 6.79045e-09
0.425339 4.37551e-10 2.09275e-10 -1.79074e-09 6.7016e-09 -1.35319e-09 6.91087e-09
0.425577 4.46636e-10 2.14218e-10 -1.83019e-09 6.81942e-09 -1.38356e-09 7.03364e-09
0.425816 4.5593e-10 2.1929e-10 -1.87061e-09 6.9395e-09 -1.41468e-09 7.15879e-09
0.426054 4.65437e-10 2.24494e-10 -1.91201e-09 7.06189e-09 -1.44657e-09 7.28639e-09
0.426292 4.75164e-10 2.29833e-10 -1.95443e-09 7.18664e-09 -1.47926e-09 7.41648e-09
0.426531 4.85115e-10 2.35313e-10 -1.99789e-09 7.3138e-09 -1.51277e-09 7.54911e-09
0.426769 4.95297e-10 2.40936e-10 -2.04242e-09 7.44341e-09 -1.54712e-09 7.68435e-09
0.427008 5.05714e-10 2.46708e-10 -2.08804e-09 7.57553e-09 -1.58233e-09 7.82224e-09
0.427246 5.16374e-10 2.52631e-10 -2.1348e-09 7.7102e-09 -1.61842e-09 7.96284e-09
0.427485 5.27281e-10 2.58711e-10 -2.18271e-09 7.84749e-09 -1.65543e-09 8.1062e-09
0.427723 5.38443e-10 2.64952e-10 -2.23182e-09 7.98744e-09 -1.69337e-09 8.25239e-09
0.427961 5.49866e-10 2.71358e-10 -2.28214e-09 8.1301e-09 -1.73228e-09 8.40146e-09
0.4282 5.61556e-10 2.77935e-10 -2.33373e-09 8.27555e-09 -1.77217e-09 8.55348e-09
0.428438 5.73521e-10 2.84687e-10 -2.3866e-09 8.42382e-09 -1.81308e-09 8.70851e-09
0.428677 5.85767e-10 2.9162e-10 -2.4408e-09 8.57498e-09 -1.85503e-09 8.8666e-09
0.428915 5.98301e-10 2.98738e-10 -2.49636e-09 8.7291e-09 -1.89806e-09 9.02784e-09
0.429153 6.11131e-10 3.06047e-10 -2.55332e-09 8.88622e-09 -1.94219e-09 9.19227e-09
0.429392 6.24265e-10 3.13553e-10 -2.61172e-09 9.04642e-09 -1.98745e-09 9.35998e-09
0.42963 6.3771e-10 3.21261e-10 -2.6716e-09 9.20976e-09 -2.03389e-09 9.53102e-09
0.429869 6.51474e-10 3.29177e-10 -2.73299e-09 9.3763e-09 -2.08152e-09 9.70547e-09
0.430107 6.65565e-10 3.37308e-10 -2.79594e-09 9.5461e-09 -2.13038e-09 9.88341e-09
0.430346 6.79993e-10 3.4566e-10 -2.8605e-09 9.71924e-09 -2.18051e-09 1.00649e-08
0.430584 6.94765e-10 3.54238e-10 -2.92671e-09 9.89579e-09 -2.23194e-09 1.025e-08
0.430822 7.09891e-10 3.63051e-10 -2.99461e-09 1.00758e-08 -2.28472e-09 1.04389e-08
0.431061 7.25379e-10 3.72104e-10 -3.06426e-09 1.02594e-08 -2.33888e-09 1.06315e-08
0.431299 7.41239e-10 3.81406e-10 -3.13569e-09 1.04466e-08 -2.39445e-09 1.0828e-08
0.431538 7.57482e-10 3.90962e-10 -3.20897e-09 1.06374e-08 -2.45148e-09 1.10284e-08
0.431776 7.74116e-10 4.00782e-10 -3.28413e-09 1.08321e-08 -2.51002e-09 1.12329e-08
0.432014 7.91152e-10 4.10872e-10 -3.36125e-09 1.10306e-08 -2.5701e-09 1.14415e-08
0.432253 8.086e-10 4.21241e-10 -3.44037e-09 1.1233e-08 -2.63176e-09 1.16543e-08
0.432491 8.26472e-10 4.31898e-10 -3.52154e-09 1.14395e-08 -2.69507e-09 1.18714e-08
0.43273 8.44779e-10 4.4285e-10 -3.60483e-09 1.165e-08 -2.76005e-09 1.20929e-08
0.432968 8.63531e-10 4.54107e-10 -3.6903e-09 1.18647e-08 -2.82677e-09 1.23188e-08
0.433207 8.82741e-10 4.65678e-10 -3.77801e-09 1.20837e-08 -2.89527e-09 1.25494e-08
0.433445 9.0242e-10 4.77572e-10 -3.86802e-09 1.2307e-08 -2.9656e-09 1.27846e-08
0.433683 9.22582e-10 4.898e-10 -3.9604e-09 1.25348e-08 -3.03781e-09 1.30246e-08
0.433922 9.43239e-10 5.02371e-10 -4.05521e-09 1.27671e-08 -3.11197e-09 1.32695e-08
0.43416 9.64403e-10 5.15295e-10 -4.15254e-09 1.30041e-08 -3.18813e-09 1.35194e-08
0.434399 9.86089e-10 5.28584e-10 -4.25244e-09 1.32457e-08 -3.26635e-09 1.37743e-08
0.434637 1.00831e-09 5.42249e-10 -4.355e-09 1.34922e-08 -3.34669e-09 1.40345e-08
0.434875 1.03108e-09 5.56301e-10 -4.46028e-09 1.37436e-08 -3.4292e-09 1.42999e-08
0.435114 1.05442e-09 5.70752e-10 -4.56838e-09 1.40001e-08 -3.51397e-09 1.45708e-08
0.435352 1.07833e-09 5.85614e-10 -4.67937e-09 1.42616e-08 -3.60104e-09 1.48472e-08
0.435591 1.10284e-09 6.009e-10 -4.79334e-09 1.45284e-08 -3.6905e-09 1.51293e-08
0.435829 1.12796e-09 6.16623e-10 -4.91037e-09 1.48005e-08 -3.78241e-09 1.54171e-08
0.436068 1.15371e-09 6.32797e-10 -5.03056e-09 1.50781e-08 -3.87685e-09 1.57109e-08
0.436306 1.1801e-09 6.49435e-10 -5.15399e-09 1.53612e-08 -3.97389e-09 1.60107e-08
0.436544 1.20715e-09 6.66552e-10 -5.28076e-09 1.565e-08 -4.07361e-09 1.63166e-08
0.436783 1.23489e-09 6.84163e-10 -5.41097e-09 1.59446e-08 -4.17609e-09 1.66288e-08
0.437021 1.26332e-09 7.02282e-10 -5.54473e-09 1.62451e-08 -4.28141e-09 1.69474e-08
0.43726 1.29246e-09 7.20927e-10 -5.68213e-09 1.65516e-08 -4.38966e-09 1.72726e-08
0.437498 1.32235e-09 7.40113e-10 -5.82328e-09 1.68643e-08 -4.50094e-09 1.76044e-08
0.437737 1.35298e-09 7.59858e-10 -5.9683e-09 1.71833e-08 -4.61532e-09 1.79431e-08
0.437975 1.3844e-09 7.80178e-10 -6.11731e-09 1.75086e-08 -4.73291e-09 1.82888e-08
0.438213 1.41661e-09 8.01093e-10 -6.27041e-09 1.78405e-08 -4.8538e-09 1.86416e-08
0.438452 1.44964e-09 8.2262e-10 -6.42774e-09 1.81791e-08 -4.9781e-09 1.90017e-08
0.43869 1.48351e-09 8.44779e-10 -6.58942e-09 1.85244e-08 -5.10591e-09 1.93692e-08
0.438929 1.51825e-09 8.67591e-10 -6.75558e-09 1.88767e-08 -5.23733e-09 1.97443e-08
0.439167 1.55388e-09 8.91075e-10 -6.92636e-09 1.92361e-08 -5.37248e-09 2.01272e-08
0.439405 1.59041e-09 9.15253e-10 -7.10189e-09 1.96027e-08 -5.51147e-09 2.0518e-08
0.439644 1.62789e-09 9.40148e-10 -7.28232e-09 1.99767e-08 -5.65443e-09 2.09168e-08
0.439882 1.66633e-09 9.65782e-10 -7.4678e-09 2.03581e-08 -5.80148e-09 2.13239e-08
0.440121 1.70575e-09 9.92178e-10 -7.65848e-09 2.07472e-08 -5.95273e-09 2.17394e-08
0.440359 1.7462e-09 1.01936e-09 -7.85453e-09 2.11442e-08 -6.10833e-09 2.21635e-08
0.440598 1.78769e-09 1.04736e-09 -8.05609e-09 2.15491e-08 -6.26841e-09 2.25964e-08
0.440836 1.83025e-09 1.07619e-09 -8.26335e-09 2.19621e-08 -6.43311e-09 2.30383e-08
0.441074 1.87391e-09 1.10589e-09 -8.47648e-09 2.23834e-08 -6.60257e-09 2.34893e-08
0.441313 1.91871e-09 1.13648e-09 -8.69566e-09 2.28131e-08 -6.77695e-09 2.39496e-08
0.441551 1.96468e-09 1.168e-09 -8.92107e-09 2.32515e-08 -6.95639e-09 2.44195e-08
0.44179 2.01184e-09 1.20047e-09 -9.15291e-09 2.36986e-08 -7.14107e-09 2.48991e-08
0.442028 2.06023e-09 1.23392e-09 -9.39137e-09 2.41547e-08 -7.33114e-09 2.53886e-08
0.442266 2.10989e-09 1.26838e-09 -9.63667e-09 2.46199e-08 -7.52678e-09 2.58883e-08
0.442505 2.16085e-09 1.30389e-09 -9.88901e-09 2.50944e-08 -7.72816e-09 2.63983e-08
0.442743 2.21314e-09 1.34049e-09 -1.01486e-08 2.55784e-08 -7.93547e-09 2.69189e-08
0.442982 2.2668e-09 1.3782e-09 -1.04157e-08 2.6072e-08 -8.14889e-09 2.74502e-08
0.44322 2.32188e-09 1.41707e-09 -1.06905e-08 2.65754e-08 -8.36863e-09 2.79925e-08
0.443459 2.37841e-09 1.45712e-09 -1.09733e-08 2.70889e-08 -8.59488e-09 2.8546e-08
0.443697 2.43642e-09 1.49841e-09 -1.12643e-08 2.76126e-08 -8.82785e-09 2.9111e-08
0.443935 2.49597e-09 1.54097e-09 -1.15637e-08 2.81467e-08 -9.06777e-09 2.96876e-08
0.444174 2.5571e-09 1.58484e-09 -1.1872e-08 2.86913e-08 -9.31485e-09 3.02762e-08
0.444412 2.61985e-09 1.63007e-09 -1.21892e-08 2.92468e-08 -9.56933e-09 3.08769e-08
0.444651 2.68426e-09 1.6767e-09 -1.25157e-08 2.98132e-08 -9.83144e-09 3.14899e-08
0.444889 2.75038e-09 1.72478e-09 -1.28518e-08 3.03908e-08 -1.01014e-08 3.21156e-08
0.445127 2.81826e-09 1.77435e-09 -1.31978e-08 3.09798e-08 -1.03796e-08 3.27542e-08
0.445366 2.88795e-09 1.82547e-09 -1.35541e-08 3.15804e-08 -1.06661e-08 3.34059e-08
0.445604 2.9595e-09 1.87819e-09 -1.39209e-08 3.21927e-08 -1.09614e-08 3.40709e-08
0.445843 3.03295e-09 1.93255e-09 -1.42985e-08 3.28171e-08 -1.12656e-08 3.47496e-08
0.446081 3.10838e-09 1.98862e-09 -1.46874e-08 3.34536e-08 -1.1579e-08 3.54423e-08
0.44632 3.18582e-09 2.04645e-09 -1.50879e-08 3.41026e-08 -1.19021e-08 3.61491e-08
0.446558 3.26534e-09 2.1061e-09 -1.55003e-08 3.47642e-08 -1.2235e-08 3.68703e-08
0.446796 3.347e-09 2.16763e-09 -1.59251e-08 3.54386e-08 -1.25781e-08 3.76062e-08
0.447035 3.43085e-09 2.23111e-09 -1.63627e-08 3.61261e-08 -1.29318e-08 3.83572e-08
0.447273 3.51696e-09 2.29659e-09 -1.68133e-08 3.68268e-08 -1.32964e-08 3.91234e-08
0.447512 3.60539e-09 2.36416e-09 -1.72776e-08 3.7541e-08 -1.36722e-08 3.99052e-08
0.44775 3.6962e-09 2.43387e-09 -1.77559e-08 3.82689e-08 -1.40597e-08 4.07028e-08
0.447989 3.78947e-09 2.5058e-09 -1.82487e-08 3.90107e-08 -1.44592e-08 4.15165e-08
0.448227 3.88525e-09 2.58003e-09 -1.87564e-08 3.97667e-08 -1.48712e-08 4.23467e-08
0.448465 3.98363e-09 2.65662e-09 -1.92796e-08 4.05369e-08 -1.5296e-08 4.31936e-08
0.448704 4.08467e-09 2.73567e-09 -1.98187e-08 4.13218e-08 -1.57341e-08 4.40574e-08
0.448942 4.18845e-09 2.81726e-09 -2.03743e-08 4.21214e-08 -1.61859e-08 4.49386e-08
0.449181 4.29505e-09 2.90147e-09 -2.09469e-08 4.29359e-08 -1.66519e-08 4.58374e-08
0.449419 4.40454e-09 2.98838e-09 -2.15371e-08 4.37657e-08 -1.71325e-08 4.67541e-08
0.449657 4.51701e-09 3.0781e-09 -2.21454e-08 4.46109e-08 -1.76284e-08 4.7689e-08
0.449896 4.63254e-09 3.17072e-09 -2.27725e-08 4.54717e-08 -1.81399e-08 4.86424e-08
0.450134 4.75122e-09 3.26634e-09 -2.34189e-08 4.63483e-08 -1.86677e-08 4.96146e-08
0.450373 4.87313e-09 3.36505e-09 -2.40853e-08 4.72409e-08 -1.92122e-08 5.0606e-08
0.450611 4.99836e-09 3.46697e-09 -2.47724e-08 4.81498e-08 -1.97741e-08 5.16168e-08
0.45085 5.12701e-09 3.5722e-09 -2.54809e-08 4.90751e-08 -2.03539e-08 5.26472e-08
0.451088 5.25917e-09 3.68086e-09 -2.62114e-08 5.00169e-08 -2.09523e-08 5.36978e-08
0.451326 5.39493e-09 3.79306e-09 -2.69648e-08 5.09756e-08 -2.15698e-08 5.47686e-08
0.451565 5.53441e-09 3.90893e-09 -2.77417e-08 5.19512e-08 -2.22073e-08 5.58601e-08
0.451803 5.67771e-09 4.02859e-09 -2.85429e-08 5.29439e-08 -2.28652e-08 5.69725e-08
0.452042 5.82492e-09 4.15217e-09 -2.93694e-08 5.3954e-08 -2.35445e-08 5.81062e-08
0.45228 5.97616e-09 4.27981e-09 -3.02218e-08 5.49815e-08 -2.42457e-08 5.92613e-08
0.452518 6.13154e-09 4.41164e-09 -3.11012e-08 5.60267e-08 -2.49696e-08 6.04383e-08
0.452757 6.29117e-09 4.54781e-09 -3.20083e-08 5.70896e-08 -2.57171e-08 6.16374e-08
0.452995 6.45517e-09 4.68847e-09 -3.29442e-08 5.81703e-08 -2.6489e-08 6.28588e-08
0.453234 6.62366e-09 4.83376e-09 -3.39097e-08 5.92691e-08 -2.72861e-08 6.41028e-08
0.453472 6.79677e-09 4.98386e-09 -3.4906e-08 6.03859e-08 -2.81093e-08 6.53698e-08
0.453711 6.97462e-09 5.13893e-09 -3.5934e-08 6.1521e-08 -2.89594e-08 6.66599e-08
0.453949 7.15733e-09 5.29913e-09 -3.69949e-08 6.26743e-08 -2.98375e-08 6.79734e-08
0.454187 7.34505e-09 5.46465e-09 -3.80897e-08 6.38459e-08 -3.07446e-08 6.93106e-08
0.454426 7.53791e-09 5.63566e-09 -3.92195e-08 6.5036e-08 -3.16816e-08 7.06716e-08
0.454664 7.73604e-09 5.81235e-09 -4.03857e-08 6.62444e-08 -3.26496e-08 7.20568e-08
0.454903 7.9396e-09 5.99493e-09 -4.15893e-08 6.74712e-08 -3.36497e-08 7.34662e-08
0.455141 8.14871e-09 6.18359e-09 -4.28318e-08 6.87165e-08 -3.46831e-08 7.49001e-08
0.455379 8.36355e-09 6.37854e-09 -4.41144e-08 6.99801e-08 -3.57508e-08 7.63586e-08
0.455618 8.58425e-09 6.57999e-09 -4.54384e-08 7.12619e-08 -3.68542e-08 7.78419e-08
0.455856 8.81097e-09 6.78817e-09 -4.68054e-08 7.2562e-08 -3.79945e-08 7.93502e-08
0.456095 9.04388e-09 7.00332e-09 -4.82168e-08 7.38802e-08 -3.91729e-08 8.08835e-08
0.456333 9.28314e-09 7.22566e-09 -4.96741e-08 7.52164e-08 -4.0391e-08 8.2442e-08
0.456572 9.5289e-09 7.45545e-09 -5.11789e-08 7.65703e-08 -4.165e-08 8.40257e-08
0.45681 9.78135e-09 7.69294e-09 -5.27327e-08 7.79417e-08 -4.29514e-08 8.56347e-08
0.457048 1.00407e-08 7.93839e-09 -5.43374e-08 7.93305e-08 -4.42967e-08 8.72689e-08
0.457287 1.0307e-08 8.19207e-09 -5.59946e-08 8.07364e-08 -4.56876e-08 8.89284e-08
0.457525 1.05805e-08 8.45427e-09 -5.77062e-08 8.21589e-08 -4.71257e-08 9.06132e-08
0.457764 1.08615e-08 8.72528e-09 -5.9474e-08 8.35977e-08 -4.86125e-08 9.2323e-08
0.458002 1.115e-08 9.00539e-09 -6.13e-08 8.50525e-08 -5.015e-08 9.40579e-08
0.458241 1.14463e-08 9.29491e-09 -6.31862e-08 8.65228e-08 -5.17398e-08 9.58177e-08
0.458479 1.17506e-08 9.59416e-09 -6.51346e-08 8.8008e-08 -5.3384e-08 9.76021e-08
0.458717 1.20631e-08 9.90347e-09 -6.71475e-08 8.95075e-08 -5.50844e-08 9.9411e-08
0.458956 1.23839e-08 1.02232e-08 -6.92269e-08 9.10208e-08 -5.6843e-08 1.01244e-07
0.459194 1.27133e-08 1.05536e-08 -7.13753e-08 9.25471e-08 -5.8662e-08 1.03101e-07
0.459433 1.30515e-08 1.08952e-08 -7.35951e-08 9.40857e-08 -6.05436e-08 1.04981e-07
0.459671 1.33987e-08 1.12483e-08 -7.58886e-08 9.56358e-08 -6.24899e-08 1.06884e-07
0.459909 1.3755e-08 1.16132e-08 -7.82584e-08 9.71964e-08 -6.45034e-08 1.0881e-07
0.460148 1.41208e-08 1.19904e-08 -8.07073e-08 9.87666e-08 -6.65865e-08 1.10757e-07
0.460386 1.44963e-08 1.23802e-08 -8.32378e-08 1.00345e-07 -6.87416e-08 1.12725e-07
0.460625 1.48816e-08 1.27832e-08 -8.58529e-08 1.01931e-07 -7.09714e-08 1.14714e-07
0.460863 1.5277e-08 1.31996e-08 -8.85555e-08 1.03523e-07 -7.32786e-08 1.16723e-07
0.461102 1.56826e-08 1.363e-08 -9.13486e-08 1.0512e-07 -7.56659e-08 1.1875e-07
0.46134 1.60989e-08 1.40749e-08 -9.42353e-08 1.06721e-07 -7.81364e-08 1.20796e-07
0.461578 1.65259e-08 1.45346e-08 -9.72188e-08 1.08323e-07 -8.0693e-08 1.22857e-07
0.461817 1.69639e-08 1.50097e-08 -1.00303e-07 1.09925e-07 -8.33387e-08 1.24935e-07
0.462055 1.74131e-08 1.55006e-08 -1.0349e-07 1.11526e-07 -8.60769e-08 1.27026e-07
0.462294 1.78737e-08 1.60079e-08 -1.06785e-07 1.13123e-07 -8.89109e-08 1.29131e-07
0.462532 1.83461e-08 1.65321e-08 -1.1019e-07 1.14714e-07 -9.18442e-08 1.31247e-07
0.46277 1.88303e-08 1.70738e-08 -1.13711e-07 1.16298e-07 -9.48803e-08 1.33372e-07
0.463009 1.93267e-08 1.76334e-08 -1.1735e-07 1.17872e-07 -9.8023e-08 1.35505e-07
0.463247 1.98355e-08 1.82115e-08 -1.21112e-07 1.19433e-07 -1.01276e-07 1.37645e-07
0.463486 2.03569e-08 1.88088e-08 -1.25e-07 1.20979e-07 -1.04644e-07 1.39788e-07
0.463724 2.08911e-08 1.94257e-08 -1.29021e-07 1.22507e-07 -1.0813e-07 1.41933e-07
0.463963 2.14383e-08 2.0063e-08 -1.33177e-07 1.24014e-07 -1.11739e-07 1.44077e-07
0.464201 2.19988e-08 2.07212e-08 -1.37473e-07 1.25498e-07 -1.15475e-07 1.46219e-07
0.464439 2.25727e-08 2.14009e-08 -1.41915e-07 1.26953e-07 -1.19343e-07 1.48354e-07
0.464678 2.31604e-08 2.21028e-08 -1.46508e-07 1.28378e-07 -1.23347e-07 1.50481e-07
0.464916 2.37619e-08 2.28276e-08 -1.51255e-07 1.29768e-07 -1.27493e-07 1.52596e-07
0.465155 2.43775e-08 2.35758e-08 -1.56163e-07 1.3112e-07 -1.31786e-07 1.54695e-07
0.465393 2.50073e-08 2.43483e-08 -1.61238e-07 1.32428e-07 -1.3623e-07 1.56776e-07
0.465631 2.56516e-08 2.51456e-08 -1.66484e-07 1.33689e-07 -1.40832e-07 1.58835e-07
0.46587 2.63104e-08 2.59684e-08 -1.71907e-07 1.34898e-07 -1.45597e-07 1.60867e-07
0.466108 2.69841e-08 2.68175e-08 -1.77514e-07 1.3605e-07 -1.5053e-07 1.62868e-07
0.466347 2.76726e-08 2.76936e-08 -1.83311e-07 1.3714e-07 -1.55638e-07 1.64834e-07
0.466585 2.83761e-08 2.85974e-08 -1.89303e-07 1.38163e-07 -1.60927e-07 1.6676e-07
0.466824 2.90948e-08 2.95296e-08 -1.95498e-07 1.39111e-07 -1.66403e-07 1.68641e-07
0.467062 2.98286e-08 3.0491e-08 -2.01902e-07 1.3998e-07 -1.72073e-07 1.70471e-07
0.4673 3.05778e-08 3.14823e-08 -2.08522e-07 1.40764e-07 -1.77944e-07 1.72246e-07
0.467539 3.13424e-08 3.25041e-08 -2.15365e-07 1.41454e-07 -1.84022e-07 1.73958e-07
0.467777 3.21223e-08 3.35574e-08 -2.22438e-07 1.42045e-07 -1.90316e-07 1.75602e-07
0.468016 3.29176e-08 3.46427e-08 -2.2975e-07 1.42528e-07 -1.96832e-07 1.77171e-07
0.468254 3.37283e-08 3.57609e-08 -2.37307e-07 1.42896e-07 -2.03578e-07 1.78657e-07
0.468493 3.45544e-08 3.69127e-08 -2.45117e-07 1.43141e-07 -2.10563e-07 1.80054e-07
0.468731 3.53957e-08 3.80987e-08 -2.5319e-07 1.43255e-07 -2.17794e-07 1.81353e-07
0.468969 3.62521e-08 3.93197e-08 -2.61532e-07 1.43227e-07 -2.2528e-07 1.82547e-07
0.469208 3.71236e-08 4.05763e-08 -2.70153e-07 1.4305e-07 -2.3303e-07 1.83626e-07
0.469446 3.80098e-08 4.18693e-08 -2.79062e-07 1.42713e-07 -2.41052e-07 1.84582e-07
0.469685 3.89107e-08 4.31993e-08 -2.88266e-07 1.42205e-07 -2.49356e-07 1.85405e-07
0.469923 3.98259e-08 4.45669e-08 -2.97777e-07 1.41517e-07 -2.57951e-07 1.86084e-07
0.470161 4.07551e-08 4.59727e-08 -3.07602e-07 1.40637e-07 -2.66847e-07 1.8661e-07
0.4704 4.16979e-08 4.74173e-08 -3.17752e-07 1.39554e-07 -2.76054e-07 1.86971e-07
0.470638 4.2654e-08 4.89012e-08 -3.28236e-07 1.38254e-07 -2.85582e-07 1.87156e-07
0.470877 4.36228e-08 5.04248e-08 -3.39065e-07 1.36727e-07 -2.95442e-07 1.87152e-07
0.471115 4.46039e-08 5.19886e-08 -3.50249e-07 1.34959e-07 -3.05645e-07 1.86948e-07
0.471354 4.55966e-08 5.35929e-08 -3.61798e-07 1.32936e-07 -3.16201e-07 1.86529e-07
0.471592 4.66002e-08 5.52381e-08 -3.73722e-07 1.30644e-07 -3.27122e-07 1.85883e-07
0.47183 4.76141e-08 5.69244e-08 -3.86033e-07 1.28069e-07 -3.38419e-07 1.84994e-07
0.472069 4.86374e-08 5.86519e-08 -3.98742e-07 1.25196e-07 -3.50105e-07 1.83848e-07
0.472307 4.96693e-08 6.04206e-08 -4.1186e-07 1.22008e-07 -3.6219e-07 1.82429e-07
0.472546 5.07087e-08 6.22307e-08 -4.25397e-07 1.1849e-07 -3.74689e-07 1.80721e-07
0.472784 5.17546e-08 6.40818e-08 -4.39366e-07 1.14626e-07 -3.87612e-07 1.78707e-07
0.473022 5.28058e-08 6.59738e-08 -4.53778e-07 1.10397e-07 -4.00973e-07 1.7637e-07
0.473261 5.38611e-08 6.79063e-08 -4.68645e-07 1.05786e-07 -4.14784e-07 1.73692e-07
0.473499 5.49193e-08 6.98787e-08 -4.83979e-07 1.00775e-07 -4.2906e-07 1.70654e-07
0.473738 5.59787e-08 7.18904e-08 -4.99791e-07 9.5345e-08 -4.43813e-07 1.67235e-07
0.473976 5.70378e-08 7.39406e-08 -5.16094e-07 8.9477e-08 -4.59056e-07 1.63418e-07
0.474215 5.8095e-08 7.60281e-08 -5.32899e-07 8.31511e-08 -4.74804e-07 1.59179e-07
0.474453 5.91485e-08 7.81519e-08 -5.50218e-07 7.63471e-08 -4.9107e-07 1.54499e-07
0.474691 6.01964e-08 8.03105e-08 -5.68064e-07 6.90443e-08 -5.07868e-07 1.49355e-07
0.47493 6.12366e-08 8.25023e-08 -5.86448e-07 6.12216e-08 -5.25211e-07 1.43724e-07
0.475168 6.22669e-08 8.47254e-08 -6.05382e-07 5.28575e-08 -5.43115e-07 1.37583e-07
0.475407 6.32851e-08 8.69777e-08 -6.24878e-07 4.39302e-08 -5.61593e-07 1.30908e-07
0.475645 6.42887e-08 8.92567e-08 -6.44948e-07 3.44174e-08 -5.80659e-07 1.23674e-07
0.475883 6.52751e-08 9.15598e-08 -6.65602e-07 2.42967e-08 -6.00327e-07 1.15857e-07
0.476122 6.62416e-08 9.38839e-08 -6.86852e-07 1.35453e-08 -6.20611e-07 1.07429e-07
0.47636 6.71853e-08 9.62258e-08 -7.08709e-07 2.14035e-09 -6.41524e-07 9.83662e-08
0.476599 6.81032e-08 9.85817e-08 -7.31184e-07 -9.94138e-09 -6.63081e-07 8.86403e-08
0.476837 6.89922e-08 1.00947e-07 -7.54286e-07 -2.2723e-08 -6.85293e-07 7.82245e-08
0.477076 6.98488e-08 1.03319e-07 -7.78025e-07 -3.62277e-08 -7.08176e-07 6.7091e-08
0.477314 7.06697e-08 1.05691e-07 -8.0241e-07 -5.04787e-08 -7.3174e-07 5.52118e-08
0.477552 7.14511e-08 1.08057e-07 -8.2745e-07 -6.54989e-08 -7.55999e-07 4.25585e-08
0.477791 7.21894e-08 1.10414e-07 -8.53153e-07 -8.13113e-08 -7.80963e-07 2.91025e-08
0.478029 7.28805e-08 1.12753e-07 -8.79526e-07 -9.79382e-08 -8.06645e-07 1.48149e-08
0.478268 7.35204e-08 1.15069e-07 -9.06575e-07 -1.15402e-07 -8.33054e-07 -3.33314e-10
0.478506 7.41049e-08 1.17353e-07 -9.34305e-07 -1.33724e-07 -8.602e-07 -1.6371e-08
0.478745 7.46297e-08 1.19598e-07 -9.62722e-07 -1.52925e-07 -8.88093e-07 -3.33273e-08
0.478983 7.50902e-08 1.21795e-07 -9.91829e-07 -1.73026e-07 -9.16739e-07 -5.1231e-08
0.479221 7.54818e-08 1.23935e-07 -1.02163e-06 -1.94046e-07 -9.46146e-07 -7.01107e-08
0.47946 7.57998e-08 1.26008e-07 -1.05212e-06 -2.16003e-07 -9.7632e-07 -8.99946e-08
0.479698 7.60393e-08 1.28004e-07 -1.0833e-06 -2.38915e-07 -1.00726e-06 -1.10911e-07
0.479937 7.61956e-08 1.29911e-07 -1.11518e-06 -2.62798e-07 -1.03898e-06 -1.32886e-07
0.480175 7.62635e-08 1.31718e-07 -1.14774e-06 -2.87666e-07 -1.07148e-06 -1.55948e-07
0.480413 7.6238e-08 1.33411e-07 -1.18098e-06 -3.13532e-07 -1.10475e-06 -1.80121e-07
0.480652 7.61141e-08 1.34978e-07 -1.2149e-06 -3.40409e-07 -1.13879e-06 -2.05431e-07
0.48089 7.58865e-08 1.36403e-07 -1.24949e-06 -3.68304e-07 -1.1736e-06 -2.31901e-07
0.481129 7.55503e-08 1.37672e-07 -1.28473e-06 -3.97227e-07 -1.20917e-06 -2.59554e-07
0.481367 7.51002e-08 1.3877e-07 -1.3206e-06 -4.27181e-07 -1.2455e-06 -2.88411e-07
0.481606 7.45313e-08 1.39678e-07 -1.35711e-06 -4.58169e-07 -1.28258e-06 -3.18491e-07
0.481844 7.38386e-08 1.4038e-07 -1.39422e-06 -4.90193e-07 -1.32038e-06 -3.49813e-07
0.482082 7.30172e-08 1.40858e-07 -1.43192e-06 -5.23249e-07 -1.3589e-06 -3.82391e-07
0.482321 7.20626e-08 1.41092e-07 -1.47018e-06 -5.57331e-07 -1.39812e-06 -4.16239e-07
0.482559 7.09701e-08 1.41063e-07 -1.50898e-06 -5.92432e-07 -1.43801e-06 -4.5137e-07
0.482798 6.97355e-08 1.40748e-07 -1.54828e-06 -6.2854e-07 -1.47854e-06 -4.87791e-07
0.483036 6.83548e-08 1.40128e-07 -1.58805e-06 -6.65638e-07 -1.5197e-06 -5.25511e-07
0.483274 6.68243e-08 1.39179e-07 -1.62826e-06 -7.0371e-07 -1.56144e-06 -5.64531e-07
0.483513 6.51406e-08 1.37878e-07 -1.66887e-06 -7.42732e-07 -1.60373e-06 -6.04853e-07
0.483751 6.33009e-08 1.36202e-07 -1.70983e-06 -7.82678e-07 -1.64653e-06 -6.46476e-07
0.48399 6.13027e-08 1.34127e-07 -1.7511e-06 -8.23518e-07 -1.68979e-06 -6.89392e-07
0.484228 5.9144e-08 1.31626e-07 -1.79262e-06 -8.65219e-07 -1.73347e-06 -7.33593e-07
0.484467 5.68235e-08 1.28674e-07 -1.83433e-06 -9.07741e-07 -1.77751e-06 -7.79066e-07
0.484705 5.43404e-08 1.25247e-07 -1.87619e-06 -9.51043e-07 -1.82185e-06 -8.25796e-07
0.484943 5.16946e-08 1.21316e-07 -1.91813e-06 -9.95078e-07 -1.86643e-06 -8.73762e-07
0.485182 4.88867e-08 1.16856e-07 -1.96007e-06 -1.0398e-06 -1.91118e-06 -9.22941e-07
0.48542 4.59184e-08 1.11839e-07 -2.00195e-06 -1.08514e-06 -1.95603e-06 -9.73304e-07
0.485659 4.27919e-08 1.06239e-07 -2.04369e-06 -1.13106e-06 -2.0009e-06 -1.02482e-06
0.485897 3.95104e-08 1.00029e-07 -2.08521e-06 -1.17748e-06 -2.0457e-06 -1.07745e-06
0.486135 3.60781e-08 9.31827e-08 -2.12642e-06 -1.22434e-06 -2.09034e-06 -1.13116e-06
0.486374 3.25003e-08 8.56735e-08 -2.16723e-06 -1.27158e-06 -2.13473e-06 -1.1859e-06
0.486612 2.87834e-08 7.74759e-08 -2.20756e-06 -1.31911e-06 -2.17878e-06 -1.24163e-06
0.486851 2.49347e-08 6.85651e-08 -2.24729e-06 -1.36686e-06 -2.22236e-06 -1.29829e-06
0.487089 2.09628e-08 5.89171e-08 -2.28633e-06 -1.41475e-06 -2.26537e-06 -1.35583e-06
0.487328 1.68775e-08 4.8509e-08 -2.32457e-06 -1.4627e-06 -2.3077e-06 -1.41419e-06
0.487566 1.269e-08 3.73195e-08 -2.3619e-06 -1.51062e-06 -2.34921e-06 -1.4733e-06
0.487804 8.41245e-09 2.53284e-08 -2.39821e-06 -1.55843e-06 -2.38979e-06 -1.53311e-06
0.488043 4.05849e-09 1.25177e-08 -2.43336e-06 -1.60605e-06 -2.4293e-06 -1.59353e-06
0.488281 -3.57008e-10 -1.12874e-09 -2.46725e-06 -1.65338e-06 -2.46761e-06 -1.6545e-06
0.48852 -4.81787e-09 -1.56248e-08 -2.49974e-06 -1.70033e-06 -2.50456e-06 -1.71595e-06
0.488758 -9.30664e-09 -3.09818e-08 -2.53072e-06 -1.74682e-06 -2.54002e-06 -1.7778e-06
0.488997 -1.38046e-08 -4.72084e-08 -2.56003e-06 -1.79276e-06 -2.57384e-06 -1.83997e-06
0.489235 -1.82919e-08 -6.43099e-08 -2.58756e-06 -1.83807e-06 -2.60586e-06 -1.90238e-06
0.489473 -2.27473e-08 -8.22886e-08 -2.61317e-06 -1.88267e-06 -2.63592e-06 -1.96496e-06
0.489712 -2.71487e-08 -1.01143e-07 -2.63672e-06 -1.92647e-06 -2.66387e-06 -2.02762e-06
0.48995 -3.14728e-08 -1.20868e-07 -2.65807e-06 -1.96941e-06 -2.68955e-06 -2.09028e-06
0.490189 -3.56954e-08 -1.41455e-07 -2.67709e-06 -2.0114e-06 -2.71279e-06 -2.15286e-06
0.490427 -3.97913e-08 -1.6289e-07 -2.69364e-06 -2.05239e-06 -2.73343e-06 -2.21529e-06
0.490665 -4.37349e-08 -1.85156e-07 -2.70758e-06 -2.09232e-06 -2.75131e-06 -2.27748e-06
0.490904 -4.74998e-08 -2.08229e-07 -2.71878e-06 -2.13114e-06 -2.76628e-06 -2.33937e-06
0.491142 -5.1059e-08 -2.32082e-07 -2.7271e-06 -2.1688e-06 -2.77816e-06 -2.40088e-06
0.491381 -5.43855e-08 -2.56683e-07 -2.73241e-06 -2.20526e-06 -2.7868e-06 -2.46194e-06
0.491619 -5.74522e-08 -2.81994e-07 -2.7346e-06 -2.2405e-06 -2.79205e-06 -2.5225e-06
0.491858 -6.02318e-08 -3.07973e-07 -2.73352e-06 -2.2745e-06 -2.79376e-06 -2.58248e-06
0.492096 -6.26975e-08 -3.34572e-07 -2.72908e-06 -2.30725e-06 -2.79178e-06 -2.64183e-06
0.492334 -6.48231e-08 -3.61737e-07 -2.72116e-06 -2.33876e-06 -2.78598e-06 -2.7005e-06
0.492573 -6.65829e-08 -3.89409e-07 -2.70964e-06 -2.36904e-06 -2.77623e-06 -2.75844e-06
0.492811 -6.79524e-08 -4.17525e-07 -2.69445e-06 -2.3981e-06 -2.7624e-06 -2.81562e-06
0.49305 -6.89081e-08 -4.46016e-07 -2.67548e-06 -2.42599e-06 -2.74439e-06 -2.872e-06
0.493288 -6.94281e-08 -4.74808e-07 -2.65265e-06 -2.45274e-06 -2.72208e-06 -2.92755e-06
0.493526 -6.9492e-08 -5.03822e-07 -2.62591e-06 -2.47842e-06 -2.6954e-06 -2.98225e-06
0.493765 -6.90816e-08 -5.32975e-07 -2.59517e-06 -2.5031e-06 -2.66426e-06 -3.03607e-06
0.494003 -6.81806e-08 -5.6218e-07 -2.56041e-06 -2.52684e-06 -2.62859e-06 -3.08902e-06
0.494242 -6.67753e-08 -5.91344e-07 -2.52158e-06 -2.54973e-06 -2.58835e-06 -3.14107e-06
0.49448 -6.48544e-08 -6.20375e-07 -2.47865e-06 -2.57187e-06 -2.5435e-06 -3.19224e-06
0.494719 -6.24096e-08 -6.49172e-07 -2.43161e-06 -2.59335e-06 -2.49402e-06 -3.24252e-06
0.494957 -5.94356e-08 -6.77636e-07 -2.38047e-06 -2.6143e-06 -2.43991e-06 -3.29193e-06
0.495195 -5.59301e-08 -7.05665e-07 -2.32525e-06 -2.63482e-06 -2.38118e-06 -3.34048e-06
0.495434 -5.18944e-08 -7.33155e-07 -2.26596e-06 -2.65503e-06 -2.31785e-06 -3.38819e-06
0.495672 -4.7333e-08 -7.6e-07 -2.20266e-06 -2.67506e-06 -2.24999e-06 -3.43506e-06
0.495911 -4.22541e-08 -7.86095e-07 -2.1354e-06 -2.69504e-06 -2.17765e-06 -3.48114e-06
0.496149 -3.66696e-08 -8.11337e-07 -2.06426e-06 -2.71509e-06 -2.10093e-06 -3.52642e-06
0.496387 -3.05947e-08 -8.35621e-07 -1.98933e-06 -2.73533e-06 -2.01992e-06 -3.57095e-06
0.496626 -2.40487e-08 -8.58846e-07 -1.91071e-06 -2.75589e-06 -1.93476e-06 -3.61474e-06
0.496864 -1.70543e-08 -8.80913e-07 -1.82852e-06 -2.7769e-06 -1.84557e-06 -3.65781e-06
0.497103 -9.63762e-09 -9.01726e-07 -1.74289e-06 -2.79846e-06 -1.75253e-06 -3.70018e-06
0.497341 -1.82851e-09 -9.21193e-07 -1.65398e-06 -2.82067e-06 -1.65581e-06 -3.74187e-06
0.49758 6.34004e-09 -9.39226e-07 -1.56193e-06 -2.84365e-06 -1.55559e-06 -3.78288e-06
0.497818 1.48318e-08 -9.55745e-07 -1.46694e-06 -2.86747e-06 -1.45211e-06 -3.82322e-06
0.498056 2.36078e-08 -9.70672e-07 -1.36918e-06 -2.89221e-06 -1.34557e-06 -3.86289e-06
0.498295 3.26261e-08 -9.83939e-07 -1.26885e-06 -2.91794e-06 -1.23622e-06 -3.90188e-06
0.498533 4.18427e-08 -9.95483e-07 -1.16617e-06 -2.9447e-06 -1.12432e-06 -3.94019e-06
0.498772 5.12111e-08 -1.00525e-06 -1.06134e-06 -2.97253e-06 -1.01013e-06 -3.97778e-06
0.49901 6.06834e-08 -1.01319e-06 -9.54612e-07 -3.00144e-06 -8.93929e-07 -4.01463e-06
0.499249 7.021e-08 -1.01927e-06 -8.46211e-07 -3.03144e-06 -7.76001e-07 -4.05071e-06
0.499487 7.97403e-08 -1.02345e-06 -7.36384e-07 -3.0625e-06 -6.56644e-07 -4.08596e-06
0.499725 8.92233e-08 -1.02573e-06 -6.25382e-07 -3.0946e-06 -5.36159e-07 -4.12033e-06
0.499964 9.86072e-08 -1.02608e-06 -5.13459e-07 -3.12767e-06 -4.14851e-07 -4.15375e-06
0.500202 1.07841e-07 -1.0245e-06 -4.00874e-07 -3.16165e-06 -2.93033e-07 -4.18615e-06
0.500441 1.16873e-07 -1.021e-06 -2.87887e-07 -3.19645e-06 -1.71014e-07 -4.21745e-06
0.500679 1.25655e-07 -1.0156e-06 -1.74761e-07 -3.23196e-06 -4.91067e-08 -4.24756e-06
0.500917 1.34136e-07 -1.00833e-06 -6.17574e-08 -3.26806e-06 7.23786e-08 -4.27639e-06
0.501156 1.42271e-07 -9.99212e-07 5.08646e-08 -3.30462e-06 1.93135e-07 -4.30383e-06
0.501394 1.50014e-07 -9.88297e-07 1.62848e-07 -3.34147e-06 3.12861e-07 -4.32977e-06
0.501633 1.57323e-07 -9.75636e-07 2.73938e-07 -3.37845e-06 4.31261e-07 -4.35409e-06
0.501871 1.64158e-07 -9.61288e-07 3.83889e-07 -3.4154e-06 5.48047e-07 -4.37668e-06
0.50211 1.70482e-07 -9.45319e-07 4.92459e-07 -3.45211e-06 6.62941e-07 -4.39743e-06
0.502348 1.76262e-07 -9.27805e-07 5.99413e-07 -3.48839e-06 7.75675e-07 -4.41619e-06
0.502586 1.81468e-07 -9.08825e-07 7.04526e-07 -3.52404e-06 8.85994e-07 -4.43286e-06
0.502825 1.86074e-07 -8.88465e-07 8.07582e-07 -3.55885e-06 9.93655e-07 -4.44731e-06
0.503063 1.90056e-07 -8.66817e-07 9.08374e-07 -3.5926e-06 1.09843e-06 -4.45942e-06
0.503302 1.93396e-07 -8.43975e-07 1.00671e-06 -3.62509e-06 1.2001e-06 -4.46907e-06
0.50354 1.9608e-07 -8.20039e-07 1.1024e-06 -3.65611e-06 1.29848e-06 -4.47614e-06
0.503778 1.98097e-07 -7.9511e-07 1.19528e-06 -3.68543e-06 1.39338e-06 -4.48054e-06
0.504017 1.99441e-07 -7.69293e-07 1.28519e-06 -3.71287e-06 1.48463e-06 -4.48216e-06
0.504255 2.0011e-07 -7.42695e-07 1.37199e-06 -3.73821e-06 1.5721e-06 -4.48091e-06
0.504494 2.00104e-07 -7.1542e-07 1.45554e-06 -3.76128e-06 1.65565e-06 -4.4767e-06
0.504732 1.9943e-07 -6.87576e-07 1.53573e-06 -3.78188e-06 1.73516e-06 -4.46945e-06
0.504971 1.98097e-07 -6.59269e-07 1.61246e-06 -3.79985e-06 1.81056e-06 -4.45912e-06
0.505209 1.96117e-07 -6.30604e-07 1.68564e-06 -3.81503e-06 1.88175e-06 -4.44563e-06
0.505447 1.93506e-07 -6.01684e-07 1.75518e-06 -3.82727e-06 1.94869e-06 -4.42896e-06
0.505686 1.90284e-07 -5.7261e-07 1.82105e-06 -3.83646e-06 2.01133e-06 -4.40907e-06
0.505924 1.86472e-07 -5.4348e-07 1.88317e-06 -3.84246e-06 2.06965e-06 -4.38594e-06
0.506163 1.82097e-07 -5.14388e-07 1.94153e-06 -3.8452e-06 2.12363e-06 -4.35958e-06
0.506401 1.77184e-07 -4.85425e-07 1.99611e-06 -3.84457e-06 2.17329e-06 -4.33e-06
0.506639 1.71764e-07 -4.56677e-07 2.04689e-06 -3.84053e-06 2.21866e-06 -4.29721e-06
0.506878 1.65868e-07 -4.28227e-07 2.09389e-06 -3.83303e-06 2.25975e-06 -4.26126e-06
0.507116 1.59528e-07 -4.00151e-07 2.13711e-06 -3.82204e-06 2.29664e-06 -4.22219e-06
0.507355 1.52779e-07 -3.72522e-07 2.1766e-06 -3.80754e-06 2.32938e-06 -4.18006e-06
0.507593 1.45656e-07 -3.45406e-07 2.21238e-06 -3.78955e-06 2.35804e-06 -4.13495e-06
0.507832 1.38195e-07 -3.18866e-07 2.24451e-06 -3.76808e-06 2.38271e-06 -4.08695e-06
0.50807 1.30433e-07 -2.92957e-07 2.27305e-06 -3.74318e-06 2.40349e-06 -4.03613e-06
0.508308 1.22405e-07 -2.6773e-07 2.29807e-06 -3.71489e-06 2.42047e-06 -3.98262e-06
0.508547 1.14149e-07 -2.4323e-07 2.31963e-06 -3.68329e-06 2.43378e-06 -3.92652e-06
0.508785 1.057e-07 -2.19498e-07 2.33783e-06 -3.64847e-06 2.44353e-06 -3.86797e-06
0.509024 9.70954e-08 -1.96566e-07 2.35275e-06 -3.61051e-06 2.44985e-06 -3.80707e-06
0.509262 8.83696e-08 -1.74465e-07 2.3645e-06 -3.56952e-06 2.45286e-06 -3.74399e-06
0.509501 7.9557e-08 -1.53218e-07 2.37316e-06 -3.52563e-06 2.45271e-06 -3.67884e-06
0.509739 7.06907e-08 -1.32845e-07 2.37884e-06 -3.47895e-06 2.44954e-06 -3.6118e-06
0.509977 6.1803e-08 -1.13361e-07 2.38167e-06 -3.42963e-06 2.44347e-06 -3.543e-06
0.510216 5.29246e-08 -9.47734e-08 2.38174e-06 -3.37782e-06 2.43466e-06 -3.47259e-06
0.510454 4.40848e-08 -7.70898e-08 2.37917e-06 -3.32366e-06 2.42325e-06 -3.40075e-06
0.510693 3.53113e-08 -6.03111e-08 2.37408e-06 -3.2673e-06 2.40939e-06 -3.32761e-06
0.510931 2.66305e-08 -4.44352e-08 2.36659e-06 -3.20892e-06 2.39322e-06 -3.25335e-06
0.511169 1.80669e-08 -2.94562e-08 2.35682e-06 -3.14866e-06 2.37488e-06 -3.17812e-06
0.511408 9.64314e-09 -1.53652e-08 2.34488e-06 -3.08671e-06 2.35453e-06 -3.10207e-06
0.511646 1.38048e-09 -2.15003e-09 2.3309e-06 -3.02322e-06 2.33228e-06 -3.02537e-06
0.511885 -6.7018e-09 1.02039e-08 2.315e-06 -2.95836e-06 2.3083e-06 -2.94815e-06
0.512123 -1.45861e-08 2.17139e-08 2.29729e-06 -2.8923e-06 2.2827e-06 -2.87058e-06
0.512362 -2.22566e-08 3.23992e-08 2.27788e-06 -2.8252e-06 2.25563e-06 -2.7928e-06
0.5126 -2.96993e-08 4.22812e-08 2.25691e-06 -2.75722e-06 2.22721e-06 -2.71494e-06
0.512838 -3.69016e-08 5.13829e-08 2.23446e-06 -2.68852e-06 2.19756e-06 -2.63714e-06
0.513077 -4.38528e-08 5.97287e-08 2.21067e-06 -2.61927e-06 2.16682e-06 -2.55954e-06
0.513315 -5.05438e-08 6.73442e-08 2.18563e-06 -2.5496e-06 2.13508e-06 -2.48226e-06
0.513554 -5.69668e-08 7.4256e-08 2.15945e-06 -2.47967e-06 2.10248e-06 -2.40541e-06
0.513792 -6.31159e-08 8.04917e-08 2.13223e-06 -2.40961e-06 2.06911e-06 -2.32912e-06
0.51403 -6.89862e-08 8.60792e-08 2.10406e-06 -2.33957e-06 2.03508e-06 -2.25349e-06
0.514269 -7.45743e-08 9.10469e-08 2.07505e-06 -2.26967e-06 2.00048e-06 -2.17862e-06
0.514507 -7.98781e-08 9.54235e-08 2.04529e-06 -2.20003e-06 1.96541e-06 -2.10461e-06
0.514746 -8.48968e-08 9.92379e-08 2.01486e-06 -2.13077e-06 1.92996e-06 -2.03154e-06
0.514984 -8.96304e-08 1.02519e-07 1.98385e-06 -2.06201e-06 1.89422e-06 -1.95949e-06
0.515223 -9.40801e-08 1.05294e-07 1.95233e-06 -1.99384e-06 1.85825e-06 -1.88854e-06
0.515461 -9.82482e-08 1.07593e-07 1.92039e-06 -1.92636e-06 1.82214e-06 -1.81877e-06
0.515699 -1.02138e-07 1.09443e-07 1.8881e-06 -1.85966e-06 1.78596e-06 -1.75022e-06
0.515938 -1.05752e-07 1.10871e-07 1.85553e-06 -1.79383e-06 1.74978e-06 -1.68296e-06
0.516176 -1.09097e-07 1.11904e-07 1.82274e-06 -1.72894e-06 1.71364e-06 -1.61703e-06
0.516415 -1.12176e-07 1.12568e-07 1.7898e-06 -1.66506e-06 1.67762e-06 -1.55249e-06
0.516653 -1.14997e-07 1.12888e-07 1.75676e-06 -1.60225e-06 1.64176e-06 -1.48937e-06
0.516891 -1.17564e-07 1.1289e-07 1.72368e-06 -1.54058e-06 1.60612e-06 -1.42769e-06
0.51713 -1.19886e-07 1.12596e-07 1.69062e-06 -1.48009e-06 1.57073e-06 -1.3675e-06
0.517368 -1.21968e-07 1.12029e-07 1.65761e-06 -1.42084e-06 1.53565e-06 -1.30881e-06
0.517607 -1.23819e-07 1.11212e-07 1.62472e-06 -1.36284e-06 1.5009e-06 -1.25163e-06
0.517845 -1.25446e-07 1.10167e-07 1.59197e-06 -1.30616e-06 1.46652e-06 -1.19599e-06
0.518084 -1.26857e-07 1.08912e-07 1.55941e-06 -1.2508e-06 1.43255e-06 -1.14189e-06
0.518322 -1.28061e-07 1.07467e-07 1.52707e-06 -1.19679e-06 1.39901e-06 -1.08933e-06
0.51856 -1.29064e-07 1.05851e-07 1.49499e-06 -1.14416e-06 1.36592e-06 -1.03831e-06
0.518799 -1.29877e-07 1.04081e-07 1.46319e-06 -1.09292e-06 1.33332e-06 -9.8884e-07
0.519037 -1.30507e-07 1.02174e-07 1.43171e-06 -1.04308e-06 1.30121e-06 -9.40902e-07
0.519276 -1.30962e-07 1.00145e-07 1.40057e-06 -9.94635e-07 1.26961e-06 -8.9449e-07
0.519514 -1.31251e-07 9.80094e-08 1.3698e-06 -9.47601e-07 1.23855e-06 -8.49592e-07
0.519753 -1.31382e-07 9.57808e-08 1.33941e-06 -9.01971e-07 1.20803e-06 -8.06191e-07
0.519991 -1.31363e-07 9.34724e-08 1.30942e-06 -8.57742e-07 1.17806e-06 -7.6427e-07
0.520229 -1.31202e-07 9.10964e-08 1.27985e-06 -8.14907e-07 1.14865e-06 -7.2381e-07
0.520468 -1.30907e-07 8.86642e-08 1.25072e-06 -7.73454e-07 1.11981e-06 -6.84789e-07
0.520706 -1.30486e-07 8.61867e-08 1.22203e-06 -7.33371e-07 1.09155e-06 -6.47184e-07
0.520945 -1.29947e-07 8.36737e-08 1.19381e-06 -6.94643e-07 1.06386e-06 -6.10969e-07
0.521183 -1.29296e-07 8.11345e-08 1.16604e-06 -6.57253e-07 1.03675e-06 -5.76118e-07
0.521421 -1.28541e-07 7.85776e-08 1.13876e-06 -6.21181e-07 1.01022e-06 -5.42604e-07
0.52166 -1.27689e-07 7.6011e-08 1.11195e-06 -5.86407e-07 9.84265e-07 -5.10396e-07
0.521898 -1.26746e-07 7.34418e-08 1.08564e-06 -5.52909e-07 9.5889e-07 -4.79467e-07
0.522137 -1.2572e-07 7.08769e-08 1.05981e-06 -5.20663e-07 9.34089e-07 -4.49786e-07
0.522375 -1.24617e-07 6.83222e-08 1.03448e-06 -4.89643e-07 9.09859e-07 -4.21321e-07
0.522614 -1.23441e-07 6.57835e-08 1.00964e-06 -4.59825e-07 8.86196e-07 -3.94041e-07
0.522852 -1.22201e-07 6.32657e-08 9.85294e-07 -4.3118e-07 8.63093e-07 -3.67915e-07
0.52309 -1.209e-07 6.07733e-08 9.61445e-07 -4.03683e-07 8.40545e-07 -3.4291e-07
0.523329 -1.19545e-07 5.83107e-08 9.38091e-07 -3.77305e-07 8.18546e-07 -3.18994e-07
0.523567 -1.1814e-07 5.58813e-08 9.15229e-07 -3.52017e-07 7.97088e-07 -2.96135e-07
0.523806 -1.16691e-07 5.34886e-08 8.92855e-07 -3.2779e-07 7.76164e-07 -2.74302e-07
0.524044 -1.15202e-07 5.11354e-08 8.70968e-07 -3.04597e-07 7.55766e-07 -2.53461e-07
0.524282 -1.13678e-07 4.88243e-08 8.49562e-07 -2.82406e-07 7.35885e-07 -2.33582e-07
0.524521 -1.12122e-07 4.65575e-08 8.28634e-07 -2.6119e-07 7.16512e-07 -2.14632e-07
0.524759 -1.10539e-07 4.4337e-08 8.08178e-07 -2.40918e-07 6.97638e-07 -1.96581e-07
0.524998 -1.08933e-07 4.21644e-08 7.88188e-07 -2.21563e-07 6.79255e-07 -1.79398e-07
0.525236 -1.07308e-07 4.0041e-08 7.6866e-07 -2.03094e-07 6.61352e-07 -1.63053e-07
0.525475 -1.05666e-07 3.7968e-08 7.49587e-07 -1.85484e-07 6.43921e-07 -1.47516e-07
0.525713 -1.0401e-07 3.59463e-08 7.30961e-07 -1.68703e-07 6.26951e-07 -1.32757e-07
0.525951 -1.02345e-07 3.39765e-08 7.12778e-07 -1.52725e-07 6.10432e-07 -1.18748e-07
0.52619 -1.00673e-07 3.20591e-08 6.95028e-07 -1.3752e-07 5.94356e-07 -1.05461e-07
0.526428 -9.89956e-08 3.01945e-08 6.77706e-07 -1.23063e-07 5.78711e-07 -9.28684e-08
0.526667 -9.73164e-08 2.83828e-08 6.60804e-07 -1.09326e-07 5.63488e-07 -8.09432e-08
0.526905 -9.56374e-08 2.6624e-08 6.44314e-07 -9.62832e-08 5.48677e-07 -6.96593e-08
0.527143 -9.39608e-08 2.4918e-08 6.28229e-07 -8.3909e-08 5.34268e-07 -5.8991e-08
0.527382 -9.22886e-08 2.32644e-08 6.12541e-07 -7.21781e-08 5.20252e-07 -4.89137e-08
0.52762 -9.06227e-08 2.16631e-08 5.97241e-07 -6.10661e-08 5.06619e-07 -3.9403e-08
0.527859 -8.89647e-08 2.01134e-08 5.82323e-07 -5.05489e-08 4.93359e-07 -3.04355e-08
0.528097 -8.73165e-08 1.86148e-08 5.67779e-07 -4.06032e-08 4.80462e-07 -2.19884e-08
0.528336 -8.56793e-08 1.71667e-08 5.536e-07 -3.12062e-08 4.67921e-07 -1.40395e-08
0.528574 -8.40545e-08 1.57684e-08 5.39778e-07 -2.23358e-08 4.55724e-07 -6.56742e-09
0.528812 -8.24435e-08 1.44191e-08 5.26307e-07 -1.39705e-08 4.43863e-07 4.48604e-10
0.529051 -8.08474e-08 1.31179e-08 5.13177e-07 -6.08927e-09 4.3233e-07 7.02867e-09
0.529289 -7.92671e-08 1.18641e-08 5.00382e-07 1.32806e-09 4.21114e-07 1.31922e-08
0.529528 -7.77037e-08 1.06567e-08 4.87913e-07 8.30122e-09 4.10209e-07 1.89579e-08
0.529766 -7.6158e-08 9.49474e-09 4.75762e-07 1.48492e-08 3.99604e-07 2.4344e-08
0.530005 -7.46307e-08 8.37725e-09 4.63923e-07 2.09906e-08 3.89293e-07 2.93678e-08
0.530243 -7.31225e-08 7.30323e-09 4.52388e-07 2.67431e-08 3.79266e-07 3.40463e-08
0.530481 -7.16341e-08 6.27168e-09 4.4115e-07 3.2124e-08 3.69516e-07 3.83957e-08
0.53072 -7.0166e-08 5.28154e-09 4.302e-07 3.715e-08 3.60034e-07 4.24315e-08
0.530958 -6.87186e-08 4.33179e-09 4.19533e-07 4.18371e-08 3.50814e-07 4.61689e-08
0.531197 -6.72923e-08 3.42138e-09 4.0914e-07 4.62009e-08 3.41848e-07 4.96223e-08
0.531435 -6.58875e-08 2.54924e-09 3.99016e-07 5.02563e-08 3.33128e-07 5.28056e-08
0.531673 -6.45045e-08 1.71433e-09 3.89152e-07 5.40178e-08 3.24648e-07 5.57321e-08
0.531912 -6.31435e-08 9.15593e-10 3.79544e-07 5.74991e-08 3.164e-07 5.84147e-08
0.53215 -6.18047e-08 1.51992e-10 3.70183e-07 6.07138e-08 3.08378e-07 6.08658e-08
0.532389 -6.04882e-08 -5.77516e-10 3.61064e-07 6.36745e-08 3.00575e-07 6.3097e-08
0.532627 -5.91941e-08 -1.27396e-09 3.5218e-07 6.63937e-08 2.92986e-07 6.51197e-08
0.532866 -5.79225e-08 -1.93835e-09 3.43525e-07 6.88832e-08 2.85602e-07 6.69449e-08
0.533104 -5.66734e-08 -2.5717e-09 3.35093e-07 7.11545e-08 2.78419e-07 6.85828e-08
0.533342 -5.54468e-08 -3.175e-09 3.26878e-07 7.32185e-08 2.71431e-07 7.00435e-08
0.533581 -5.42427e-08 -3.74922e-09 3.18874e-07 7.50856e-08 2.64631e-07 7.13364e-08
0.533819 -5.30609e-08 -4.29532e-09 3.11076e-07 7.6766e-08 2.58015e-07 7.24707e-08
0.534058 -5.19013e-08 -4.81424e-09 3.03478e-07 7.82694e-08 2.51577e-07 7.34551e-08
0.534296 -5.07639e-08 -5.30691e-09 2.96075e-07 7.96049e-08 2.45311e-07 7.42979e-08
0.534534 -4.96485e-08 -5.77423e-09 2.88861e-07 8.07814e-08 2.39213e-07 7.50072e-08
0.534773 -4.85549e-08 -6.21708e-09 2.81832e-07 8.18074e-08 2.33277e-07 7.55903e-08
0.535011 -4.7483e-08 -6.63633e-09 2.74982e-07 8.26911e-08 2.27499e-07 7.60548e-08
0.53525 -4.64325e-08 -7.03283e-09 2.68306e-07 8.34402e-08 2.21873e-07 7.64074e-08
0.535488 -4.54032e-08 -7.4074e-09 2.618e-07 8.40622e-08 2.16396e-07 7.66548e-08
0.535727 -4.43949e-08 -7.76084e-09 2.55459e-07 8.45641e-08 2.11064e-07 7.68032e-08
0.535965 -4.34073e-08 -8.09394e-09 2.49278e-07 8.49527e-08 2.05871e-07 7.68588e-08
0.536203 -4.24402e-08 -8.40746e-09 2.43253e-07 8.52346e-08 2.00813e-07 7.68271e-08
0.536442 -4.14933e-08 -8.70215e-09 2.37381e-07 8.54159e-08 1.95887e-07 7.67138e-08
0.53668 -4.05664e-08 -8.97872e-09 2.31655e-07 8.55025e-08 1.91089e-07 7.65238e-08
0.536919 -3.96591e-08 -9.23788e-09 2.26074e-07 8.55001e-08 1.86415e-07 7.62623e-08
0.537157 -3.87712e-08 -9.4803e-09 2.20632e-07 8.54141e-08 1.81861e-07 7.59338e-08
0.537395 -3.79023e-08 -9.70665e-09 2.15325e-07 8.52495e-08 1.77423e-07 7.55429e-08
0.537634 -3.70523e-08 -9.91758e-09 2.10151e-07 8.50113e-08 1.73099e-07 7.50937e-08
0.537872 -3.62207e-08 -1.01137e-08 2.05105e-07 8.47041e-08 1.68885e-07 7.45904e-08
0.538111 -3.54072e-08 -1.02956e-08 2.00184e-07 8.43324e-08 1.64777e-07 7.40368e-08
0.538349 -3.46117e-08 -1.04639e-08 1.95384e-07 8.39004e-08 1.60773e-07 7.34365e-08
0.538588 -3.38337e-08 -1.06191e-08 1.90703e-07 8.34121e-08 1.56869e-07 7.2793e-08
0.538826 -3.30729e-08 -1.07618e-08 1.86136e-07 8.28713e-08 1.53063e-07 7.21095e-08
0.539064 -3.2329e-08 -1.08925e-08 1.8168e-07 8.22816e-08 1.49351e-07 7.13891e-08
0.539303 -3.16018e-08 -1.10117e-08 1.77334e-07 8.16466e-08 1.45732e-07 7.06349e-08
0.539541 -3.08908e-08 -1.112e-08 1.73092e-07 8.09695e-08 1.42201e-07 6.98495e-08
0.53978 -3.01959e-08 -1.12177e-08 1.68954e-07 8.02534e-08 1.38758e-07 6.90357e-08
0.540018 -2.95166e-08 -1.13054e-08 1.64915e-07 7.95013e-08 1.35398e-07 6.81959e-08
0.540257 -2.88528e-08 -1.13835e-08 1.60974e-07 7.8716e-08 1.32121e-07 6.73325e-08
0.540495 -2.8204e-08 -1.14524e-08 1.57126e-07 7.79002e-08 1.28923e-07 6.64477e-08
0.540733 -2.75699e-08 -1.15126e-08 1.53371e-07 7.70563e-08 1.25801e-07 6.55437e-08
0.540972 -2.69504e-08 -1.15644e-08 1.49706e-07 7.61869e-08 1.22755e-07 6.46225e-08
0.54121 -2.6345e-08 -1.16082e-08 1.46127e-07 7.52941e-08 1.19782e-07 6.36859e-08
0.541449 -2.57534e-08 -1.16444e-08 1.42632e-07 7.43801e-08 1.16879e-07 6.27358e-08
0.541687 -2.51755e-08 -1.16733e-08 1.3922e-07 7.34471e-08 1.14045e-07 6.17737e-08
0.541925 -2.46109e-08 -1.16954e-08 1.35889e-07 7.24967e-08 1.11278e-07 6.08014e-08
0.542164 -2.40593e-08 -1.17108e-08 1.32635e-07 7.1531e-08 1.08575e-07 5.98202e-08
0.542402 -2.35204e-08 -1.172e-08 1.29456e-07 7.05517e-08 1.05936e-07 5.88317e-08
0.542641 -2.2994e-08 -1.17232e-08 1.26352e-07 6.95603e-08 1.03358e-07 5.7837e-08
0.542879 -2.24798e-08 -1.17208e-08 1.2332e-07 6.85583e-08 1.0084e-07 5.68376e-08
0.543118 -2.19775e-08 -1.1713e-08 1.20357e-07 6.75474e-08 9.83795e-08 5.58344e-08
0.543356 -2.14868e-08 -1.17e-08 1.17462e-07 6.65287e-08 9.59755e-08 5.48287e-08
0.543594 -2.10076e-08 -1.16823e-08 1.14634e-07 6.55037e-08 9.36263e-08 5.38214e-08
0.543833 -2.05395e-08 -1.16599e-08 1.1187e-07 6.44735e-08 9.13305e-08 5.28136e-08
0.544071 -2.00823e-08 -1.16332e-08 1.09169e-07 6.34392e-08 8.90865e-08 5.1806e-08
0.54431 -1.96357e-08 -1.16023e-08 1.06529e-07 6.2402e-08 8.6893e-08 5.07997e-08
0.544548 -1.91996e-08 -1.15676e-08 1.03948e-07 6.13628e-08 8.47485e-08 4.97952e-08
0.544786 -1.87736e-08 -1.15291e-08 1.01425e-07 6.03226e-08 8.26519e-08 4.87935e-08
0.545025 -1.83575e-08 -1.14872e-08 9.89592e-08 5.92824e-08 8.06017e-08 4.77952e-08
0.545263 -1.79512e-08 -1.1442e-08 9.6548e-08 5.82428e-08 7.85968e-08 4.68008e-08
0.545502 -1.75543e-08 -1.13937e-08 9.41903e-08 5.72048e-08 7.6636e-08 4.58111e-08
0.54574 -1.71667e-08 -1.13425e-08 9.18847e-08 5.6169e-08 7.4718e-08 4.48265e-08
0.545979 -1.67881e-08 -1.12885e-08 8.96299e-08 5.51361e-08 7.28418e-08 4.38476e-08
0.546217 -1.64184e-08 -1.12319e-08 8.74247e-08 5.41068e-08 7.10063e-08 4.28749e-08
0.546455 -1.60573e-08 -1.11729e-08 8.52677e-08 5.30816e-08 6.92104e-08 4.19087e-08
0.546694 -1.57046e-08 -1.11117e-08 8.31577e-08 5.20612e-08 6.74531e-08 4.09495e-08
0.546932 -1.53602e-08 -1.10483e-08 8.10935e-08 5.1046e-08 6.57333e-08 3.99977e-08
0.547171 -1.50237e-08 -1.0983e-08 7.9074e-08 5.00365e-08 6.40502e-08 3.90535e-08
0.547409 -1.46952e-08 -1.09158e-08 7.7098e-08 4.90332e-08 6.24028e-08 3.81174e-08
0.547647 -1.43742e-08 -1.08469e-08 7.51644e-08 4.80364e-08 6.07902e-08 3.71895e-08
0.547886 -1.40608e-08 -1.07763e-08 7.32723e-08 4.70465e-08 5.92115e-08 3.62702e-08
0.548124 -1.37547e-08 -1.07043e-08 7.14204e-08 4.6064e-08 5.76658e-08 3.53597e-08
0.548363 -1.34556e-08 -1.06309e-08 6.9608e-08 4.50891e-08 5.61523e-08 3.44581e-08
0.548601 -1.31636e-08 -1.05563e-08 6.78339e-08 4.41221e-08 5.46703e-08 3.35658e-08
0.54884 -1.28783e-08 -1.04805e-08 6.60972e-08 4.31632e-08 5.32189e-08 3.26828e-08
0.549078 -1.25996e-08 -1.04036e-08 6.43971e-08 4.22128e-08 5.17975e-08 3.18092e-08
0.549316 -1.23274e-08 -1.03258e-08 6.27326e-08 4.12711e-08 5.04051e-08 3.09453e-08
0.549555 -1.20616e-08 -1.0247e-08 6.11028e-08 4.03382e-08 4.90413e-08 3.00911e-08
0.549793 -1.18018e-08 -1.01675e-08 5.9507e-08 3.94143e-08 4.77052e-08 2.92468e-08
0.550032 -1.15481e-08 -1.00873e-08 5.79443e-08 3.84997e-08 4.63962e-08 2.84124e-08
0.55027 -1.13003e-08 -1.00064e-08 5.64139e-08 3.75943e-08 4.51136e-08 2.75879e-08
0.550508 -1.10582e-08 -9.92494e-09 5.49151e-08 3.66985e-08 4.38569e-08 2.67735e-08
0.550747 -1.08216e-08 -9.84298e-09 5.3447e-08 3.58122e-08 4.26254e-08 2.59692e-08
0.550985 -1.05905e-08 -9.7606e-09 5.2009e-08 3.49356e-08 4.14185e-08 2.5175e-08
0.551224 -1.03648e-08 -9.67785e-09 5.06004e-08 3.40687e-08 4.02356e-08 2.43909e-08
0.551462 -1.01442e-08 -9.59479e-09 4.92204e-08 3.32117e-08 3.90762e-08 2.36169e-08
0.551701 -9.92872e-09 -9.51149e-09 4.78685e-08 3.23646e-08 3.79398e-08 2.28531e-08
0.551939 -9.71817e-09 -9.42798e-09 4.65439e-08 3.15274e-08 3.68258e-08 2.20994e-08
0.552177 -9.51244e-09 -9.34434e-09 4.52461e-08 3.07002e-08 3.57336e-08 2.13558e-08
0.552416 -9.31143e-09 -9.2606e-09 4.39743e-08 2.98829e-08 3.46629e-08 2.06223e-08
0.552654 -9.11501e-09 -9.17681e-09 4.27281e-08 2.90756e-08 3.36131e-08 1.98988e-08
0.552893 -8.92307e-09 -9.09302e-09 4.15068e-08 2.82784e-08 3.25838e-08 1.91854e-08
0.553131 -8.73551e-09 -9.00928e-09 4.03099e-08 2.74911e-08 3.15744e-08 1.84818e-08
0.55337 -8.55222e-09 -8.92561e-09 3.91369e-08 2.67138e-08 3.05846e-08 1.77882e-08
0.553608 -8.3731e-09 -8.84205e-09 3.79871e-08 2.59465e-08 2.9614e-08 1.71045e-08
0.553846 -8.19805e-09 -8.75865e-09 3.68601e-08 2.51892e-08 2.8662e-08 1.64305e-08
0.554085 -8.02696e-09 -8.67544e-09 3.57554e-08 2.44417e-08 2.77284e-08 1.57662e-08
0.554323 -7.85975e-09 -8.59245e-09 3.46724e-08 2.37041e-08 2.68127e-08 1.51116e-08
0.554562 -7.69632e-09 -8.5097e-09 3.36108e-08 2.29763e-08 2.59144e-08 1.44666e-08
0.5548 -7.53658e-09 -8.42724e-09 3.25699e-08 2.22583e-08 2.50334e-08 1.3831e-08
0.555038 -7.38044e-09 -8.34508e-09 3.15495e-08 2.15499e-08 2.41691e-08 1.32049e-08
0.555277 -7.22782e-09 -8.26324e-09 3.05491e-08 2.08513e-08 2.33212e-08 1.2588e-08
0.555515 -7.07862e-09 -8.18177e-09 2.95681e-08 2.01622e-08 2.24895e-08 1.19804e-08
0.555754 -6.93277e-09 -8.10067e-09 2.86063e-08 1.94826e-08 2.16735e-08 1.13819e-08
0.555992 -6.79019e-09 -8.01996e-09 2.76631e-08 1.88125e-08 2.08729e-08 1.07925e-08
0.556231 -6.6508e-09 -7.93968e-09 2.67383e-08 1.81517e-08 2.00875e-08 1.02121e-08
0.556469 -6.51452e-09 -7.85983e-09 2.58314e-08 1.75003e-08 1.93169e-08 9.64044e-09
0.556707 -6.38128e-09 -7.78043e-09 2.4942e-08 1.6858e-08 1.85607e-08 9.07758e-09
0.556946 -6.251e-09 -7.70151e-09 2.40698e-08 1.62249e-08 1.78188e-08 8.52337e-09
0.557184 -6.12362e-09 -7.62307e-09 2.32145e-08 1.56008e-08 1.70909e-08 7.97772e-09
0.557423 -5.99907e-09 -7.54513e-09 2.23756e-08 1.49856e-08 1.63766e-08 7.44052e-09
0.557661 -5.87727e-09 -7.46769e-09 2.15529e-08 1.43794e-08 1.56756e-08 6.91167e-09
0.557899 -5.75816e-09 -7.39079e-09 2.0746e-08 1.37819e-08 1.49879e-08 6.39107e-09
0.558138 -5.64169e-09 -7.31442e-09 1.99546e-08 1.3193e-08 1.43129e-08 5.8786e-09
0.558376 -5.52777e-09 -7.23859e-09 1.91784e-08 1.26128e-08 1.36507e-08 5.37418e-09
0.558615 -5.41637e-09 -7.16332e-09 1.84171e-08 1.2041e-08 1.30008e-08 4.87769e-09
0.558853 -5.30741e-09 -7.08862e-09 1.76704e-08 1.14776e-08 1.2363e-08 4.38903e-09
0.559092 -5.20084e-09 -7.01448e-09 1.6938e-08 1.09226e-08 1.17372e-08 3.90809e-09
0.55933 -5.09659e-09 -6.94093e-09 1.62196e-08 1.03757e-08 1.1123e-08 3.43476e-09
0.559568 -4.99463e-09 -6.86796e-09 1.5515e-08 9.83691e-09 1.05204e-08 2.96896e-09
0.559807 -4.89489e-09 -6.79558e-09 1.48239e-08 9.30614e-09 9.92901e-09 2.51055e-09
0.560045 -4.79731e-09 -6.7238e-09 1.4146e-08 8.78326e-09 9.34869e-09 2.05946e-09
0.560284 -4.70186e-09 -6.65262e-09 1.34811e-08 8.26818e-09 8.77923e-09 1.61556e-09
0.560522 -4.60848e-09 -6.58205e-09 1.28289e-08 7.76081e-09 8.22043e-09 1.17876e-09
0.56076 -4.51711e-09 -6.51209e-09 1.21892e-08 7.26104e-09 7.6721e-09 7.48953e-10
0.560999 -4.42772e-09 -6.44274e-09 1.15618e-08 6.76877e-09 7.13406e-09 3.26036e-10
0.561237 -4.34026e-09 -6.374e-09 1.09464e-08 6.28391e-09 6.60612e-09 -9.00905e-11
0.561476 -4.25468e-09 -6.30589e-09 1.03428e-08 5.80636e-09 6.08811e-09 -4.99529e-10
0.561714 -4.17094e-09 -6.23839e-09 9.75078e-09 5.33601e-09 5.57984e-09 -9.0238e-10
0.561953 -4.08899e-09 -6.17151e-09 9.17015e-09 4.87277e-09 5.08116e-09 -1.29874e-09
0.562191 -4.0088e-09 -6.10526e-09 8.6007e-09 4.41654e-09 4.5919e-09 -1.68872e-09
0.562429 -3.93032e-09 -6.03963e-09 8.04221e-09 3.96723e-09 4.1119e-09 -2.0724e-09
0.562668 -3.85351e-09 -5.97462e-09 7.4945e-09 3.52473e-09 3.64099e-09 -2.44989e-09
0.562906 -3.77834e-09 -5.91023e-09 6.95737e-09 3.08895e-09 3.17903e-09 -2.82128e-09
0.563145 -3.70476e-09 -5.84646e-09 6.43063e-09 2.6598e-09 2.72587e-09 -3.18666e-09
0.563383 -3.63275e-09 -5.78332e-09 5.9141e-09 2.23718e-09 2.28136e-09 -3.54614e-09
0.563622 -3.56225e-09 -5.72079e-09 5.4076e-09 1.82099e-09 1.84535e-09 -3.8998e-09
0.56386 -3.49325e-09 -5.65889e-09 4.91097e-09 1.41115e-09 1.41772e-09 -4.24774e-09
0.564098 -3.4257e-09 -5.5976e-09 4.42401e-09 1.00756e-09 9.98313e-10 -4.59004e-09
0.564337 -3.35957e-09 -5.53692e-09 3.94658e-09 6.1012e-10 5.8701e-10 -4.9268e-09
0.564575 -3.29483e-09 -5.47686e-09 3.47851e-09 2.18751e-10 1.83676e-10 -5.25811e-09
0.564814 -3.23145e-09 -5.41741e-09 3.01964e-09 -1.66642e-10 -2.11814e-10 -5.58406e-09
0.565052 -3.1694e-09 -5.35857e-09 2.56981e-09 -5.46147e-10 -5.99585e-10 -5.90472e-09
0.56529 -3.10863e-09 -5.30034e-09 2.12888e-09 -9.19853e-10 -9.79757e-10 -6.22019e-09
0.565529 -3.04914e-09 -5.24271e-09 1.69669e-09 -1.28785e-09 -1.35245e-09 -6.53055e-09
0.565767 -2.99088e-09 -5.18567e-09 1.2731e-09 -1.65022e-09 -1.71778e-09 -6.83589e-09
0.566006 -2.93384e-09 -5.12924e-09 8.5798e-10 -2.00705e-09 -2.07585e-09 -7.13629e-09
0.566244 -2.87797e-09 -5.0734e-09 4.51179e-10 -2.35842e-09 -2.42679e-09 -7.43182e-09
0.566483 -2.82326e-09 -5.01815e-09 5.2565e-11 -2.70443e-09 -2.77069e-09 -7.72258e-09
0.566721 -2.76968e-09 -4.96348e-09 -3.37992e-10 -3.04515e-09 -3.10767e-09 -8.00863e-09
0.566959 -2.7172e-09 -4.9094e-09 -7.20622e-10 -3.38065e-09 -3.43782e-09 -8.29006e-09
0.567198 -2.6658e-09 -4.8559e-09 -1.09545e-09 -3.71104e-09 -3.76125e-09 -8.56694e-09
0.567436 -2.61546e-09 -4.80297e-09 -1.4626e-09 -4.03637e-09 -4.07806e-09 -8.83935e-09
0.567675 -2.56615e-09 -4.75062e-09 -1.82219e-09 -4.35674e-09 -4.38833e-09 -9.10736e-09
0.567913 -2.51784e-09 -4.69883e-09 -2.17434e-09 -4.67222e-09 -4.69218e-09 -9.37105e-09
0.568151 -2.47052e-09 -4.64761e-09 -2.51916e-09 -4.98289e-09 -4.98969e-09 -9.63049e-09
0.56839 -2.42417e-09 -4.59694e-09 -2.85677e-09 -5.28881e-09 -5.28094e-09 -9.88575e-09
0.568628 -2.37875e-09 -4.54683e-09 -3.18728e-09 -5.59008e-09 -5.56604e-09 -1.01369e-08
0.568867 -2.33426e-09 -4.49727e-09 -3.51079e-09 -5.88675e-09 -5.84506e-09 -1.0384e-08
0.569105 -2.29067e-09 -4.44825e-09 -3.82742e-09 -6.1789e-09 -6.11809e-09 -1.06272e-08
0.569344 -2.24796e-09 -4.39978e-09 -4.13725e-09 -6.46661e-09 -6.38522e-09 -1.08664e-08
0.569582 -2.20611e-09 -4.35184e-09 -4.4404e-09 -6.74995e-09 -6.64652e-09 -1.11018e-08
0.56982 -2.16511e-09 -4.30443e-09 -4.73697e-09 -7.02898e-09 -6.90207e-09 -1.13334e-08
0.570059 -2.12492e-09 -4.25756e-09 -5.02704e-09 -7.30377e-09 -7.15196e-09 -1.15613e-08
0.570297 -2.08555e-09 -4.2112e-09 -5.31072e-09 -7.57439e-09 -7.39627e-09 -1.17856e-08
0.570536 -2.04696e-09 -4.16537e-09 -5.58809e-09 -7.84091e-09 -7.63505e-09 -1.20063e-08
0.570774 -2.00914e-09 -4.12004e-09 -5.85925e-09 -8.10339e-09 -7.8684e-09 -1.22234e-08
0.571012 -1.97208e-09 -4.07523e-09 -6.12429e-09 -8.3619e-09 -8.09637e-09 -1.24371e-08
0.571251 -1.93575e-09 -4.03092e-09 -6.38329e-09 -8.61649e-09 -8.31905e-09 -1.26474e-08
0.571489 -1.90015e-09 -3.98711e-09 -6.63635e-09 -8.86725e-09 -8.5365e-09 -1.28544e-08
0.571728 -1.86525e-09 -3.94379e-09 -6.88353e-09 -9.11421e-09 -8.74878e-09 -1.3058e-08
0.571966 -1.83105e-09 -3.90096e-09 -7.12493e-09 -9.35746e-09 -8.95597e-09 -1.32584e-08
0.572205 -1.79751e-09 -3.85862e-09 -7.36062e-09 -9.59703e-09 -9.15813e-09 -1.34557e-08
0.572443 -1.76464e-09 -3.81676e-09 -7.59068e-09 -9.83301e-09 -9.35533e-09 -1.36498e-08
0.572681 -1.73242e-09 -3.77538e-09 -7.8152e-09 -1.00654e-08 -9.54762e-09 -1.38408e-08
0.57292 -1.70083e-09 -3.73446e-09 -8.03424e-09 -1.02944e-08 -9.73506e-09 -1.40288e-08
0.573158 -1.66986e-09 -3.69401e-09 -8.24788e-09 -1.05199e-08 -9.91773e-09 -1.42139e-08
0.573397 -1.63949e-09 -3.65402e-09 -8.45619e-09 -1.0742e-08 -1.00957e-08 -1.4396e-08
0.573635 -1.60972e-09 -3.61449e-09 -8.65924e-09 -1.09608e-08 -1.0269e-08 -1.45753e-08
0.573874 -1.58053e-09 -3.57541e-09 -8.8571e-09 -1.11763e-08 -1.04376e-08 -1.47517e-08
0.574112 -1.5519e-09 -3.53678e-09 -9.04985e-09 -1.13886e-08 -1.06018e-08 -1.49254e-08
0.57435 -1.52383e-09 -3.49859e-09 -9.23754e-09 -1.15978e-08 -1.07614e-08 -1.50964e-08
0.574589 -1.49631e-09 -3.46084e-09 -9.42025e-09 -1.18038e-08 -1.09166e-08 -1.52646e-08
0.574827 -1.46932e-09 -3.42352e-09 -9.59803e-09 -1.20067e-08 -1.10674e-08 -1.54303e-08
0.575066 -1.44285e-09 -3.38663e-09 -9.77096e-09 -1.22067e-08 -1.12138e-08 -1.55933e-08
0.575304 -1.41689e-09 -3.35016e-09 -9.93909e-09 -1.24037e-08 -1.1356e-08 -1.57538e-08
0.575542 -1.39143e-09 -3.31411e-09 -1.01025e-08 -1.25977e-08 -1.14939e-08 -1.59118e-08
0.575781 -1.36645e-09 -3.27848e-09 -1.02612e-08 -1.27889e-08 -1.16277e-08 -1.60674e-08
0.576019 -1.34196e-09 -3.24326e-09 -1.04153e-08 -1.29773e-08 -1.17573e-08 -1.62205e-08
0.576258 -1.31794e-09 -3.20844e-09 -1.05648e-08 -1.31629e-08 -1.18828e-08 -1.63713e-08
0.576496 -1.29437e-09 -3.17402e-09 -1.07099e-08 -1.33457e-08 -1.20042e-08 -1.65197e-08
0.576735 -1.27126e-09 -3.14e-09 -1.08505e-08 -1.35259e-08 -1.21217e-08 -1.66659e-08
0.576973 -1.24858e-09 -3.10638e-09 -1.09866e-08 -1.37034e-08 -1.22352e-08 -1.68097e-08
0.577211 -1.22634e-09 -3.07314e-09 -1.11185e-08 -1.38783e-08 -1.23448e-08 -1.69514e-08
0.57745 -1.20451e-09 -3.04028e-09 -1.12461e-08 -1.40506e-08 -1.24506e-08 -1.70909e-08
0.577688 -1.1831e-09 -3.0078e-09 -1.13694e-08 -1.42204e-08 -1.25525e-08 -1.72282e-08
0.577927 -1.1621e-09 -2.9757e-09 -1.14885e-08 -1.43877e-08 -1.26506e-08 -1.73634e-08
0.578165 -1.14149e-09 -2.94397e-09 -1.16035e-08 -1.45526e-08 -1.2745e-08 -1.74966e-08
0.578403 -1.12127e-09 -2.9126e-09 -1.17145e-08 -1.47151e-08 -1.28357e-08 -1.76277e-08
0.578642 -1.10143e-09 -2.8816e-09 -1.18214e-08 -1.48752e-08 -1.29228e-08 -1.77568e-08
0.57888 -1.08196e-09 -2.85096e-09 -1.19242e-08 -1.5033e-08 -1.30062e-08 -1.78839e-08
0.579119 -1.06285e-09 -2.82066e-09 -1.20232e-08 -1.51885e-08 -1.3086e-08 -1.80091e-08
0.579357 -1.04411e-09 -2.79072e-09 -1.21182e-08 -1.53417e-08 -1.31624e-08 -1.81324e-08
0.579596 -1.02571e-09 -2.76112e-09 -1.22094e-08 -1.54927e-08 -1.32351e-08 -1.82538e-08
0.579834 -1.00766e-09 -2.73187e-09 -1.22968e-08 -1.56415e-08 -1.33045e-08 -1.83734e-08
0.580072 -9.89937e-10 -2.70295e-09 -1.23804e-08 -1.57882e-08 -1.33704e-08 -1.84912e-08
0.580311 -9.72548e-10 -2.67437e-09 -1.24603e-08 -1.59328e-08 -1.34329e-08 -1.86072e-08
0.580549 -9.5548e-10 -2.64612e-09 -1.25365e-08 -1.60753e-08 -1.3492e-08 -1.87214e-08
0.580788 -9.38729e-10 -2.61819e-09 -1.26091e-08 -1.62157e-08 -1.35479e-08 -1.88339e-08
0.581026 -9.22287e-10 -2.59058e-09 -1.26781e-08 -1.63541e-08 -1.36004e-08 -1.89447e-08
0.581264 -9.06148e-10 -2.5633e-09 -1.27435e-08 -1.64906e-08 -1.36497e-08 -1.90539e-08
0.581503 -8.90306e-10 -2.53632e-09 -1.28054e-08 -1.6625e-08 -1.36957e-08 -1.91614e-08
0.581741 -8.74756e-10 -2.50966e-09 -1.28638e-08 -1.67576e-08 -1.37386e-08 -1.92673e-08
0.58198 -8.59491e-10 -2.48331e-09 -1.29188e-08 -1.68883e-08 -1.37783e-08 -1.93716e-08
0.582218 -8.44505e-10 -2.45726e-09 -1.29703e-08 -1.70171e-08 -1.38148e-08 -1.94743e-08
0.582457 -8.29793e-10 -2.4315e-09 -1.30185e-08 -1.7144e-08 -1.38483e-08 -1.95755e-08
0.582695 -8.1535e-10 -2.40605e-09 -1.30634e-08 -1.72692e-08 -1.38787e-08 -1.96752e-08
0.582933 -8.0117e-10 -2.38089e-09 -1.3105e-08 -1.73926e-08 -1.39061e-08 -1.97735e-08
0.583172 -7.87248e-10 -2.35601e-09 -1.31433e-08 -1.75142e-08 -1.39305e-08 -1.98702e-08
0.58341 -7.73578e-10 -2.33143e-09 -1.31783e-08 -1.76341e-08 -1.39519e-08 -1.99655e-08
0.583649 -7.60157e-10 -2.30712e-09 -1.32102e-08 -1.77523e-08 -1.39704e-08 -2.00594e-08
0.583887 -7.46979e-10 -2.2831e-09 -1.32389e-08 -1.78689e-08 -1.39859e-08 -2.0152e-08
0.584126 -7.34039e-10 -2.25935e-09 -1.32645e-08 -1.79838e-08 -1.39986e-08 -2.02431e-08
0.584364 -7.21332e-10 -2.23587e-09 -1.3287e-08 -1.8097e-08 -1.40084e-08 -2.03329e-08
0.584602 -7.08854e-10 -2.21266e-09 -1.33065e-08 -1.82087e-08 -1.40153e-08 -2.04214e-08
0.584841 -6.96601e-10 -2.18972e-09 -1.33229e-08 -1.83188e-08 -1.40195e-08 -2.05085e-08
0.585079 -6.84567e-10 -2.16704e-09 -1.33363e-08 -1.84274e-08 -1.40209e-08 -2.05944e-08
0.585318 -6.7275e-10 -2.14462e-09 -1.33468e-08 -1.85344e-08 -1.40195e-08 -2.0679e-08
0.585556 -6.61144e-10 -2.12245e-09 -1.33543e-08 -1.864e-08 -1.40154e-08 -2.07624e-08
0.585794 -6.49745e-10 -2.10054e-09 -1.33589e-08 -1.8744e-08 -1.40086e-08 -2.08446e-08
0.586033 -6.3855e-10 -2.07888e-09 -1.33606e-08 -1.88466e-08 -1.39992e-08 -2.09255e-08
0.586271 -6.27554e-10 -2.05747e-09 -1.33595e-08 -1.89478e-08 -1.39871e-08 -2.10053e-08
0.58651 -6.16754e-10 -2.0363e-09 -1.33556e-08 -1.90476e-08 -1.39723e-08 -2.10839e-08
0.586748 -6.06146e-10 -2.01537e-09 -1.33489e-08 -1.91459e-08 -1.3955e-08 -2.11613e-08
0.586987 -5.95725e-10 -1.99468e-09 -1.33394e-08 -1.92429e-08 -1.39351e-08 -2.12376e-08
0.587225 -5.8549e-10 -1.97422e-09 -1.33272e-08 -1.93386e-08 -1.39126e-08 -2.13128e-08
0.587463 -5.75435e-10 -1.954e-09 -1.33122e-08 -1.94329e-08 -1.38877e-08 -2.13869e-08
0.587702 -5.65557e-10 -1.934e-09 -1.32946e-08 -1.95259e-08 -1.38602e-08 -2.14599e-08
0.58794 -5.55854e-10 -1.91424e-09 -1.32744e-08 -1.96177e-08 -1.38302e-08 -2.15319e-08
0.588179 -5.46322e-10 -1.8947e-09 -1.32515e-08 -1.97081e-08 -1.37978e-08 -2.16028e-08
0.588417 -5.36957e-10 -1.87538e-09 -1.3226e-08 -1.97973e-08 -1.3763e-08 -2.16727e-08
0.588655 -5.27756e-10 -1.85627e-09 -1.3198e-08 -1.98853e-08 -1.37257e-08 -2.17416e-08
0.588894 -5.18717e-10 -1.83739e-09 -1.31674e-08 -1.9972e-08 -1.36861e-08 -2.18094e-08
0.589132 -5.09835e-10 -1.81872e-09 -1.31342e-08 -2.00576e-08 -1.36441e-08 -2.18763e-08
0.589371 -5.01109e-10 -1.80025e-09 -1.30986e-08 -2.0142e-08 -1.35997e-08 -2.19422e-08
0.589609 -4.92535e-10 -1.782e-09 -1.30605e-08 -2.02252e-08 -1.35531e-08 -2.20072e-08
0.589848 -4.8411e-10 -1.76395e-09 -1.302e-08 -2.03072e-08 -1.35041e-08 -2.20712e-08
0.590086 -4.75832e-10 -1.74611e-09 -1.2977e-08 -2.03882e-08 -1.34528e-08 -2.21343e-08
0.590324 -4.67698e-10 -1.72847e-09 -1.29316e-08 -2.0468e-08 -1.33993e-08 -2.21965e-08
0.590563 -4.59705e-10 -1.71102e-09 -1.28839e-08 -2.05467e-08 -1.33436e-08 -2.22577e-08
0.590801 -4.5185e-10 -1.69377e-09 -1.28337e-08 -2.06243e-08 -1.32856e-08 -2.23181e-08
0.59104 -4.44131e-10 -1.67672e-09 -1.27813e-08 -2.07009e-08 -1.32254e-08 -2.23776e-08
0.591278 -4.36545e-10 -1.65985e-09 -1.27265e-08 -2.07764e-08 -1.31631e-08 -2.24363e-08
0.591516 -4.2909e-10 -1.64317e-09 -1.26695e-08 -2.08509e-08 -1.30986e-08 -2.24941e-08
0.591755 -4.21763e-10 -1.62669e-09 -1.26102e-08 -2.09244e-08 -1.30319e-08 -2.25511e-08
0.591993 -4.14563e-10 -1.61038e-09 -1.25486e-08 -2.09968e-08 -1.29632e-08 -2.26072e-08
0.592232 -4.07486e-10 -1.59426e-09 -1.24848e-08 -2.10683e-08 -1.28923e-08 -2.26625e-08
0.59247 -4.0053e-10 -1.57832e-09 -1.24188e-08 -2.11387e-08 -1.28193e-08 -2.27171e-08
0.592709 -3.93694e-10 -1.56255e-09 -1.23506e-08 -2.12082e-08 -1.27443e-08 -2.27708e-08
0.592947 -3.86974e-10 -1.54696e-09 -1.22803e-08 -2.12768e-08 -1.26673e-08 -2.28238e-08
0.593185 -3.8037e-10 -1.53154e-09 -1.22079e-08 -2.13444e-08 -1.25882e-08 -2.2876e-08
0.593424 -3.73878e-10 -1.5163e-09 -1.21333e-08 -2.14111e-08 -1.25071e-08 -2.29274e-08
0.593662 -3.67496e-10 -1.50122e-09 -1.20566e-08 -2.14769e-08 -1.24241e-08 -2.29781e-08
0.593901 -3.61223e-10 -1.48631e-09 -1.19778e-08 -2.15417e-08 -1.2339e-08 -2.3028e-08
0.594139 -3.55057e-10 -1.47157e-09 -1.1897e-08 -2.16057e-08 -1.22521e-08 -2.30773e-08
0.594378 -3.48995e-10 -1.45699e-09 -1.18141e-08 -2.16688e-08 -1.21631e-08 -2.31258e-08
0.594616 -3.43037e-10 -1.44257e-09 -1.17293e-08 -2.1731e-08 -1.20723e-08 -2.31736e-08
0.594854 -3.37179e-10 -1.42831e-09 -1.16424e-08 -2.17924e-08 -1.19796e-08 -2.32207e-08
0.595093 -3.31419e-10 -1.41421e-09 -1.15535e-08 -2.18529e-08 -1.18849e-08 -2.32671e-08
0.595331 -3.25758e-10 -1.40026e-09 -1.14627e-08 -2.19126e-08 -1.17884e-08 -2.33129e-08
0.59557 -3.20191e-10 -1.38647e-09 -1.13699e-08 -2.19715e-08 -1.16901e-08 -2.3358e-08
0.595808 -3.14719e-10 -1.37282e-09 -1.12752e-08 -2.20296e-08 -1.159e-08 -2.34024e-08
0.596046 -3.09338e-10 -1.35933e-09 -1.11786e-08 -2.20869e-08 -1.1488e-08 -2.34462e-08
0.596285 -3.04048e-10 -1.34599e-09 -1.10802e-08 -2.21433e-08 -1.13842e-08 -2.34893e-08
0.596523 -2.98847e-10 -1.33279e-09 -1.09798e-08 -2.2199e-08 -1.12786e-08 -2.35318e-08
0.596762 -2.93733e-10 -1.31973e-09 -1.08776e-08 -2.2254e-08 -1.11713e-08 -2.35737e-08
0.597 -2.88704e-10 -1.30682e-09 -1.07736e-08 -2.23081e-08 -1.10623e-08 -2.3615e-08
0.597239 -2.8376e-10 -1.29405e-09 -1.06677e-08 -2.23615e-08 -1.09515e-08 -2.36556e-08
0.597477 -2.78898e-10 -1.28142e-09 -1.056e-08 -2.24142e-08 -1.08389e-08 -2.36956e-08
0.597715 -2.74117e-10 -1.26893e-09 -1.04506e-08 -2.24662e-08 -1.07247e-08 -2.37351e-08
0.597954 -2.69416e-10 -1.25657e-09 -1.03394e-08 -2.25174e-08 -1.06088e-08 -2.3774e-08
0.598192 -2.64793e-10 -1.24435e-09 -1.02265e-08 -2.25679e-08 -1.04913e-08 -2.38123e-08
0.598431 -2.60247e-10 -1.23226e-09 -1.01118e-08 -2.26177e-08 -1.0372e-08 -2.385e-08
0.598669 -2.55776e-10 -1.2203e-09 -9.99541e-09 -2.26668e-08 -1.02512e-08 -2.38871e-08
0.598907 -2.5138e-10 -1.20847e-09 -9.87733e-09 -2.27153e-08 -1.01287e-08 -2.39237e-08
0.599146 -2.47056e-10 -1.19677e-09 -9.75756e-09 -2.2763e-08 -1.00046e-08 -2.39598e-08
0.599384 -2.42804e-10 -1.18519e-09 -9.63613e-09 -2.28101e-08 -9.87894e-09 -2.39953e-08
0.599623 -2.38622e-10 -1.17375e-09 -9.51306e-09 -2.28565e-08 -9.75168e-09 -2.40303e-08
