0.399828 5.15359e-15 6.60532e-16 0 0 0 0 0 0 5.15359e-15 6.60532e-16
0.400186 5.63111e-15 7.23775e-16 0 0 0 0 0 0 5.63111e-15 7.23775e-16
0.400543 5.44522e-15 7.02021e-16 0 0 0 0 0 0 5.44522e-15 7.02021e-16
0.400901 5.94029e-15 7.68031e-16 0 0 0 0 0 0 5.94029e-15 7.68031e-16
0.401258 5.75534e-15 7.46408e-16 0 0 0 0 0 0 5.75534e-15 7.46408e-16
0.401616 6.26888e-15 8.15347e-16 0 0 0 0 0 0 6.26888e-15 8.15347e-16
0.401974 6.08526e-15 7.93918e-16 0 0 0 0 0 0 6.08526e-15 7.93918e-16
0.402331 6.61825e-15 8.65959e-16 0 0 0 0 0 0 6.61825e-15 8.65959e-16
0.402689 6.4364e-15 8.44794e-16 0 0 0 0 0 0 6.4364e-15 8.44794e-16
0.403047 6.98987e-15 9.20124e-16 0 0 0 0 0 0 6.98987e-15 9.20124e-16
0.403404 6.81029e-15 8.99303e-16 0 0 0 0 0 0 6.81029e-15 8.99303e-16
0.403762 7.38534e-15 9.7812e-16 0 0 0 0 0 0 7.38534e-15 9.7812e-16
0.404119 7.20856e-15 9.57729e-16 0 0 0 0 0 0 7.20856e-15 9.57729e-16
0.404477 7.80639e-15 1.04025e-15 0 0 0 0 0 0 7.80639e-15 1.04025e-15
0.404835 7.63299e-15 1.02039e-15 0 0 0 0 0 0 7.63299e-15 1.02039e-15
0.405192 8.25485e-15 1.10684e-15 0 0 0 0 0 0 8.25485e-15 1.10684e-15
0.40555 8.08549e-15 1.08761e-15 0 0 0 0 0 0 8.08549e-15 1.08761e-15
0.405908 8.73275e-15 1.17824e-15 0 0 0 0 0 0 8.73275e-15 1.17824e-15
0.406265 8.56815e-15 1.15978e-15 0 0 0 0 0 0 8.56815e-15 1.15978e-15
0.406623 9.24225e-15 1.25486e-15 0 0 0 0 0 0 9.24225e-15 1.25486e-15
0.406981 9.0832e-15 1.23728e-15 0 0 0 0 0 0 9.0832e-15 1.23728e-15
0.407338 9.78571e-15 1.3371e-15 0 0 0 0 0 0 9.78571e-15 1.3371e-15
0.407696 9.63308e-15 1.32057e-15 0 0 0 0 0 0 9.63308e-15 1.32057e-15
0.408053 1.03657e-14 1.42543e-15 0 0 0 0 0 0 1.03657e-14 1.42543e-15
0.408411 1.02204e-14 1.41012e-15 0 0 0 0 0 0 1.02204e-14 1.41012e-15
0.408769 1.09849e-14 1.52036e-15 0 0 0 0 0 0 1.09849e-14 1.52036e-15
0.409126 1.08481e-14 1.50645e-15 0 0 0 0 0 0 1.08481e-14 1.50645e-15
0.409484 1.16464e-14 1.62244e-15 0 0 0 0 0 0 1.16464e-14 1.62244e-15
0.409842 1.15192e-14 1.61012e-15 0 0 0 0 0 0 1.15192e-14 1.61012e-15
0.410199 1.23533e-14 1.73226e-15 0 0 0 0 0 0 1.23533e-14 1.73226e-15
0.410557 1.2237e-14 1.72178e-15 0 0 0 0 0 0 1.2237e-14 1.72178e-15
0.410914 1.31093e-14 1.85048e-15 0 0 0 0 0 0 1.31093e-14 1.85048e-15
0.411272 1.30053e-14 1.84208e-15 0 0 0 0 0 0 1.30053e-14 1.84208e-15
0.41163 1.39181e-14 1.97781e-15 0 0 0 0 0 0 1.39181e-14 1.97781e-15
0.411987 1.38279e-14 1.97178e-15 0 0 0 0 0 0 1.38279e-14 1.97178e-15
0.412345 1.47838e-14 2.11505e-15 0 0 0 0 0 0 1.47838e-14 2.11505e-15
0.412703 1.47092e-14 2.1117e-15 0 0 0 0 0 0 1.47092e-14 2.1117e-15
0.41306 1.57111e-14 2.26304e-15 0 0 0 0 0 0 1.57111e-14 2.26304e-15
0.413418 1.56539e-14 2.26272e-15 0 0 0 0 0 0 1.56539e-14 2.26272e-15
0.413775 1.67047e-14 2.42274e-15 0 0 0 0 0 0 1.67047e-14 2.42274e-15
0.414133 1.66671e-14 2.42584e-15 0 0 0 0 0 0 1.66671e-14 2.42584e-15
0.414491 1.77701e-14 2.59517e-15 0 0 0 0 0 0 1.77701e-14 2.59517e-15
0.414848 1.77544e-14 2.60212e-15 0 0 0 0 0 0 1.77544e-14 2.60212e-15
0.415206 1.89131e-14 2.78146e-15 0 0 0 0 0 0 1.89131e-14 2.78146e-15
0.415564 1.89217e-14 2.79274e-15 0 0 0 0 0 0 1.89217e-14 2.79274e-15
0.415921 2.014e-14 2.98287e-15 0 0 0 0 0 0 2.014e-14 2.98287e-15
0.416279 2.01757e-14 2.999e-15 0 0 0 0 0 0 2.01757e-14 2.999e-15
0.416636 2.14579e-14 3.20076e-15 0 0 0 0 0 0 2.14579e-14 3.20076e-15
0.416994 2.15237e-14 3.22234e-15 0 0 0 0 0 0 2.15237e-14 3.22234e-15
0.417352 2.28741e-14 3.43663e-15 0 0 0 0 0 0 2.28741e-14 3.43663e-15
0.417709 2.29735e-14 3.46431e-15 0 0 0 0 0 0 2.29735e-14 3.46431e-15
0.418067 2.43971e-14 3.69214e-15 0 0 0 0 0 0 2.43971e-14 3.69214e-15
0.418425 2.45337e-14 3.72666e-15 0 0 0 0 0 0 2.45337e-14 3.72666e-15
0.418782 2.60358e-14 3.96911e-15 0 0 0 0 0 0 2.60358e-14 3.96911e-15
0.41914 2.62138e-14 4.01129e-15 0 0 0 0 0 0 2.62138e-14 4.01129e-15
0.419497 2.78003e-14 4.26957e-15 0 0 0 0 0 0 2.78003e-14 4.26957e-15
0.419855 2.80242e-14 4.32031e-15 0 0 0 0 0 0 2.80242e-14 4.32031e-15
0.420213 2.97013e-14 4.59573e-15 0 0 0 0 0 0 2.97013e-14 4.59573e-15
0.42057 2.9976e-14 4.65604e-15 0 0 0 0 0 0 2.9976e-14 4.65604e-15
0.420928 3.17507e-14 4.95005e-15 0 0 0 0 0 0 3.17507e-14 4.95005e-15
0.421286 3.20819e-14 5.02105e-15 0 0 0 0 0 0 3.20819e-14 5.02105e-15
0.421643 3.39616e-14 5.33525e-15 0 0 0 0 0 0 3.39616e-14 5.33525e-15
0.422001 3.43553e-14 5.4182e-15 0 0 0 0 0 0 3.43553e-14 5.4182e-15
0.422359 3.63483e-14 5.75432e-15 0 0 0 0 0 0 3.63483e-14 5.75432e-15
0.422716 3.68113e-14 5.85062e-15 0 0 0 0 0 0 3.68113e-14 5.85062e-15
0.423074 3.89265e-14 6.2106e-15 0 0 0 0 0 0 3.89265e-14 6.2106e-15
0.423431 3.94663e-14 6.32182e-15 0 0 0 0 0 0 3.94663e-14 6.32182e-15
0.423789 4.17136e-14 6.70778e-15 0 0 0 0 0 0 4.17136e-14 6.70778e-15
0.424147 4.23385e-14 6.83566e-15 0 0 0 0 0 0 4.23385e-14 6.83566e-15
0.424504 4.47287e-14 7.24995e-15 0 0 0 0 0 0 4.47287e-14 7.24995e-15
0.424862 4.54477e-14 7.39645e-15 0 0 0 0 0 0 4.54477e-14 7.39645e-15
0.42522 4.79926e-14 7.84166e-15 0 0 0 0 0 0 4.79926e-14 7.84166e-15
0.425577 4.88161e-14 8.00897e-15 0 0 0 0 0 0 4.88161e-14 8.00897e-15
0.425935 5.15287e-14 8.48797e-15 0 0 0 0 0 0 5.15287e-14 8.48797e-15
0.426292 5.24678e-14 8.67853e-15 0 0 0 0 0 0 5.24678e-14 8.67853e-15
0.42665 5.53624e-14 9.19452e-15 0 0 0 0 0 0 5.53624e-14 9.19452e-15
0.427008 5.64297e-14 9.41108e-15 0 0 0 0 0 0 5.64297e-14 9.41108e-15
0.427365 5.95219e-14 9.96757e-15 0 0 0 0 0 0 5.95219e-14 9.96757e-15
0.427723 6.07314e-14 1.02132e-14 0 0 0 0 0 0 6.07314e-14 1.02132e-14
0.428081 6.40386e-14 1.08141e-14 0 0 0 0 0 0 6.40386e-14 1.08141e-14
0.428438 6.54056e-14 1.10923e-14 0 0 0 0 0 0 6.54056e-14 1.10923e-14
0.428796 6.89469e-14 1.1742e-14 0 0 0 0 0 0 6.89469e-14 1.1742e-14
0.429153 7.04888e-14 1.20566e-14 0 0 0 0 0 0 7.04888e-14 1.20566e-14
0.429511 7.42852e-14 1.276e-14 0 0 0 0 0 0 7.42852e-14 1.276e-14
0.429869 7.6021e-14 1.31153e-14 0 0 0 0 0 0 7.6021e-14 1.31153e-14
0.430226 8.00959e-14 1.38777e-14 0 0 0 0 0 0 8.00959e-14 1.38777e-14
0.430584 8.2047e-14 1.42787e-14 0 0 0 0 0 0 8.2047e-14 1.42787e-14
0.430942 8.64262e-14 1.51063e-14 0 0 0 0 0 0 8.64262e-14 1.51063e-14
0.431299 8.86165e-14 1.55584e-14 0 0 0 0 0 0 8.86165e-14 1.55584e-14
0.431657 9.33285e-14 1.64579e-14 0 0 0 0 0 0 9.33285e-14 1.64579e-14
0.432014 9.57845e-14 1.69675e-14 0 0 0 0 0 0 9.57845e-14 1.69675e-14
0.432372 1.00861e-13 1.79464e-14 0 0 0 0 0 0 1.00861e-13 1.79464e-14
0.43273 1.03612e-13 1.85204e-14 0 0 0 0 0 0 1.03612e-13 1.85204e-14
0.433087 1.09089e-13 1.95873e-14 0 0 0 0 0 0 1.09089e-13 1.95873e-14
0.433445 1.12169e-13 2.02336e-14 0 0 0 0 0 0 1.12169e-13 2.02336e-14
0.433803 1.18084e-13 2.1398e-14 0 0 0 0 0 0 1.18084e-13 2.1398e-14
0.43416 1.2153e-13 2.21256e-14 0 0 0 0 0 0 1.2153e-13 2.21256e-14
0.434518 1.27928e-13 2.33982e-14 0 0 0 0 0 0 1.27928e-13 2.33982e-14
0.434875 1.31782e-13 2.42173e-14 0 0 0 0 0 0 1.31782e-13 2.42173e-14
0.435233 1.38711e-13 2.56101e-14 0 0 0 0 0 0 1.38711e-13 2.56101e-14
0.435591 1.43019e-13 2.65322e-14 0 0 0 0 0 0 1.43019e-13 2.65322e-14
0.435948 1.50534e-13 2.80588e-14 0 0 0 0 0 0 1.50534e-13 2.80588e-14
0.436306 1.55349e-13 2.90969e-14 0 0 0 0 0 0 1.55349e-13 2.90969e-14
0.436664 1.6351e-13 3.07727e-14 0 0 0 0 0 0 1.6351e-13 3.07727e-14
0.437021 1.68892e-13 3.19417e-14 0 0 0 0 0 0 1.68892e-13 3.19417e-14
0.437379 1.77767e-13 3.37839e-14 0 0 0 0 0 0 1.77767e-13 3.37839e-14
0.437737 1.83781e-13 3.51007e-14 0 0 0 0 0 0 1.83781e-13 3.51007e-14
0.438094 1.93446e-13 3.7129e-14 0 0 0 0 0 0 1.93446e-13 3.7129e-14
0.438452 2.00168e-13 3.86129e-14 0 0 0 0 0 0 2.00168e-13 3.86129e-14
0.438809 2.1071e-13 4.08495e-14 0 0 0 0 0 0 2.1071e-13 4.08495e-14
0.439167 2.18224e-13 4.25223e-14 0 0 0 0 0 0 2.18224e-13 4.25223e-14
0.439525 2.29737e-13 4.49926e-14 0 0 0 0 0 0 2.29737e-13 4.49926e-14
0.439882 2.38139e-13 4.68793e-14 0 0 0 0 0 0 2.38139e-13 4.68793e-14
0.44024 2.50734e-13 4.9612e-14 0 0 0 0 0 0 2.50734e-13 4.9612e-14
0.440598 2.60132e-13 5.17413e-14 0 0 0 0 0 0 2.60132e-13 5.17413e-14
0.440955 2.73928e-13 5.47692e-14 0 0 0 0 0 0 2.73928e-13 5.47692e-14
0.441313 2.84445e-13 5.71739e-14 0 0 0 0 0 0 2.84445e-13 5.71739e-14
0.44167 2.99582e-13 6.05345e-14 0 0 0 0 0 0 2.99582e-13 6.05345e-14
0.442028 3.11356e-13 6.32521e-14 0 0 0 0 0 0 3.11356e-13 6.32521e-14
0.442386 3.2799e-13 6.69881e-14 0 0 0 0 0 0 3.2799e-13 6.69881e-14
0.442743 3.41179e-13 7.0062e-14 0 0 0 0 0 0 3.41179e-13 7.0062e-14
0.443101 3.59486e-13 7.42223e-14 0 0 0 0 0 0 3.59486e-13 7.42223e-14
0.443459 3.74271e-13 7.77022e-14 0 0 0 0 0 0 3.74271e-13 7.77022e-14
0.443816 3.94452e-13 8.23432e-14 0 0 0 0 0 0 3.94452e-13 8.23432e-14
0.444174 4.11035e-13 8.62864e-14 0 0 0 0 0 0 4.11035e-13 8.62864e-14
0.444531 4.33318e-13 9.14727e-14 0 0 0 0 0 0 4.33318e-13 9.14727e-14
0.444889 4.51934e-13 9.59453e-14 0 0 0 0 0 0 4.51934e-13 9.59453e-14
0.445247 4.76579e-13 1.01751e-13 0 0 0 0 0 0 4.76579e-13 1.01751e-13
0.445604 4.97494e-13 1.0683e-13 0 0 0 0 0 0 4.97494e-13 1.0683e-13
0.445962 5.24796e-13 1.13342e-13 0 0 0 0 0 0 5.24796e-13 1.13342e-13
0.44632 5.48316e-13 1.19115e-13 0 0 0 0 0 0 5.48316e-13 1.19115e-13
0.446677 5.78615e-13 1.26432e-13 0 0 0 0 0 0 5.78615e-13 1.26432e-13
0.447035 6.05089e-13 1.33003e-13 0 0 0 0 0 0 6.05089e-13 1.33003e-13
0.447392 6.38771e-13 1.4124e-13 0 0 0 0 0 0 6.38771e-13 1.4124e-13
0.44775 6.68602e-13 1.48728e-13 0 0 0 0 0 0 6.68602e-13 1.48728e-13
0.448108 7.06112e-13 1.58019e-13 0 0 0 0 0 0 7.06112e-13 1.58019e-13
0.448465 7.39761e-13 1.66564e-13 0 0 0 0 0 0 7.39761e-13 1.66564e-13
0.448823 7.8161e-13 1.77065e-13 0 0 0 0 0 0 7.8161e-13 1.77065e-13
0.449181 8.19611e-13 1.86829e-13 0 0 0 0 0 0 8.19611e-13 1.86829e-13
0.449538 8.66386e-13 1.9872e-13 0 0 0 0 0 0 8.66386e-13 1.9872e-13
0.449896 9.09355e-13 2.09895e-13 0 0 0 0 0 0 9.09355e-13 2.09895e-13
0.450253 9.61735e-13 2.23389e-13 0 0 0 0 0 0 9.61735e-13 2.23389e-13
0.450611 1.01038e-12 2.36197e-13 0 0 0 0 0 0 1.01038e-12 2.36197e-13
0.450969 1.06915e-12 2.51543e-13 0 0 0 0 0 0 1.06915e-12 2.51543e-13
0.451326 1.12431e-12 2.66246e-13 0 0 0 0 0 0 1.12431e-12 2.66246e-13
0.451684 1.19038e-12 2.83735e-13 0 0 0 0 0 0 1.19038e-12 2.83735e-13
0.452042 1.253e-12 3.00643e-13 0 0 0 0 0 0 1.253e-12 3.00643e-13
0.452399 1.32742e-12 3.20618e-13 0 0 0 0 0 0 1.32742e-12 3.20618e-13
0.452757 1.39862e-12 3.40096e-13 0 0 0 0 0 0 1.39862e-12 3.40096e-13
0.453115 1.48262e-12 3.62962e-13 0 0 0 0 0 0 1.48262e-12 3.62962e-13
0.453472 1.56371e-12 3.85441e-13 0 0 0 0 0 0 1.56371e-12 3.85441e-13
0.45383 1.65873e-12 4.11678e-13 0 0 0 0 0 0 1.65873e-12 4.11678e-13
0.454187 1.75124e-12 4.37671e-13 0 0 0 0 0 0 1.75124e-12 4.37671e-13
0.454545 1.85895e-12 4.67846e-13 0 0 0 0 0 0 1.85895e-12 4.67846e-13
0.454903 1.96465e-12 4.97963e-13 0 0 0 0 0 0 1.96465e-12 4.97963e-13
0.45526 2.08702e-12 5.32753e-13 0 0 0 0 0 0 2.08702e-12 5.32753e-13
0.455618 2.20802e-12 5.67721e-13 0 0 0 0 0 0 2.20802e-12 5.67721e-13
0.455976 2.34736e-12 6.07932e-13 0 0 0 0 0 0 2.34736e-12 6.07932e-13
0.456333 2.48614e-12 6.48619e-13 0 0 0 0 0 0 2.48614e-12 6.48619e-13
0.456691 2.64516e-12 6.95217e-13 0 0 0 0 0 0 2.64516e-12 6.95217e-13
0.457048 2.80465e-12 7.42666e-13 0 0 0 0 0 0 2.80465e-12 7.42666e-13
0.457406 2.98658e-12 7.96808e-13 0 0 0 0 0 0 2.98658e-12 7.96808e-13
0.457764 3.17023e-12 8.52275e-13 0 0 0 0 0 0 3.17023e-12 8.52275e-13
0.458121 3.37888e-12 9.15354e-13 0 0 0 0 0 0 3.37888e-12 9.15354e-13
0.458479 3.59081e-12 9.80352e-13 0 0 0 0 0 0 3.59081e-12 9.80352e-13
0.458837 3.83071e-12 1.05405e-12 0 0 0 0 0 0 3.83071e-12 1.05405e-12
0.459194 4.07583e-12 1.13041e-12 0 0 0 0 0 0 4.07583e-12 1.13041e-12
0.459552 4.35238e-12 1.21677e-12 0 0 0 0 0 0 4.35238e-12 1.21677e-12
0.459909 4.63654e-12 1.30673e-12 0 0 0 0 0 0 4.63654e-12 1.30673e-12
0.460267 4.95621e-12 1.40822e-12 0 0 0 0 0 0 4.95621e-12 1.40822e-12
0.460625 5.28643e-12 1.51448e-12 0 0 0 0 0 0 5.28643e-12 1.51448e-12
0.460982 5.65696e-12 1.63414e-12 0 0 0 0 0 0 5.65696e-12 1.63414e-12
0.46134 6.0417e-12 1.76002e-12 0 0 0 0 0 0 6.0417e-12 1.76002e-12
0.461698 6.47242e-12 1.90154e-12 0 0 0 0 0 0 6.47242e-12 1.90154e-12
0.462055 6.92185e-12 2.05113e-12 0 0 0 0 0 0 6.92185e-12 2.05113e-12
0.462413 7.42403e-12 2.21907e-12 0 0 0 0 0 0 7.42403e-12 2.21907e-12
0.46277 7.95051e-12 2.39739e-12 0 0 0 0 0 0 7.95051e-12 2.39739e-12
0.463128 8.53781e-12 2.59737e-12 0 0 0 0 0 0 8.53781e-12 2.59737e-12
0.463486 9.15632e-12 2.81063e-12 0 0 0 0 0 0 9.15632e-12 2.81063e-12
0.463843 9.84538e-12 3.04961e-12 0 0 0 0 0 0 9.84538e-12 3.04961e-12
0.464201 1.05742e-11 3.30555e-12 0 0 0 0 0 0 1.05742e-11 3.30555e-12
0.464559 1.13853e-11 3.5922e-12 0 0 0 0 0 0 1.13853e-11 3.5922e-12
0.464916 1.22469e-11 3.90046e-12 0 0 0 0 0 0 1.22469e-11 3.90046e-12
0.465274 1.3205e-11 4.24563e-12 0 0 0 0 0 0 1.3205e-11 4.24563e-12
0.465631 1.42268e-11 4.61831e-12 0 0 0 0 0 0 1.42268e-11 4.61831e-12
0.465989 1.53626e-11 5.03562e-12 0 0 0 0 0 0 1.53626e-11 5.03562e-12
0.466347 1.65787e-11 5.48795e-12 0 0 0 0 0 0 1.65787e-11 5.48795e-12
0.466704 1.79302e-11 5.99459e-12 0 0 0 0 0 0 1.79302e-11 5.99459e-12
0.467062 1.93828e-11 6.54587e-12 0 0 0 0 0 0 1.93828e-11 6.54587e-12
0.46742 2.09972e-11 7.16366e-12 0 0 0 0 0 0 2.09972e-11 7.16366e-12
0.467777 2.2739e-11 7.83845e-12 0 0 0 0 0 0 2.2739e-11 7.83845e-12
0.468135 2.46752e-11 8.59522e-12 0 0 0 0 0 0 2.46752e-11 8.59522e-12
0.468493 2.6772e-11 9.42496e-12 0 0 0 0 0 0 2.6772e-11 9.42496e-12
0.46885 2.91042e-11 1.03564e-11 0 0 0 0 0 0 2.91042e-11 1.03564e-11
0.469208 3.1639e-11 1.13815e-11 0 0 0 0 0 0 3.1639e-11 1.13815e-11
0.469565 3.44606e-11 1.25338e-11 0 0 0 0 0 0 3.44606e-11 1.25338e-11
0.469923 3.75385e-11 1.38066e-11 0 0 0 0 0 0 3.75385e-11 1.38066e-11
0.470281 4.09682e-11 1.52395e-11 0 0 0 0 0 0 4.09682e-11 1.52395e-11
0.470638 4.47229e-11 1.68283e-11 0 0 0 0 0 0 4.47229e-11 1.68283e-11
0.470996 4.89122e-11 1.862e-11 0 0 0 0 0 0 4.89122e-11 1.862e-11
0.471354 5.35151e-11 2.06143e-11 0 0 0 0 0 0 5.35151e-11 2.06143e-11
0.471711 5.86584e-11 2.28676e-11 0 0 0 0 0 0 5.86584e-11 2.28676e-11
0.472069 6.43303e-11 2.53855e-11 0 0 0 0 0 0 6.43303e-11 2.53855e-11
0.472426 7.06793e-11 2.82369e-11 0 0 0 0 0 0 7.06793e-11 2.82369e-11
0.472784 7.77065e-11 3.14357e-11 0 0 0 0 0 0 7.77065e-11 3.14357e-11
0.473142 8.55887e-11 3.50671e-11 0 0 0 0 0 0 8.55887e-11 3.50671e-11
0.473499 9.43457e-11 3.91575e-11 0 0 0 0 0 0 9.43457e-11 3.91575e-11
0.473857 1.0419e-10 4.38141e-11 0 0 0 0 0 0 1.0419e-10 4.38141e-11
0.474215 1.1517e-10 4.90812e-11 0 0 0 0 0 0 1.1517e-10 4.90812e-11
0.474572 1.27544e-10 5.50956e-11 0 0 0 0 0 0 1.27544e-10 5.50956e-11
0.47493 1.41399e-10 6.19278e-11 0 0 0 0 0 0 1.41399e-10 6.19278e-11
0.475287 1.57059e-10 6.97557e-11 0 0 0 0 0 0 1.57059e-10 6.97557e-11
0.475645 1.74665e-10 7.8688e-11 0 0 0 0 0 0 1.74665e-10 7.8688e-11
0.476003 1.94625e-10 8.89595e-11 0 0 0 0 0 0 1.94625e-10 8.89595e-11
0.47636 2.17162e-10 1.00735e-10 0 0 0 0 0 0 2.17162e-10 1.00735e-10
0.476718 2.42799e-10 1.14331e-10 0 0 0 0 0 0 2.42799e-10 1.14331e-10
0.477076 2.71874e-10 1.29994e-10 0 0 0 0 0 0 2.71874e-10 1.29994e-10
0.477433 3.05073e-10 1.48157e-10 0 0 0 0 0 0 3.05073e-10 1.48157e-10
0.477791 3.42899e-10 1.69192e-10 0 0 0 0 0 0 3.42899e-10 1.69192e-10
0.478148 3.86267e-10 1.93698e-10 0 0 0 0 0 0 3.86267e-10 1.93698e-10
0.478506 4.35924e-10 2.22236e-10 0 0 0 0 0 0 4.35924e-10 2.22236e-10
0.478864 4.93109e-10 2.55656e-10 0 0 0 0 0 0 4.93109e-10 2.55656e-10
0.479221 5.58931e-10 2.94805e-10 0 0 0 0 0 0 5.58931e-10 2.94805e-10
0.479579 6.35101e-10 3.40907e-10 0 0 0 0 0 0 6.35101e-10 3.40907e-10
0.479937 7.23264e-10 3.95253e-10 0 0 0 0 0 0 7.23264e-10 3.95253e-10
0.480294 8.25832e-10 4.59645e-10 0 0 0 0 0 0 8.25832e-10 4.59645e-10
0.480652 9.45262e-10 5.36066e-10 0 0 0 0 0 0 9.45262e-10 5.36066e-10
0.481009 1.08501e-09 6.27222e-10 0 0 0 0 0 0 1.08501e-09 6.27222e-10
0.481367 1.24879e-09 7.36202e-10 0 0 0 0 0 0 1.24879e-09 7.36202e-10
0.481725 1.44167e-09 8.67152e-10 0 0 0 0 0 0 1.44167e-09 8.67152e-10
0.482082 1.66929e-09 1.02496e-09 0 0 0 0 0 0 1.66929e-09 1.02496e-09
0.48244 1.93923e-09 1.21611e-09 0 0 0 0 0 0 1.93923e-09 1.21611e-09
0.482798 2.26024e-09 1.44848e-09 0 0 0 0 0 0 2.26024e-09 1.44848e-09
0.483155 2.64389e-09 1.73248e-09 0 0 0 0 0 0 2.64389e-09 1.73248e-09
0.483513 3.10395e-09 2.08102e-09 0 0 0 0 0 0 3.10395e-09 2.08102e-09
0.483871 3.65851e-09 2.51124e-09 0 0 0 0 0 0 3.65851e-09 2.51124e-09
0.484228 4.32969e-09 3.04485e-09 0 0 0 0 0 0 4.32969e-09 3.04485e-09
0.484586 5.1465e-09 3.71082e-09 0 0 0 0 0 0 5.1465e-09 3.71082e-09
0.484943 6.14524e-09 4.54667e-09 0 0 0 0 0 0 6.14524e-09 4.54667e-09
0.485301 7.37378e-09 5.60283e-09 0 0 0 0 0 0 7.37378e-09 5.60283e-09
0.485659 8.89331e-09 6.94612e-09 0 0 0 0 0 0 8.89331e-09 6.94612e-09
0.486016 1.07852e-08 8.66749e-09 0 0 0 0 0 0 1.07852e-08 8.66749e-09
0.486374 1.31557e-08 1.089e-08 0 0 0 0 0 0 1.31557e-08 1.089e-08
0.486732 1.61479e-08 1.37842e-08 0 0 0 0 0 0 1.61479e-08 1.37842e-08
0.487089 1.9953e-08 1.75861e-08 0 0 0 0 0 0 1.9953e-08 1.75861e-08
0.487447 2.48325e-08 2.26295e-08 0 0 0 0 0 0 2.48325e-08 2.26295e-08
0.487804 3.11445e-08 2.93891e-08 0 0 0 0 0 0 3.11445e-08 2.93891e-08
0.488162 3.93889e-08 3.85526e-08 0 0 0 0 0 0 3.93889e-08 3.85526e-08
0.48852 5.02683e-08 5.11279e-08 0 0 0 0 0 0 5.02683e-08 5.11279e-08
0.488877 6.47889e-08 6.86207e-08 0 0 0 0 0 0 6.47889e-08 6.86207e-08
0.489235 8.44087e-08 9.33162e-08 0 0 0 0 0 0 8.44087e-08 9.33162e-08
0.489593 1.11281e-07 1.28758e-07 0 0 0 0 0 0 1.11281e-07 1.28758e-07
0.48995 1.48636e-07 1.80554e-07 0 0 0 0 0 0 1.48636e-07 1.80554e-07
0.490308 2.01427e-07 2.57809e-07 0 0 0 0 0 0 2.01427e-07 2.57809e-07
0.490665 2.77397e-07 3.7569e-07 0 0 0 0 0 0 2.77397e-07 3.7569e-07
0.491023 3.88945e-07 5.60234e-07 0 0 0 0 0 0 3.88945e-07 5.60234e-07
0.491381 5.56372e-07 8.57578e-07 0 0 0 0 0 0 5.56372e-07 8.57578e-07
0.491738 8.13698e-07 1.35229e-06 0 0 0 0 0 0 8.13698e-07 1.35229e-06
0.492096 1.21894e-06 2.20453e-06 0 0 0 0 0 0 1.21894e-06 2.20453e-06
0.492454 1.87171e-06 3.72594e-06 0 0 0 0 0 0 1.87171e-06 3.72594e-06
0.492811 2.93979e-06 6.52864e-06 0 0 0 0 0 0 2.93979e-06 6.52864e-06
0.493169 4.68801e-06 1.17864e-05 0 0 0 0 0 0 4.68801e-06 1.17864e-05
0.493526 7.48028e-06 2.15832e-05 0 0 0 0 0 0 7.48028e-06 2.15832e-05
0.493884 1.171e-05 3.91464e-05 0 0 0 0 0 0 1.171e-05 3.91464e-05
0.494242 1.76524e-05 6.86136e-05 0 0 0 0 0 0 1.76524e-05 6.86136e-05
0.494599 2.53057e-05 0.000114146 0 0 0 0 0 0 2.53057e-05 0.000114146
0.494957 3.42899e-05 0.000178541 0 0 0 0 0 0 3.42899e-05 0.000178541
0.495315 4.38197e-05 0.000261656 0 0 0 0 0 0 4.38197e-05 0.000261656
0.495672 5.27279e-05 0.000358834 0 0 0 0 0 0 5.27279e-05 0.000358834
0.49603 5.95267e-05 0.000459452 0 0 0 0 0 0 5.95267e-05 0.000459452
0.496387 6.25042e-05 0.000545591 0 0 0 0 0 0 6.25042e-05 0.000545591
0.496745 5.98834e-05 0.000590959 0 0 0 0 0 0 5.98834e-05 0.000590959
0.497103 5.00848e-05 0.000560404 0 0 0 0 0 0 5.00848e-05 0.000560404
0.49746 3.21518e-05 0.000410758 0 0 0 0 0 0 3.21518e-05 0.000410758
0.497818 6.3987e-06 9.45272e-05 0 0 0 0 0 0 6.3987e-06 9.45272e-05
0.498176 -2.47083e-05 -0.000431055 0 0 0 0 0 0 -2.47083e-05 -0.000431055
0.498533 -5.55938e-05 -0.00118577 0 0 0 0 0 0 -5.55938e-05 -0.00118577
0.498891 -7.71565e-05 -0.00213532 0 0 0 0 0 0 -7.71565e-05 -0.00213532
0.499249 -7.83766e-05 -0.00315097 0 0 0 0 0 0 -7.83766e-05 -0.00315097
0.499606 -5.20063e-05 -0.00398938 0 0 0 0 0 0 -5.20063e-05 -0.00398938
0.499964 -3.35527e-06 -0.00436002 0 0 0 0 0 0 -3.35527e-06 -0.00436002
0.500321 4.74769e-05 -0.00410617 0 0 0 0 0 0 4.74769e-05 -0.00410617
0.500679 7.86435e-05 -0.00333659 0 0 0 0 0 0 7.86435e-05 -0.00333659
0.501037 8.1758e-05 -0.00233228 0 0 0 0 0 0 8.1758e-05 -0.00233228
0.501394 6.24344e-05 -0.00135577 0 0 0 0 0 0 6.24344e-05 -0.00135577
0.501752 3.16921e-05 -0.000558544 0 0 0 0 0 0 3.16921e-05 -0.000558544
0.50211 -6.6988e-07 9.94229e-06 0 0 0 0 0 0 -6.6988e-07 9.94229e-06
0.502467 -2.83346e-05 0.000362105 0 0 0 0 0 0 -2.83346e-05 0.000362105
0.502825 -4.82864e-05 0.000538408 0 0 0 0 0 0 -4.82864e-05 0.000538408
0.503182 -5.9876e-05 0.000586696 0 0 0 0 0 0 -5.9876e-05 0.000586696
0.50354 -6.38929e-05 0.000551633 0 0 0 0 0 0 -6.38929e-05 0.000551633
0.503898 -6.18624e-05 0.000470198 0 0 0 0 0 0 -6.18624e-05 0.000470198
0.504255 -5.55772e-05 0.000370435 0 0 0 0 0 0 -5.55772e-05 0.000370435
0.504613 -4.68049e-05 0.00027178 0 0 0 0 0 0 -4.68049e-05 0.00027178
0.504971 -3.71119e-05 0.000186075 0 0 0 0 0 0 -3.71119e-05 0.000186075
0.505328 -2.7756e-05 0.000118886 0 0 0 0 0 0 -2.7756e-05 0.000118886
0.505686 -1.96188e-05 7.09563e-05 0 0 0 0 0 0 -1.96188e-05 7.09563e-05
0.506043 -1.31731e-05 3.97836e-05 0 0 0 0 0 0 -1.31731e-05 3.97836e-05
0.506401 -8.49711e-06 2.12343e-05 0 0 0 0 0 0 -8.49711e-06 2.12343e-05
0.506759 -5.3596e-06 1.10124e-05 0 0 0 0 0 0 -5.3596e-06 1.10124e-05
0.507116 -3.37286e-06 5.66735e-06 0 0 0 0 0 0 -3.37286e-06 5.66735e-06
0.507474 -2.1518e-06 2.93185e-06 0 0 0 0 0 0 -2.1518e-06 2.93185e-06
0.507832 -1.40399e-06 1.52561e-06 0 0 0 0 0 0 -1.40399e-06 1.52561e-06
0.508189 -9.39567e-07 7.89162e-07 0 0 0 0 0 0 -9.39567e-07 7.89162e-07
0.508547 -6.44616e-07 3.94989e-07 0 0 0 0 0 0 -6.44616e-07 3.94989e-07
0.508904 -4.5254e-07 1.80204e-07 0 0 0 0 0 0 -4.5254e-07 1.80204e-07
0.509262 -3.24335e-07 6.20668e-08 0 0 0 0 0 0 -3.24335e-07 6.20668e-08
0.50962 -2.36763e-07 -2.67337e-09 0 0 0 0 0 0 -2.36763e-07 -2.67337e-09
0.509977 -1.75683e-07 -3.7305e-08 0 0 0 0 0 0 -1.75683e-07 -3.7305e-08
0.510335 -1.3227e-07 -5.47192e-08 0 0 0 0 0 0 -1.3227e-07 -5.47192e-08
0.510693 -1.00895e-07 -6.22315e-08 0 0 0 0 0 0 -1.00895e-07 -6.22315e-08
0.51105 -7.78772e-08 -6.40735e-08 0 0 0 0 0 0 -7.78772e-08 -6.40735e-08
0.511408 -6.0766e-08 -6.27369e-08 0 0 0 0 0 0 -6.0766e-08 -6.27369e-08
0.511765 -4.78902e-08 -5.96961e-08 0 0 0 0 0 0 -4.78902e-08 -5.96961e-08
0.512123 -3.80967e-08 -5.58325e-08 0 0 0 0 0 0 -3.80967e-08 -5.58325e-08
0.512481 -3.05697e-08 -5.16611e-08 0 0 0 0 0 0 -3.05697e-08 -5.16611e-08
0.512838 -2.47308e-08 -4.74844e-08 0 0 0 0 0 0 -2.47308e-08 -4.74844e-08
0.513196 -2.01588e-08 -4.34649e-08 0 0 0 0 0 0 -2.01588e-08 -4.34649e-08
0.513554 -1.65493e-08 -3.96919e-08 0 0 0 0 0 0 -1.65493e-08 -3.96919e-08
0.513911 -1.36753e-08 -3.61992e-08 0 0 0 0 0 0 -1.36753e-08 -3.61992e-08
0.514269 -1.13709e-08 -3.30002e-08 0 0 0 0 0 0 -1.13709e-08 -3.30002e-08
0.514627 -9.50885e-09 -3.00848e-08 0 0 0 0 0 0 -9.50885e-09 -3.00848e-08
0.514984 -7.99537e-09 -2.74422e-08 0 0 0 0 0 0 -7.99537e-09 -2.74422e-08
0.515342 -6.75661e-09 -2.50491e-08 0 0 0 0 0 0 -6.75661e-09 -2.50491e-08
0.515699 -5.7377e-09 -2.28887e-08 0 0 0 0 0 0 -5.7377e-09 -2.28887e-08
0.516057 -4.89418e-09 -2.09361e-08 0 0 0 0 0 0 -4.89418e-09 -2.09361e-08
0.516415 -4.19305e-09 -1.91751e-08 0 0 0 0 0 0 -4.19305e-09 -1.91751e-08
0.516772 -3.60666e-09 -1.75829e-08 0 0 0 0 0 0 -3.60666e-09 -1.75829e-08
0.51713 -3.11466e-09 -1.6146e-08 0 0 0 0 0 0 -3.11466e-09 -1.6146e-08
0.517488 -2.69938e-09 -1.48445e-08 0 0 0 0 0 0 -2.69938e-09 -1.48445e-08
0.517845 -2.34802e-09 -1.36683e-08 0 0 0 0 0 0 -2.34802e-09 -1.36683e-08
0.518203 -2.04894e-09 -1.26004e-08 0 0 0 0 0 0 -2.04894e-09 -1.26004e-08
0.51856 -1.79397e-09 -1.16333e-08 0 0 0 0 0 0 -1.79397e-09 -1.16333e-08
0.518918 -1.57528e-09 -1.07529e-08 0 0 0 0 0 0 -1.57528e-09 -1.07529e-08
0.519276 -1.38756e-09 -9.95386e-09 0 0 0 0 0 0 -1.38756e-09 -9.95386e-09
0.519633 -1.22539e-09 -9.22417e-09 0 0 0 0 0 0 -1.22539e-09 -9.22417e-09
0.519991 -1.08533e-09 -8.56055e-09 0 0 0 0 0 0 -1.08533e-09 -8.56055e-09
0.520349 -9.6354e-10 -7.95259e-09 0 0 0 0 0 0 -9.6354e-10 -7.95259e-09
0.520706 -8.57753e-10 -7.39851e-09 0 0 0 0 0 0 -8.57753e-10 -7.39851e-09
0.521064 -7.65199e-10 -6.88926e-09 0 0 0 0 0 0 -7.65199e-10 -6.88926e-09
0.521421 -6.84394e-10 -6.42423e-09 0 0 0 0 0 0 -6.84394e-10 -6.42423e-09
0.521779 -6.13288e-10 -5.99543e-09 0 0 0 0 0 0 -6.13288e-10 -5.99543e-09
0.522137 -5.50919e-10 -5.60315e-09 0 0 0 0 0 0 -5.50919e-10 -5.60315e-09
0.522494 -4.95736e-10 -5.24023e-09 0 0 0 0 0 0 -4.95736e-10 -5.24023e-09
0.522852 -4.4713e-10 -4.90769e-09 0 0 0 0 0 0 -4.4713e-10 -4.90769e-09
0.52321 -4.03899e-10 -4.59903e-09 0 0 0 0 0 0 -4.03899e-10 -4.59903e-09
0.523567 -3.65675e-10 -4.31581e-09 0 0 0 0 0 0 -3.65675e-10 -4.31581e-09
0.523925 -3.3151e-10 -4.05205e-09 0 0 0 0 0 0 -3.3151e-10 -4.05205e-09
0.524282 -3.01198e-10 -3.80973e-09 0 0 0 0 0 0 -3.01198e-10 -3.80973e-09
0.52464 -2.73975e-10 -3.58331e-09 0 0 0 0 0 0 -2.73975e-10 -3.58331e-09
0.524998 -2.49748e-10 -3.37511e-09 0 0 0 0 0 0 -2.49748e-10 -3.37511e-09
0.525355 -2.27889e-10 -3.1799e-09 0 0 0 0 0 0 -2.27889e-10 -3.1799e-09
0.525713 -2.08382e-10 -3.00027e-09 0 0 0 0 0 0 -2.08382e-10 -3.00027e-09
0.526071 -1.90703e-10 -2.83127e-09 0 0 0 0 0 0 -1.90703e-10 -2.83127e-09
0.526428 -1.74889e-10 -2.67568e-09 0 0 0 0 0 0 -1.74889e-10 -2.67568e-09
0.526786 -1.60493e-10 -2.5288e-09 0 0 0 0 0 0 -1.60493e-10 -2.5288e-09
0.527143 -1.47588e-10 -2.39354e-09 0 0 0 0 0 0 -1.47588e-10 -2.39354e-09
0.527501 -1.35791e-10 -2.26539e-09 0 0 0 0 0 0 -1.35791e-10 -2.26539e-09
0.527859 -1.25196e-10 -2.14739e-09 0 0 0 0 0 0 -1.25196e-10 -2.14739e-09
0.528216 -1.15469e-10 -2.03517e-09 0 0 0 0 0 0 -1.15469e-10 -2.03517e-09
0.528574 -1.06721e-10 -1.93188e-09 0 0 0 0 0 0 -1.06721e-10 -1.93188e-09
0.528932 -9.86551e-11 -1.83328e-09 0 0 0 0 0 0 -9.86551e-11 -1.83328e-09
0.529289 -9.13928e-11 -1.74258e-09 0 0 0 0 0 0 -9.13928e-11 -1.74258e-09
0.529647 -8.46676e-11 -1.65565e-09 0 0 0 0 0 0 -8.46676e-11 -1.65565e-09
0.530005 -7.86075e-11 -1.57577e-09 0 0 0 0 0 0 -7.86075e-11 -1.57577e-09
0.530362 -7.29714e-11 -1.49888e-09 0 0 0 0 0 0 -7.29714e-11 -1.49888e-09
0.53072 -6.78901e-11 -1.42832e-09 0 0 0 0 0 0 -6.78901e-11 -1.42832e-09
0.531077 -6.31436e-11 -1.36012e-09 0 0 0 0 0 0 -6.31436e-11 -1.36012e-09
0.531435 -5.88633e-11 -1.29763e-09 0 0 0 0 0 0 -5.88633e-11 -1.29763e-09
0.531793 -5.48472e-11 -1.23694e-09 0 0 0 0 0 0 -5.48472e-11 -1.23694e-09
0.53215 -5.12261e-11 -1.18145e-09 0 0 0 0 0 0 -5.12261e-11 -1.18145e-09
0.532508 -4.78129e-11 -1.1273e-09 0 0 0 0 0 0 -4.78129e-11 -1.1273e-09
0.532866 -4.47368e-11 -1.07791e-09 0 0 0 0 0 0 -4.47368e-11 -1.07791e-09
0.533223 -4.18237e-11 -1.02946e-09 0 0 0 0 0 0 -4.18237e-11 -1.02946e-09
0.533581 -3.92003e-11 -9.8539e-10 0 0 0 0 0 0 -3.92003e-11 -9.8539e-10
0.533938 -3.6704e-11 -9.41937e-10 0 0 0 0 0 0 -3.6704e-11 -9.41937e-10
0.534296 -3.44584e-11 -9.02525e-10 0 0 0 0 0 0 -3.44584e-11 -9.02525e-10
0.534654 -3.23108e-11 -8.63448e-10 0 0 0 0 0 0 -3.23108e-11 -8.63448e-10
0.535011 -3.03818e-11 -8.28132e-10 0 0 0 0 0 0 -3.03818e-11 -8.28132e-10
0.535369 -2.85275e-11 -7.92905e-10 0 0 0 0 0 0 -2.85275e-11 -7.92905e-10
0.535727 -2.6865e-11 -7.61195e-10 0 0 0 0 0 0 -2.6865e-11 -7.61195e-10
0.536084 -2.52581e-11 -7.29364e-10 0 0 0 0 0 0 -2.52581e-11 -7.29364e-10
0.536442 -2.38206e-11 -7.00838e-10 0 0 0 0 0 0 -2.38206e-11 -7.00838e-10
0.536799 -2.24234e-11 -6.7201e-10 0 0 0 0 0 0 -2.24234e-11 -6.7201e-10
0.537157 -2.11767e-11 -6.46303e-10 0 0 0 0 0 0 -2.11767e-11 -6.46303e-10
0.537515 -1.99578e-11 -6.20137e-10 0 0 0 0 0 0 -1.99578e-11 -6.20137e-10
0.537872 -1.88736e-11 -5.9693e-10 0 0 0 0 0 0 -1.88736e-11 -5.9693e-10
0.53823 -1.78069e-11 -5.73129e-10 0 0 0 0 0 0 -1.78069e-11 -5.73129e-10
0.538588 -1.68613e-11 -5.52146e-10 0 0 0 0 0 0 -1.68613e-11 -5.52146e-10
0.538945 -1.59249e-11 -5.30451e-10 0 0 0 0 0 0 -1.59249e-11 -5.30451e-10
0.539303 -1.50981e-11 -5.11449e-10 0 0 0 0 0 0 -1.50981e-11 -5.11449e-10
0.53966 -1.42738e-11 -4.91634e-10 0 0 0 0 0 0 -1.42738e-11 -4.91634e-10
0.540018 -1.3549e-11 -4.74403e-10 0 0 0 0 0 0 -1.3549e-11 -4.74403e-10
0.540376 -1.28212e-11 -4.56268e-10 0 0 0 0 0 0 -1.28212e-11 -4.56268e-10
0.540733 -1.21845e-11 -4.40621e-10 0 0 0 0 0 0 -1.21845e-11 -4.40621e-10
0.541091 -1.15402e-11 -4.23993e-10 0 0 0 0 0 0 -1.15402e-11 -4.23993e-10
0.541449 -1.09794e-11 -4.09766e-10 0 0 0 0 0 0 -1.09794e-11 -4.09766e-10
0.541806 -1.04075e-11 -3.94491e-10 0 0 0 0 0 0 -1.04075e-11 -3.94491e-10
0.542164 -9.91269e-12 -3.8154e-10 0 0 0 0 0 0 -9.91269e-12 -3.8154e-10
0.542521 -9.40377e-12 -3.67482e-10 0 0 0 0 0 0 -9.40377e-12 -3.67482e-10
0.542879 -8.96621e-12 -3.55679e-10 0 0 0 0 0 0 -8.96621e-12 -3.55679e-10
0.543237 -8.5122e-12 -3.42718e-10 0 0 0 0 0 0 -8.5122e-12 -3.42718e-10
0.543594 -8.12455e-12 -3.31951e-10 0 0 0 0 0 0 -8.12455e-12 -3.31951e-10
0.543952 -7.71855e-12 -3.1998e-10 0 0 0 0 0 0 -7.71855e-12 -3.1998e-10
0.54431 -7.37449e-12 -3.10148e-10 0 0 0 0 0 0 -7.37449e-12 -3.10148e-10
0.544667 -7.01058e-12 -2.99073e-10 0 0 0 0 0 0 -7.01058e-12 -2.99073e-10
0.545025 -6.70468e-12 -2.90087e-10 0 0 0 0 0 0 -6.70468e-12 -2.90087e-10
0.545382 -6.37776e-12 -2.79824e-10 0 0 0 0 0 0 -6.37776e-12 -2.79824e-10
0.54574 -6.10535e-12 -2.71604e-10 0 0 0 0 0 0 -6.10535e-12 -2.71604e-10
0.546098 -5.81101e-12 -2.62077e-10 0 0 0 0 0 0 -5.81101e-12 -2.62077e-10
0.546455 -5.56805e-12 -2.54553e-10 0 0 0 0 0 0 -5.56805e-12 -2.54553e-10
0.546813 -5.30248e-12 -2.45695e-10 0 0 0 0 0 0 -5.30248e-12 -2.45695e-10
0.547171 -5.08547e-12 -2.38803e-10 0 0 0 0 0 0 -5.08547e-12 -2.38803e-10
0.547528 -4.84536e-12 -2.30555e-10 0 0 0 0 0 0 -4.84536e-12 -2.30555e-10
0.547886 -4.65126e-12 -2.24238e-10 0 0 0 0 0 0 -4.65126e-12 -2.24238e-10
0.548244 -4.43372e-12 -2.16545e-10 0 0 0 0 0 0 -4.43372e-12 -2.16545e-10
0.548601 -4.2599e-12 -2.10752e-10 0 0 0 0 0 0 -4.2599e-12 -2.10752e-10
0.548959 -4.06242e-12 -2.03566e-10 0 0 0 0 0 0 -4.06242e-12 -2.03566e-10
0.549316 -3.90657e-12 -1.98252e-10 0 0 0 0 0 0 -3.90657e-12 -1.98252e-10
0.549674 -3.72696e-12 -1.91529e-10 0 0 0 0 0 0 -3.72696e-12 -1.91529e-10
0.550032 -3.58706e-12 -1.86653e-10 0 0 0 0 0 0 -3.58706e-12 -1.86653e-10
0.550389 -3.4234e-12 -1.80354e-10 0 0 0 0 0 0 -3.4234e-12 -1.80354e-10
0.550747 -3.29769e-12 -1.75877e-10 0 0 0 0 0 0 -3.29769e-12 -1.75877e-10
0.551105 -3.14829e-12 -1.69968e-10 0 0 0 0 0 0 -3.14829e-12 -1.69968e-10
0.551462 -3.03522e-12 -1.65858e-10 0 0 0 0 0 0 -3.03522e-12 -1.65858e-10
0.55182 -2.89859e-12 -1.60305e-10 0 0 0 0 0 0 -2.89859e-12 -1.60305e-10
0.552177 -2.7968e-12 -1.56531e-10 0 0 0 0 0 0 -2.7968e-12 -1.56531e-10
0.552535 -2.67163e-12 -1.51306e-10 0 0 0 0 0 0 -2.67163e-12 -1.51306e-10
0.552893 -2.57993e-12 -1.4784e-10 0 0 0 0 0 0 -2.57993e-12 -1.4784e-10
0.55325 -2.46505e-12 -1.42917e-10 0 0 0 0 0 0 -2.46505e-12 -1.42917e-10
0.553608 -2.38238e-12 -1.39735e-10 0 0 0 0 0 0 -2.38238e-12 -1.39735e-10
0.553966 -2.27678e-12 -1.3509e-10 0 0 0 0 0 0 -2.27678e-12 -1.3509e-10
0.554323 -2.2022e-12 -1.32169e-10 0 0 0 0 0 0 -2.2022e-12 -1.32169e-10
0.554681 -2.10497e-12 -1.2778e-10 0 0 0 0 0 0 -2.10497e-12 -1.2778e-10
0.555038 -2.03764e-12 -1.251e-10 0 0 0 0 0 0 -2.03764e-12 -1.251e-10
0.555396 -1.94798e-12 -1.20947e-10 0 0 0 0 0 0 -1.94798e-12 -1.20947e-10
0.555754 -1.88718e-12 -1.18489e-10 0 0 0 0 0 0 -1.88718e-12 -1.18489e-10
0.556111 -1.80436e-12 -1.14555e-10 0 0 0 0 0 0 -1.80436e-12 -1.14555e-10
0.556469 -1.74943e-12 -1.12302e-10 0 0 0 0 0 0 -1.74943e-12 -1.12302e-10
0.556827 -1.67282e-12 -1.0857e-10 0 0 0 0 0 0 -1.67282e-12 -1.0857e-10
0.557184 -1.62318e-12 -1.06506e-10 0 0 0 0 0 0 -1.62318e-12 -1.06506e-10
0.557542 -1.5522e-12 -1.02961e-10 0 0 0 0 0 0 -1.5522e-12 -1.02961e-10
0.557899 -1.50733e-12 -1.01072e-10 0 0 0 0 0 0 -1.50733e-12 -1.01072e-10
0.558257 -1.44147e-12 -9.77009e-11 0 0 0 0 0 0 -1.44147e-12 -9.77009e-11
0.558615 -1.40091e-12 -9.59736e-11 0 0 0 0 0 0 -1.40091e-12 -9.59736e-11
0.558972 -1.33972e-12 -9.2764e-11 0 0 0 0 0 0 -1.33972e-12 -9.2764e-11
0.55933 -1.30305e-12 -9.11866e-11 0 0 0 0 0 0 -1.30305e-12 -9.11866e-11
0.559688 -1.24611e-12 -8.81268e-11 0 0 0 0 0 0 -1.24611e-12 -8.81268e-11
0.560045 -1.21297e-12 -8.66884e-11 0 0 0 0 0 0 -1.21297e-12 -8.66884e-11
0.560403 -1.15991e-12 -8.37679e-11 0 0 0 0 0 0 -1.15991e-12 -8.37679e-11
0.56076 -1.12996e-12 -8.24586e-11 0 0 0 0 0 0 -1.12996e-12 -8.24586e-11
0.561118 -1.08046e-12 -7.96677e-11 0 0 0 0 0 0 -1.08046e-12 -7.96677e-11
0.561476 -1.0534e-12 -7.84782e-11 0 0 0 0 0 0 -1.0534e-12 -7.84782e-11
0.561833 -1.00715e-12 -7.58082e-11 0 0 0 0 0 0 -1.00715e-12 -7.58082e-11
0.562191 -9.82709e-13 -7.473e-11 0 0 0 0 0 0 -9.82709e-13 -7.473e-11
0.562549 -9.39447e-13 -7.21727e-11 0 0 0 0 0 0 -9.39447e-13 -7.21727e-11
0.562906 -9.17389e-13 -7.1198e-11 0 0 0 0 0 0 -9.17389e-13 -7.1198e-11
0.563264 -8.76869e-13 -6.87459e-11 0 0 0 0 0 0 -8.76869e-13 -6.87459e-11
0.563622 -8.56974e-13 -6.78676e-11 0 0 0 0 0 0 -8.56974e-13 -6.78676e-11
0.563979 -8.18974e-13 -6.55137e-11 0 0 0 0 0 0 -8.18974e-13 -6.55137e-11
0.564337 -8.01047e-13 -6.47252e-11 0 0 0 0 0 0 -8.01047e-13 -6.47252e-11
0.564694 -7.65366e-13 -6.24631e-11 0 0 0 0 0 0 -7.65366e-13 -6.24631e-11
0.565052 -7.49229e-13 -6.17582e-11 0 0 0 0 0 0 -7.49229e-13 -6.17582e-11
0.56541 -7.15688e-13 -5.95822e-11 0 0 0 0 0 0 -7.15688e-13 -5.95822e-11
0.565767 -7.01181e-13 -5.89553e-11 0 0 0 0 0 0 -7.01181e-13 -5.89553e-11
0.566125 -6.69614e-13 -5.68597e-11 0 0 0 0 0 0 -6.69614e-13 -5.68597e-11
0.566483 -6.5659e-13 -5.63056e-11 0 0 0 0 0 0 -6.5659e-13 -5.63056e-11
0.56684 -6.26848e-13 -5.42856e-11 0 0 0 0 0 0 -6.26848e-13 -5.42856e-11
0.567198 -6.15178e-13 -5.37994e-11 0 0 0 0 0 0 -6.15178e-13 -5.37994e-11
0.567555 -5.87124e-13 -5.18502e-11 0 0 0 0 0 0 -5.87124e-13 -5.18502e-11
0.567913 -5.76687e-13 -5.14275e-11 0 0 0 0 0 0 -5.76687e-13 -5.14275e-11
0.568271 -5.50197e-13 -4.95449e-11 0 0 0 0 0 0 -5.50197e-13 -4.95449e-11
0.568628 -5.40885e-13 -4.91814e-11 0 0 0 0 0 0 -5.40885e-13 -4.91814e-11
0.568986 -5.15846e-13 -4.73613e-11 0 0 0 0 0 0 -5.15846e-13 -4.73613e-11
0.569344 -5.0756e-13 -4.70534e-11 0 0 0 0 0 0 -5.0756e-13 -4.70534e-11
0.569701 -4.83869e-13 -4.52921e-11 0 0 0 0 0 0 -4.83869e-13 -4.52921e-11
0.570059 -4.7652e-13 -4.5036e-11 0 0 0 0 0 0 -4.7652e-13 -4.5036e-11
0.570416 -4.54081e-13 -4.333e-11 0 0 0 0 0 0 -4.54081e-13 -4.333e-11
0.570774 -4.47586e-13 -4.31225e-11 0 0 0 0 0 0 -4.47586e-13 -4.31225e-11
0.571132 -4.26313e-13 -4.14687e-11 0 0 0 0 0 0 -4.26313e-13 -4.14687e-11
0.571489 -4.206e-13 -4.13067e-11 0 0 0 0 0 0 -4.206e-13 -4.13067e-11
0.571847 -4.00413e-13 -3.9702e-11 0 0 0 0 0 0 -4.00413e-13 -3.9702e-11
0.572205 -3.95412e-13 -3.95826e-11 0 0 0 0 0 0 -3.95412e-13 -3.95826e-11
0.572562 -3.76239e-13 -3.80244e-11 0 0 0 0 0 0 -3.76239e-13 -3.80244e-11
0.57292 -3.71889e-13 -3.79449e-11 0 0 0 0 0 0 -3.71889e-13 -3.79449e-11
0.573277 -3.53662e-13 -3.64304e-11 0 0 0 0 0 0 -3.53662e-13 -3.64304e-11
0.573635 -3.49907e-13 -3.63884e-11 0 0 0 0 0 0 -3.49907e-13 -3.63884e-11
0.573993 -3.32564e-13 -3.49153e-11 0 0 0 0 0 0 -3.32564e-13 -3.49153e-11
0.57435 -3.29353e-13 -3.49084e-11 0 0 0 0 0 0 -3.29353e-13 -3.49084e-11
0.574708 -3.12838e-13 -3.34745e-11 0 0 0 0 0 0 -3.12838e-13 -3.34745e-11
0.575066 -3.10122e-13 -3.35005e-11 0 0 0 0 0 0 -3.10122e-13 -3.35005e-11
0.575423 -2.94383e-13 -3.21036e-11 0 0 0 0 0 0 -2.94383e-13 -3.21036e-11
0.575781 -2.92119e-13 -3.21605e-11 0 0 0 0 0 0 -2.92119e-13 -3.21605e-11
0.576138 -2.77107e-13 -3.07987e-11 0 0 0 0 0 0 -2.77107e-13 -3.07987e-11
0.576496 -2.75256e-13 -3.08847e-11 0 0 0 0 0 0 -2.75256e-13 -3.08847e-11
0.576854 -2.60928e-13 -2.95561e-11 0 0 0 0 0 0 -2.60928e-13 -2.95561e-11
0.577211 -2.59453e-13 -2.96693e-11 0 0 0 0 0 0 -2.59453e-13 -2.96693e-11
0.577569 -2.45766e-13 -2.83723e-11 0 0 0 0 0 0 -2.45766e-13 -2.83723e-11
0.577927 -2.44635e-13 -2.85111e-11 0 0 0 0 0 0 -2.44635e-13 -2.85111e-11
0.578284 -2.31552e-13 -2.7244e-11 0 0 0 0 0 0 -2.31552e-13 -2.7244e-11
0.578642 -2.30733e-13 -2.74069e-11 0 0 0 0 0 0 -2.30733e-13 -2.74069e-11
0.579 -2.1822e-13 -2.61681e-11 0 0 0 0 0 0 -2.1822e-13 -2.61681e-11
0.579357 -2.17685e-13 -2.63536e-11 0 0 0 0 0 0 -2.17685e-13 -2.63536e-11
0.579715 -2.05708e-13 -2.51419e-11 0 0 0 0 0 0 -2.05708e-13 -2.51419e-11
0.580072 -2.05431e-13 -2.53487e-11 0 0 0 0 0 0 -2.05431e-13 -2.53487e-11
0.58043 -1.9396e-13 -2.41627e-11 0 0 0 0 0 0 -1.9396e-13 -2.41627e-11
0.580788 -1.93918e-13 -2.43893e-11 0 0 0 0 0 0 -1.93918e-13 -2.43893e-11
0.581145 -1.82926e-13 -2.32278e-11 0 0 0 0 0 0 -1.82926e-13 -2.32278e-11
0.581503 -1.83097e-13 -2.34733e-11 0 0 0 0 0 0 -1.83097e-13 -2.34733e-11
0.581861 -1.72556e-13 -2.2335e-11 0 0 0 0 0 0 -1.72556e-13 -2.2335e-11
0.582218 -1.7292e-13 -2.25981e-11 0 0 0 0 0 0 -1.7292e-13 -2.25981e-11
0.582576 -1.62807e-13 -2.14821e-11 0 0 0 0 0 0 -1.62807e-13 -2.14821e-11
0.582933 -1.63346e-13 -2.17617e-11 0 0 0 0 0 0 -1.63346e-13 -2.17617e-11
0.583291 -1.53638e-13 -2.06669e-11 0 0 0 0 0 0 -1.53638e-13 -2.06669e-11
0.583649 -1.54334e-13 -2.09622e-11 0 0 0 0 0 0 -1.54334e-13 -2.09622e-11
0.584006 -1.45011e-13 -1.98876e-11 0 0 0 0 0 0 -1.45011e-13 -1.98876e-11
0.584364 -1.45848e-13 -2.01975e-11 0 0 0 0 0 0 -1.45848e-13 -2.01975e-11
0.584722 -1.36891e-13 -1.91422e-11 0 0 0 0 0 0 -1.36891e-13 -1.91422e-11
0.585079 -1.37855e-13 -1.94658e-11 0 0 0 0 0 0 -1.37855e-13 -1.94658e-11
0.585437 -1.29244e-13 -1.84291e-11 0 0 0 0 0 0 -1.29244e-13 -1.84291e-11
0.585794 -1.30322e-13 -1.87656e-11 0 0 0 0 0 0 -1.30322e-13 -1.87656e-11
0.586152 -1.22041e-13 -1.77466e-11 0 0 0 0 0 0 -1.22041e-13 -1.77466e-11
0.58651 -1.2322e-13 -1.80953e-11 0 0 0 0 0 0 -1.2322e-13 -1.80953e-11
0.586867 -1.15253e-13 -1.70931e-11 0 0 0 0 0 0 -1.15253e-13 -1.70931e-11
0.587225 -1.16523e-13 -1.74533e-11 0 0 0 0 0 0 -1.16523e-13 -1.74533e-11
0.587583 -1.08855e-13 -1.64673e-11 0 0 0 0 0 0 -1.08855e-13 -1.64673e-11
0.58794 -1.10204e-13 -1.68382e-11 0 0 0 0 0 0 -1.10204e-13 -1.68382e-11
0.588298 -1.02821e-13 -1.58678e-11 0 0 0 0 0 0 -1.02821e-13 -1.58678e-11
0.588655 -1.0424e-13 -1.62487e-11 0 0 0 0 0 0 -1.0424e-13 -1.62487e-11
0.589013 -9.7129e-14 -1.52932e-11 0 0 0 0 0 0 -9.7129e-14 -1.52932e-11
0.589371 -9.86089e-14 -1.56836e-11 0 0 0 0 0 0 -9.86089e-14 -1.56836e-11
0.589728 -9.17583e-14 -1.47424e-11 0 0 0 0 0 0 -9.17583e-14 -1.47424e-11
0.590086 -9.32909e-14 -1.51417e-11 0 0 0 0 0 0 -9.32909e-14 -1.51417e-11
0.590444 -8.66889e-14 -1.42143e-11 0 0 0 0 0 0 -8.66889e-14 -1.42143e-11
0.590801 -8.82666e-14 -1.46218e-11 0 0 0 0 0 0 -8.82666e-14 -1.46218e-11
0.591159 -8.19024e-14 -1.37076e-11 0 0 0 0 0 0 -8.19024e-14 -1.37076e-11
0.591516 -8.35183e-14 -1.4123e-11 0 0 0 0 0 0 -8.35183e-14 -1.4123e-11
0.591874 -7.73819e-14 -1.32215e-11 0 0 0 0 0 0 -7.73819e-14 -1.32215e-11
0.592232 -7.90293e-14 -1.36442e-11 0 0 0 0 0 0 -7.90293e-14 -1.36442e-11
0.592589 -7.31113e-14 -1.2755e-11 0 0 0 0 0 0 -7.31113e-14 -1.2755e-11
0.592947 -7.47844e-14 -1.31845e-11 0 0 0 0 0 0 -7.47844e-14 -1.31845e-11
0.593305 -6.90758e-14 -1.23071e-11 0 0 0 0 0 0 -6.90758e-14 -1.23071e-11
0.593662 -7.07688e-14 -1.27429e-11 0 0 0 0 0 0 -7.07688e-14 -1.27429e-11
0.59402 -6.52613e-14 -1.18769e-11 0 0 0 0 0 0 -6.52613e-14 -1.18769e-11
0.594378 -6.69692e-14 -1.23188e-11 0 0 0 0 0 0 -6.69692e-14 -1.23188e-11
0.594735 -6.16549e-14 -1.14637e-11 0 0 0 0 0 0 -6.16549e-14 -1.14637e-11
0.595093 -6.3373e-14 -1.19111e-11 0 0 0 0 0 0 -6.3373e-14 -1.19111e-11
0.59545 -5.82443e-14 -1.10667e-11 0 0 0 0 0 0 -5.82443e-14 -1.10667e-11
0.595808 -5.99682e-14 -1.15193e-11 0 0 0 0 0 0 -5.99682e-14 -1.15193e-11
0.596166 -5.50182e-14 -1.06851e-11 0 0 0 0 0 0 -5.50182e-14 -1.06851e-11
0.596523 -5.67439e-14 -1.11425e-11 0 0 0 0 0 0 -5.67439e-14 -1.11425e-11
0.596881 -5.19661e-14 -1.03182e-11 0 0 0 0 0 0 -5.19661e-14 -1.03182e-11
0.597239 -5.36898e-14 -1.07802e-11 0 0 0 0 0 0 -5.36898e-14 -1.07802e-11
0.597596 -4.90778e-14 -9.96548e-12 0 0 0 0 0 0 -4.90778e-14 -9.96548e-12
0.597954 -5.07961e-14 -1.04316e-11 0 0 0 0 0 0 -5.07961e-14 -1.04316e-11
0.598311 -4.63441e-14 -9.62617e-12 0 0 0 0 0 0 -4.63441e-14 -9.62617e-12
0.598669 -4.80538e-14 -1.00962e-11 0 0 0 0 0 0 -4.80538e-14 -1.00962e-11
0.599027 -4.3756e-14 -9.29972e-12 0 0 0 0 0 0 -4.3756e-14 -9.29972e-12
0.599384 -4.54543e-14 -9.77332e-12 0 0 0 0 0 0 -4.54543e-14 -9.77332e-12
