0 4.15216e-15 2.46616e-16 0 0 0 0 0 0 4.15216e-15 2.46616e-16
0.0038147 -4.00991e-15 -2.44089e-16 0 0 0 0 0 0 -4.00991e-15 -2.44089e-16
0.00762939 4.44623e-15 2.67641e-16 0 0 0 0 0 0 4.44623e-15 2.67641e-16
0.0114441 -4.2779e-15 -2.63699e-16 0 0 0 0 0 0 -4.2779e-15 -2.63699e-16
0.0152588 4.76603e-15 2.90805e-16 0 0 0 0 0 0 4.76603e-15 2.90805e-16
0.0190735 -4.56689e-15 -2.85133e-16 0 0 0 0 0 0 -4.56689e-15 -2.85133e-16
0.0228882 5.11429e-15 3.16363e-16 0 0 0 0 0 0 5.11429e-15 3.16363e-16
0.0267029 -4.87869e-15 -3.08581e-16 0 0 0 0 0 0 -4.87869e-15 -3.08581e-16
0.0305176 5.4941e-15 3.44611e-16 0 0 0 0 0 0 5.4941e-15 3.44611e-16
0.0343323 -5.2153e-15 -3.34252e-16 0 0 0 0 0 0 -5.2153e-15 -3.34252e-16
0.038147 5.90892e-15 3.75882e-16 0 0 0 0 0 0 5.90892e-15 3.75882e-16
0.0419617 -5.5789e-15 -3.62382e-16 0 0 0 0 0 0 -5.5789e-15 -3.62382e-16
0.0457764 6.36272e-15 4.10561e-16 0 0 0 0 0 0 6.36272e-15 4.10561e-16
0.0495911 -5.97185e-15 -3.93228e-16 0 0 0 0 0 0 -5.97185e-15 -3.93228e-16
0.0534058 6.85997e-15 4.49089e-16 0 0 0 0 0 0 6.85997e-15 4.49089e-16
0.0572205 -6.39669e-15 -4.2708e-16 0 0 0 0 0 0 -6.39669e-15 -4.2708e-16
0.0610352 7.40578e-15 4.91978e-16 0 0 0 0 0 0 7.40578e-15 4.91978e-16
0.0648499 -6.85621e-15 -4.64255e-16 0 0 0 0 0 0 -6.85621e-15 -4.64255e-16
0.0686646 8.00598e-15 5.39815e-16 0 0 0 0 0 0 8.00598e-15 5.39815e-16
0.0724792 -7.35338e-15 -5.05109e-16 0 0 0 0 0 0 -7.35338e-15 -5.05109e-16
0.0762939 8.66727e-15 5.93286e-16 0 0 0 0 0 0 8.66727e-15 5.93286e-16
0.0801086 -7.89141e-15 -5.50029e-16 0 0 0 0 0 0 -7.89141e-15 -5.50029e-16
0.0839233 9.39735e-15 6.53186e-16 0 0 0 0 0 0 9.39735e-15 6.53186e-16
0.087738 -8.47372e-15 -5.99447e-16 0 0 0 0 0 0 -8.47372e-15 -5.99447e-16
0.0915527 1.02051e-14 7.20446e-16 0 0 0 0 0 0 1.02051e-14 7.20446e-16
0.0953674 -9.10393e-15 -6.53833e-16 0 0 0 0 0 0 -9.10393e-15 -6.53833e-16
0.0991821 1.11008e-14 7.96158e-16 0 0 0 0 0 0 1.11008e-14 7.96158e-16
0.102997 -9.78584e-15 -7.13703e-16 0 0 0 0 0 0 -9.78584e-15 -7.13703e-16
0.106812 1.20965e-14 8.81608e-16 0 0 0 0 0 0 1.20965e-14 8.81608e-16
0.110626 -1.05234e-14 -7.79615e-16 0 0 0 0 0 0 -1.05234e-14 -7.79615e-16
0.114441 1.32061e-14 9.78316e-16 0 0 0 0 0 0 1.32061e-14 9.78316e-16
0.118256 -1.13205e-14 -8.5217e-16 0 0 0 0 0 0 -1.13205e-14 -8.5217e-16
0.12207 1.4446e-14 1.08809e-15 0 0 0 0 0 0 1.4446e-14 1.08809e-15
0.125885 -1.21811e-14 -9.32006e-16 0 0 0 0 0 0 -1.21811e-14 -9.32006e-16
0.1297 1.58357e-14 1.21308e-15 0 0 0 0 0 0 1.58357e-14 1.21308e-15
0.133514 -1.3109e-14 -1.01979e-15 0 0 0 0 0 0 -1.3109e-14 -1.01979e-15
0.137329 1.7398e-14 1.35589e-15 0 0 0 0 0 0 1.7398e-14 1.35589e-15
0.141144 -1.41074e-14 -1.1162e-15 0 0 0 0 0 0 -1.41074e-14 -1.1162e-15
0.144958 1.91601e-14 1.51962e-15 0 0 0 0 0 0 1.91601e-14 1.51962e-15
0.148773 -1.51788e-14 -1.22191e-15 0 0 0 0 0 0 -1.51788e-14 -1.22191e-15
0.152588 2.11549e-14 1.70806e-15 0 0 0 0 0 0 2.11549e-14 1.70806e-15
0.156403 -1.63244e-14 -1.33752e-15 0 0 0 0 0 0 -1.63244e-14 -1.33752e-15
0.160217 2.34217e-14 1.92583e-15 0 0 0 0 0 0 2.34217e-14 1.92583e-15
0.164032 -1.75433e-14 -1.46353e-15 0 0 0 0 0 0 -1.75433e-14 -1.46353e-15
0.167847 2.60081e-14 2.1786e-15 0 0 0 0 0 0 2.60081e-14 2.1786e-15
0.171661 -1.88321e-14 -1.60026e-15 0 0 0 0 0 0 -1.88321e-14 -1.60026e-15
0.175476 2.89724e-14 2.47338e-15 0 0 0 0 0 0 2.89724e-14 2.47338e-15
0.179291 -2.01828e-14 -1.74765e-15 0 0 0 0 0 0 -2.01828e-14 -1.74765e-15
0.183105 3.2386e-14 2.8189e-15 0 0 0 0 0 0 3.2386e-14 2.8189e-15
0.18692 -2.15816e-14 -1.90513e-15 0 0 0 0 0 0 -2.15816e-14 -1.90513e-15
0.190735 3.63374e-14 3.22609e-15 0 0 0 0 0 0 3.63374e-14 3.22609e-15
0.19455 -2.30057e-14 -2.07131e-15 0 0 0 0 0 0 -2.30057e-14 -2.07131e-15
0.198364 4.09366e-14 3.70879e-15 0 0 0 0 0 0 4.09366e-14 3.70879e-15
0.202179 -2.44202e-14 -2.24355e-15 0 0 0 0 0 0 -2.44202e-14 -2.24355e-15
0.205994 4.63223e-14 4.28465e-15 0 0 0 0 0 0 4.63223e-14 4.28465e-15
0.209808 -2.57725e-14 -2.41735e-15 0 0 0 0 0 0 -2.57725e-14 -2.41735e-15
0.213623 5.26698e-14 4.97635e-15 0 0 0 0 0 0 5.26698e-14 4.97635e-15
0.217438 -2.69852e-14 -2.58546e-15 0 0 0 0 0 0 -2.69852e-14 -2.58546e-15
0.221252 6.02033e-14 5.81335e-15 0 0 0 0 0 0 6.02033e-14 5.81335e-15
0.225067 -2.79455e-14 -2.73651e-15 0 0 0 0 0 0 -2.79455e-14 -2.73651e-15
0.228882 6.92123e-14 6.83426e-15 0 0 0 0 0 0 6.92123e-14 6.83426e-15
0.232697 -2.84902e-14 -2.85307e-15 0 0 0 0 0 0 -2.84902e-14 -2.85307e-15
0.236511 8.00735e-14 8.09022e-15 0 0 0 0 0 0 8.00735e-14 8.09022e-15
0.240326 -2.83843e-14 -2.90873e-15 0 0 0 0 0 0 -2.83843e-14 -2.90873e-15
0.244141 9.32827e-14 9.6497e-15 0 0 0 0 0 0 9.32827e-14 9.6497e-15
0.247955 -2.72899e-14 -2.8637e-15 0 0 0 0 0 0 -2.72899e-14 -2.8637e-15
0.25177 1.09499e-13 1.16054e-14 0 0 0 0 0 0 1.09499e-13 1.16054e-14
0.255585 -2.47205e-14 -2.65823e-15 0 0 0 0 0 0 -2.47205e-14 -2.65823e-15
0.259399 1.2961e-13 1.40845e-14 0 0 0 0 0 0 1.2961e-13 1.40845e-14
0.263214 -1.99738e-14 -2.20262e-15 0 0 0 0 0 0 -1.99738e-14 -2.20262e-15
0.267029 1.54819e-13 1.72631e-14 0 0 0 0 0 0 1.54819e-13 1.72631e-14
0.270844 -1.20324e-14 -1.36185e-15 0 0 0 0 0 0 -1.20324e-14 -1.36185e-15
0.274658 1.86787e-13 2.13892e-14 0 0 0 0 0 0 1.86787e-13 2.13892e-14
0.278473 5.86204e-16 6.81558e-17 0 0 0 0 0 0 5.86204e-16 6.81558e-17
0.282288 2.27826e-13 2.68161e-14 0 0 0 0 0 0 2.27826e-13 2.68161e-14
0.286102 2.00565e-14 2.39771e-15 0 0 0 0 0 0 2.00565e-14 2.39771e-15
0.289917 2.81202e-13 3.40546e-14 0 0 0 0 0 0 2.81202e-13 3.40546e-14
0.293732 4.95934e-14 6.1023e-15 0 0 0 0 0 0 4.95934e-14 6.1023e-15
0.297546 3.51596e-13 4.38549e-14 0 0 0 0 0 0 3.51596e-13 4.38549e-14
0.301361 9.39946e-14 1.19173e-14 0 0 0 0 0 0 9.39946e-14 1.19173e-14
0.305176 4.45806e-13 5.73365e-14 0 0 0 0 0 0 4.45806e-13 5.73365e-14
0.30899 1.60495e-13 2.09922e-14 0 0 0 0 0 0 1.60495e-13 2.09922e-14
0.312805 5.73871e-13 7.61982e-14 0 0 0 0 0 0 5.73871e-13 7.61982e-14
0.31662 2.60135e-13 3.51462e-14 0 0 0 0 0 0 2.60135e-13 3.51462e-14
0.320435 7.50847e-13 1.03065e-13 0 0 0 0 0 0 7.50847e-13 1.03065e-13
0.324249 4.09985e-13 5.72987e-14 0 0 0 0 0 0 4.09985e-13 5.72987e-14
0.328064 9.99727e-13 1.42072e-13 0 0 0 0 0 0 9.99727e-13 1.42072e-13
0.331879 6.36829e-13 9.22085e-14 0 0 0 0 0 0 6.36829e-13 9.22085e-14
0.335693 1.35627e-12 1.99868e-13 0 0 0 0 0 0 1.35627e-12 1.99868e-13
0.339508 9.83383e-13 1.47769e-13 0 0 0 0 0 0 9.83383e-13 1.47769e-13
0.343323 1.87719e-12 2.8738e-13 0 0 0 0 0 0 1.87719e-12 2.8738e-13
0.347137 1.51901e-12 2.37331e-13 0 0 0 0 0 0 1.51901e-12 2.37331e-13
0.350952 2.65447e-12 4.22992e-13 0 0 0 0 0 0 2.65447e-12 4.22992e-13
0.354767 2.35862e-12 3.83968e-13 0 0 0 0 0 0 2.35862e-12 3.83968e-13
0.358582 3.84064e-12 6.38451e-13 0 0 0 0 0 0 3.84064e-12 6.38451e-13
0.362396 3.69683e-12 6.28536e-13 0 0 0 0 0 0 3.69683e-12 6.28536e-13
0.366211 5.69526e-12 9.90111e-13 0 0 0 0 0 0 5.69526e-12 9.90111e-13
0.370026 5.8715e-12 1.04534e-12 0 0 0 0 0 0 5.8715e-12 1.04534e-12
0.37384 8.67229e-12 1.58113e-12 0 0 0 0 0 0 8.67229e-12 1.58113e-12
0.377655 9.48546e-12 1.77369e-12 0 0 0 0 0 0 9.48546e-12 1.77369e-12
0.38147 1.35903e-11 2.6068e-12 0 0 0 0 0 0 1.35903e-11 2.6068e-12
0.385284 1.56479e-11 3.08363e-12 0 0 0 0 0 0 1.56479e-11 3.08363e-12
0.389099 2.19756e-11 4.45094e-12 0 0 0 0 0 0 2.19756e-11 4.45094e-12
0.392914 2.64711e-11 5.51916e-12 0 0 0 0 0 0 2.64711e-11 5.51916e-12
0.396729 3.67837e-11 7.90007e-12 0 0 0 0 0 0 3.67837e-11 7.90007e-12
0.400543 4.61373e-11 1.02242e-11 0 0 0 0 0 0 4.61373e-11 1.02242e-11
0.404358 6.39834e-11 1.46437e-11 0 0 0 0 0 0 6.39834e-11 1.46437e-11
0.408173 8.33012e-11 1.97257e-11 0 0 0 0 0 0 8.33012e-11 1.97257e-11
0.411987 1.1622e-10 2.85103e-11 0 0 0 0 0 0 1.1622e-10 2.85103e-11
0.415802 1.56797e-10 3.99293e-11 0 0 0 0 0 0 1.56797e-10 3.99293e-11
0.419617 2.21778e-10 5.87243e-11 0 0 0 0 0 0 2.21778e-10 5.87243e-11
0.423431 3.10054e-10 8.55681e-11 0 0 0 0 0 0 3.10054e-10 8.55681e-11
0.427246 4.48018e-10 1.29143e-10 0 0 0 0 0 0 4.48018e-10 1.29143e-10
0.431061 6.50154e-10 1.96302e-10 0 0 0 0 0 0 6.50154e-10 1.96302e-10
0.434875 9.67401e-10 3.068e-10 0 0 0 0 0 0 9.67401e-10 3.068e-10
0.43869 1.46251e-09 4.88887e-10 0 0 0 0 0 0 1.46251e-09 4.88887e-10
0.442505 2.26031e-09 7.99348e-10 0 0 0 0 0 0 2.26031e-09 7.99348e-10
0.44632 3.58017e-09 1.3455e-09 0 0 0 0 0 0 3.58017e-09 1.3455e-09
0.450134 5.8026e-09 2.32902e-09 0 0 0 0 0 0 5.8026e-09 2.32902e-09
0.453949 9.70444e-09 4.18518e-09 0 0 0 0 0 0 9.70444e-09 4.18518e-09
0.457764 1.66667e-08 7.77713e-09 0 0 0 0 0 0 1.66667e-08 7.77713e-09
0.461578 2.96892e-08 1.51186e-08 0 0 0 0 0 0 2.96892e-08 1.51186e-08
0.465393 5.45086e-08 3.06067e-08 0 0 0 0 0 0 5.45086e-08 3.06067e-08
0.469208 1.03853e-07 6.5145e-08 0 0 0 0 0 0 1.03853e-07 6.5145e-08
0.473022 2.02945e-07 1.44608e-07 0 0 0 0 0 0 2.02945e-07 1.44608e-07
0.476837 4.03209e-07 3.33665e-07 0 0 0 0 0 0 4.03209e-07 3.33665e-07
0.480652 7.80817e-07 7.7365e-07 0 0 0 0 0 0 7.80817e-07 7.7365e-07
0.484467 1.35429e-06 1.67986e-06 0 0 0 0 0 0 1.35429e-06 1.67986e-06
0.488281 1.64938e-06 2.74881e-06 0 0 0 0 0 0 1.64938e-06 2.74881e-06
0.492096 3.13924e-07 8.00845e-07 0 0 0 0 0 0 3.13924e-07 8.00845e-07
0.495911 -1.81256e-06 -9.93017e-06 0 0 0 0 0 0 -1.81256e-06 -9.93017e-06
0.499725 6.22643e-07 -1.99831e-05 0 0 0 0 0 0 6.22643e-07 -1.99831e-05
0.50354 3.0247e-06 -1.17475e-05 0 0 0 0 0 0 3.0247e-06 -1.17475e-05
0.507355 4.62106e-08 -9.01199e-08 0 0 0 0 0 0 4.62106e-08 -9.01199e-08
0.511169 -2.11055e-06 2.54648e-06 0 0 0 0 0 0 -2.11055e-06 2.54648e-06
0.514984 -1.93777e-06 1.51409e-06 0 0 0 0 0 0 -1.93777e-06 1.51409e-06
0.518799 -1.19843e-06 5.73587e-07 0 0 0 0 0 0 -1.19843e-06 5.73587e-07
0.522614 -6.60976e-07 1.51497e-07 0 0 0 0 0 0 -6.60976e-07 1.51497e-07
0.526428 -3.54716e-07 1.13195e-09 0 0 0 0 0 0 -3.54716e-07 1.13195e-09
0.530243 -1.94969e-07 -4.17285e-08 0 0 0 0 0 0 -1.94969e-07 -4.17285e-08
0.534058 -1.0952e-07 -4.70836e-08 0 0 0 0 0 0 -1.0952e-07 -4.70836e-08
0.537872 -6.45559e-08 -4.18773e-08 0 0 0 0 0 0 -6.45559e-08 -4.18773e-08
0.541687 -3.87395e-08 -3.38115e-08 0 0 0 0 0 0 -3.87395e-08 -3.38115e-08
0.545502 -2.45434e-08 -2.70979e-08 0 0 0 0 0 0 -2.45434e-08 -2.70979e-08
0.549316 -1.55613e-08 -2.09133e-08 0 0 0 0 0 0 -1.55613e-08 -2.09133e-08
0.553131 -1.04952e-08 -1.673e-08 0 0 0 0 0 0 -1.04952e-08 -1.673e-08
0.556946 -6.92046e-09 -1.28447e-08 0 0 0 0 0 0 -6.92046e-09 -1.28447e-08
0.56076 -4.92352e-09 -1.0498e-08 0 0 0 0 0 0 -4.92352e-09 -1.0498e-08
0.564575 -3.32555e-09 -8.064e-09 0 0 0 0 0 0 -3.32555e-09 -8.064e-09
0.56839 -2.47988e-09 -6.78851e-09 0 0 0 0 0 0 -2.47988e-09 -6.78851e-09
0.572205 -1.69188e-09 -5.20002e-09 0 0 0 0 0 0 -1.69188e-09 -5.20002e-09
0.576019 -1.31762e-09 -4.5304e-09 0 0 0 0 0 0 -1.31762e-09 -4.5304e-09
0.579834 -8.9587e-10 -3.438e-09 0 0 0 0 0 0 -8.9587e-10 -3.438e-09
0.583649 -7.27624e-10 -3.11398e-09 0 0 0 0 0 0 -7.27624e-10 -3.11398e-09
0.587463 -4.86357e-10 -2.32195e-09 0 0 0 0 0 0 -4.86357e-10 -2.32195e-09
0.591278 -4.12031e-10 -2.19826e-09 0 0 0 0 0 0 -4.12031e-10 -2.19826e-09
0.595093 -2.66777e-10 -1.59541e-09 0 0 0 0 0 0 -2.66777e-10 -1.59541e-09
0.598907 -2.35952e-10 -1.58928e-09 0 0 0 0 0 0 -2.35952e-10 -1.58928e-09
0.602722 -1.45449e-10 -1.11071e-09 0 0 0 0 0 0 -1.45449e-10 -1.11071e-09
0.606537 -1.3433e-10 -1.17371e-09 0 0 0 0 0 0 -1.3433e-10 -1.17371e-09
0.610352 -7.71092e-11 -7.80414e-10 0 0 0 0 0 0 -7.71092e-11 -7.80414e-10
0.614166 -7.40835e-11 -8.83425e-10 0 0 0 0 0 0 -7.40835e-11 -8.83425e-10
0.617981 -3.83127e-11 -5.51222e-10 0 0 0 0 0 0 -3.83127e-11 -5.51222e-10
0.621796 -3.76161e-11 -6.76298e-10 0 0 0 0 0 0 -3.76161e-11 -6.76298e-10
0.62561 -1.64208e-11 -3.89778e-10 0 0 0 0 0 0 -1.64208e-11 -3.89778e-10
0.629425 -1.52065e-11 -5.25607e-10 0 0 0 0 0 0 -1.52065e-11 -5.25607e-10
0.63324 -4.38604e-12 -2.74674e-10 0 0 0 0 0 0 -4.38604e-12 -2.74674e-10
0.637054 -1.30659e-12 -4.13988e-10 0 0 0 0 0 0 -1.30659e-12 -4.13988e-10
0.640869 1.83351e-12 -1.91851e-10 0 0 0 0 0 0 1.83351e-12 -1.91851e-10
0.644684 7.33925e-12 -3.29912e-10 0 0 0 0 0 0 7.33925e-12 -3.29912e-10
0.648499 4.61068e-12 -1.31884e-10 0 0 0 0 0 0 4.61068e-12 -1.31884e-10
0.652313 1.26869e-11 -2.65572e-10 0 0 0 0 0 0 1.26869e-11 -2.65572e-10
0.656128 5.36474e-12 -8.83352e-11 0 0 0 0 0 0 5.36474e-12 -8.83352e-11
0.659943 1.59353e-11 -2.1559e-10 0 0 0 0 0 0 1.59353e-11 -2.1559e-10
0.663757 4.9569e-12 -5.67291e-11 0 0 0 0 0 0 4.9569e-12 -5.67291e-11
0.667572 1.7832e-11 -1.76195e-10 0 0 0 0 0 0 1.7832e-11 -1.76195e-10
0.671387 3.91487e-12 -3.3905e-11 0 0 0 0 0 0 3.91487e-12 -3.3905e-11
0.675201 1.88498e-11 -1.44712e-10 0 0 0 0 0 0 1.88498e-11 -1.44712e-10
0.679016 2.56355e-12 -1.75986e-11 0 0 0 0 0 0 2.56355e-12 -1.75986e-11
0.682831 1.92909e-11 -1.19211e-10 0 0 0 0 0 0 1.92909e-11 -1.19211e-10
0.686646 1.1027e-12 -6.16593e-12 0 0 0 0 0 0 1.1027e-12 -6.16593e-12
0.69046 1.93508e-11 -9.82889e-11 0 0 0 0 0 0 1.93508e-11 -9.82889e-11
0.694275 -3.46122e-13 1.6016e-12 0 0 0 0 0 0 -3.46122e-13 1.6016e-12
0.69809 1.91565e-11 -8.09101e-11 0 0 0 0 0 0 1.91565e-11 -8.09101e-11
0.701904 -1.71059e-12 6.60251e-12 0 0 0 0 0 0 -1.71059e-12 6.60251e-12
0.705719 1.87909e-11 -6.63059e-11 0 0 0 0 0 0 1.87909e-11 -6.63059e-11
0.709534 -2.9496e-12 9.51198e-12 0 0 0 0 0 0 -2.9496e-12 9.51198e-12
0.713348 1.83084e-11 -5.3899e-11 0 0 0 0 0 0 1.83084e-11 -5.3899e-11
0.717163 -4.04191e-12 1.08424e-11 0 0 0 0 0 0 -4.04191e-12 1.08424e-11
0.720978 1.77451e-11 -4.32533e-11 0 0 0 0 0 0 1.77451e-11 -4.32533e-11
0.724792 -4.97885e-12 1.09861e-11 0 0 0 0 0 0 -4.97885e-12 1.09861e-11
0.728607 1.71245e-11 -3.40364e-11 0 0 0 0 0 0 1.71245e-11 -3.40364e-11
0.732422 -5.75973e-12 1.02461e-11 0 0 0 0 0 0 -5.75973e-12 1.02461e-11
0.736237 1.64622e-11 -2.59936e-11 0 0 0 0 0 0 1.64622e-11 -2.59936e-11
0.740051 -6.38875e-12 8.85827e-12 0 0 0 0 0 0 -6.38875e-12 8.85827e-12
0.743866 1.57687e-11 -1.89286e-11 0 0 0 0 0 0 1.57687e-11 -1.89286e-11
0.747681 -6.87312e-12 7.00746e-12 0 0 0 0 0 0 -6.87312e-12 7.00746e-12
0.751495 1.50512e-11 -1.2689e-11 0 0 0 0 0 0 1.50512e-11 -1.2689e-11
0.75531 -7.22178e-12 4.83941e-12 0 0 0 0 0 0 -7.22178e-12 4.83941e-12
0.759125 1.43145e-11 -7.15602e-12 0 0 0 0 0 0 1.43145e-11 -7.15602e-12
0.762939 -7.44458e-12 2.46968e-12 0 0 0 0 0 0 -7.44458e-12 2.46968e-12
0.766754 1.35623e-11 -2.23639e-12 0 0 0 0 0 0 1.35623e-11 -2.23639e-12
0.770569 -7.55176e-12 -9.76507e-15 0 0 0 0 0 0 -7.55176e-12 -9.76507e-15
0.774384 1.27976e-11 2.14337e-12 0 0 0 0 0 0 1.27976e-11 2.14337e-12
0.778198 -7.55362e-12 -2.52549e-12 0 0 0 0 0 0 -7.55362e-12 -2.52549e-12
0.782013 1.20227e-11 6.04169e-12 0 0 0 0 0 0 1.20227e-11 6.04169e-12
0.785828 -7.46029e-12 -5.01882e-12 0 0 0 0 0 0 -7.46029e-12 -5.01882e-12
0.789642 1.12398e-11 9.5053e-12 0 0 0 0 0 0 1.12398e-11 9.5053e-12
0.793457 -7.28166e-12 -7.4429e-12 0 0 0 0 0 0 -7.28166e-12 -7.4429e-12
0.797272 1.04512e-11 1.2572e-11 0 0 0 0 0 0 1.04512e-11 1.2572e-11
0.801086 -7.02722e-12 -9.76043e-12 0 0 0 0 0 0 -7.02722e-12 -9.76043e-12
0.804901 9.6591e-12 1.52727e-11 0 0 0 0 0 0 9.6591e-12 1.52727e-11
0.808716 -6.70611e-12 -1.19419e-11 0 0 0 0 0 0 -6.70611e-12 -1.19419e-11
0.812531 8.86569e-12 1.76329e-11 0 0 0 0 0 0 8.86569e-12 1.76329e-11
0.816345 -6.32704e-12 -1.39644e-11 0 0 0 0 0 0 -6.32704e-12 -1.39644e-11
0.82016 8.07337e-12 1.96743e-11 0 0 0 0 0 0 8.07337e-12 1.96743e-11
0.823975 -5.8983e-12 -1.58101e-11 0 0 0 0 0 0 -5.8983e-12 -1.58101e-11
0.827789 7.2846e-12 2.14154e-11 0 0 0 0 0 0 7.2846e-12 2.14154e-11
0.831604 -5.42777e-12 -1.74659e-11 0 0 0 0 0 0 -5.42777e-12 -1.74659e-11
0.835419 6.50189e-12 2.28724e-11 0 0 0 0 0 0 6.50189e-12 2.28724e-11
0.839233 -4.92293e-12 -1.89224e-11 0 0 0 0 0 0 -4.92293e-12 -1.89224e-11
0.843048 5.72784e-12 2.40599e-11 0 0 0 0 0 0 5.72784e-12 2.40599e-11
0.846863 -4.39084e-12 -2.01737e-11 0 0 0 0 0 0 -4.39084e-12 -2.01737e-11
0.850677 4.96508e-12 2.49913e-11 0 0 0 0 0 0 4.96508e-12 2.49913e-11
0.854492 -3.8382e-12 -2.12164e-11 0 0 0 0 0 0 -3.8382e-12 -2.12164e-11
0.858307 4.21624e-12 2.56793e-11 0 0 0 0 0 0 4.21624e-12 2.56793e-11
0.862122 -3.27128e-12 -2.20497e-11 0 0 0 0 0 0 -3.27128e-12 -2.20497e-11
0.865936 3.48394e-12 2.61358e-11 0 0 0 0 0 0 3.48394e-12 2.61358e-11
0.869751 -2.69602e-12 -2.26749e-11 0 0 0 0 0 0 -2.69602e-12 -2.26749e-11
0.873566 2.77079e-12 2.63727e-11 0 0 0 0 0 0 2.77079e-12 2.63727e-11
0.87738 -2.11795e-12 -2.30952e-11 0 0 0 0 0 0 -2.11795e-12 -2.30952e-11
0.881195 2.0793e-12 2.64016e-11 0 0 0 0 0 0 2.0793e-12 2.64016e-11
0.88501 -1.54224e-12 -2.33154e-11 0 0 0 0 0 0 -1.54224e-12 -2.33154e-11
0.888824 1.41192e-12 2.6234e-11 0 0 0 0 0 0 1.41192e-12 2.6234e-11
0.892639 -9.73727e-13 -2.33418e-11 0 0 0 0 0 0 -9.73727e-13 -2.33418e-11
0.896454 7.7096e-13 2.58816e-11 0 0 0 0 0 0 7.7096e-13 2.58816e-11
0.900269 -4.16854e-13 -2.31817e-11 0 0 0 0 0 0 -4.16854e-13 -2.31817e-11
0.904083 1.58632e-13 2.53562e-11 0 0 0 0 0 0 1.58632e-13 2.53562e-11
0.907898 1.24273e-13 -2.2844e-11 0 0 0 0 0 0 1.24273e-13 -2.2844e-11
0.911713 -4.23016e-13 2.46698e-11 0 0 0 0 0 0 -4.23016e-13 2.46698e-11
0.915527 6.45904e-13 -2.2338e-11 0 0 0 0 0 0 6.45904e-13 -2.2338e-11
0.919342 -9.72097e-13 2.38344e-11 0 0 0 0 0 0 -9.72097e-13 2.38344e-11
0.923157 1.14464e-12 -2.16743e-11 0 0 0 0 0 0 1.14464e-12 -2.16743e-11
0.926971 -1.48691e-12 2.28624e-11 0 0 0 0 0 0 -1.48691e-12 2.28624e-11
0.930786 1.61742e-12 -2.08638e-11 0 0 0 0 0 0 1.61742e-12 -2.08638e-11
0.934601 -1.96593e-12 2.17661e-11 0 0 0 0 0 0 -1.96593e-12 2.17661e-11
0.938416 2.06153e-12 -1.99184e-11 0 0 0 0 0 0 2.06153e-12 -1.99184e-11
0.94223 -2.40785e-12 2.05583e-11 0 0 0 0 0 0 -2.40785e-12 2.05583e-11
0.946045 2.4746e-12 -1.88503e-11 0 0 0 0 0 0 2.4746e-12 -1.88503e-11
0.94986 -2.81157e-12 1.92514e-11 0 0 0 0 0 0 -2.81157e-12 1.92514e-11
0.953674 2.85459e-12 -1.76718e-11 0 0 0 0 0 0 2.85459e-12 -1.76718e-11
0.957489 -3.17622e-12 1.78583e-11 0 0 0 0 0 0 -3.17622e-12 1.78583e-11
0.961304 3.19979e-12 -1.6396e-11 0 0 0 0 0 0 3.19979e-12 -1.6396e-11
0.965118 -3.50112e-12 1.63917e-11 0 0 0 0 0 0 -3.50112e-12 1.63917e-11
0.968933 3.5088e-12 -1.50359e-11 0 0 0 0 0 0 3.5088e-12 -1.50359e-11
0.972748 -3.78586e-12 1.48642e-11 0 0 0 0 0 0 -3.78586e-12 1.48642e-11
0.976562 3.78056e-12 -1.36046e-11 0 0 0 0 0 0 3.78056e-12 -1.36046e-11
0.980377 -4.03022e-12 1.32884e-11 0 0 0 0 0 0 -4.03022e-12 1.32884e-11
0.984192 4.01429e-12 -1.21151e-11 0 0 0 0 0 0 4.01429e-12 -1.21151e-11
0.988007 -4.23422e-12 1.16767e-11 0 0 0 0 0 0 -4.23422e-12 1.16767e-11
0.991821 4.20955e-12 -1.05807e-11 0 0 0 0 0 0 4.20955e-12 -1.05807e-11
0.995636 -4.39811e-12 1.00414e-11 0 0 0 0 0 0 -4.39811e-12 1.00414e-11
