0.399828 7.00938e-13 9.88915e-14 1.83095e-12 1.58151e-11 0 1.60887e-19 4.21876e-12 3.15517e-11 4.9197e-12 3.16506e-11
0.400186 7.20072e-13 1.01889e-13 1.88188e-12 1.62036e-11 0 1.67933e-19 4.33597e-12 3.23263e-11 5.05604e-12 3.24282e-11
0.400543 7.39794e-13 1.04989e-13 1.9344e-12 1.6603e-11 0 1.75315e-19 4.45682e-12 3.31224e-11 5.19662e-12 3.32274e-11
0.400901 7.60126e-13 1.08194e-13 1.98855e-12 1.70135e-11 0 1.83049e-19 4.58146e-12 3.39408e-11 5.34158e-12 3.4049e-11
0.401258 7.81088e-13 1.11508e-13 2.04441e-12 1.74355e-11 0 1.91154e-19 4.70999e-12 3.47821e-11 5.49108e-12 3.48936e-11
0.401616 8.02702e-13 1.14936e-13 2.10203e-12 1.78693e-11 0 1.9965e-19 4.84258e-12 3.5647e-11 5.64528e-12 3.57619e-11
0.401974 8.24991e-13 1.18481e-13 2.16146e-12 1.83154e-11 0 2.08555e-19 4.97935e-12 3.65363e-11 5.80434e-12 3.66548e-11
0.402331 8.47978e-13 1.22149e-13 2.22278e-12 1.87741e-11 -8.2913e-21 2.17893e-19 5.12045e-12 3.74507e-11 5.96843e-12 3.75728e-11
0.402689 8.71688e-13 1.25944e-13 2.28606e-12 1.92458e-11 -8.69603e-21 2.27685e-19 5.26603e-12 3.8391e-11 6.13772e-12 3.8517e-11
0.403047 8.96145e-13 1.2987e-13 2.35135e-12 1.97309e-11 -9.12209e-21 2.37955e-19 5.41626e-12 3.93581e-11 6.31241e-12 3.9488e-11
0.403404 9.21377e-13 1.33933e-13 2.41873e-12 2.023e-11 -9.57068e-21 2.48729e-19 5.5713e-12 4.03528e-11 6.49268e-12 4.04868e-11
0.403762 9.47411e-13 1.38139e-13 2.48829e-12 2.07433e-11 -1.00431e-20 2.60033e-19 5.73131e-12 4.13761e-11 6.67872e-12 4.15142e-11
0.404119 9.74274e-13 1.42492e-13 2.56008e-12 2.12714e-11 -1.05407e-20 2.71895e-19 5.89648e-12 4.24287e-11 6.87076e-12 4.25712e-11
0.404477 1.002e-12 1.46998e-13 2.6342e-12 2.18147e-11 -1.1065e-20 2.84346e-19 6.067e-12 4.35117e-11 7.06899e-12 4.36587e-11
0.404835 1.03061e-12 1.51664e-13 2.71072e-12 2.23738e-11 -1.16174e-20 2.97417e-19 6.24304e-12 4.4626e-11 7.27365e-12 4.47777e-11
0.405192 1.06015e-12 1.56495e-13 2.78974e-12 2.29491e-11 -1.21997e-20 3.1114e-19 6.42482e-12 4.57727e-11 7.48497e-12 4.59292e-11
0.40555 1.09064e-12 1.61499e-13 2.87135e-12 2.35412e-11 -1.28136e-20 3.25553e-19 6.61254e-12 4.69529e-11 7.70318e-12 4.71144e-11
0.405908 1.12212e-12 1.66681e-13 2.95563e-12 2.41507e-11 -1.34608e-20 3.40691e-19 6.80641e-12 4.81675e-11 7.92853e-12 4.83342e-11
0.406265 1.15462e-12 1.72049e-13 3.04269e-12 2.4778e-11 -1.41435e-20 3.56594e-19 7.00667e-12 4.94178e-11 8.16129e-12 4.95898e-11
0.406623 1.18819e-12 1.77611e-13 3.13263e-12 2.54238e-11 -1.48635e-20 3.73304e-19 7.21353e-12 5.07049e-11 8.40173e-12 5.08825e-11
0.406981 1.22287e-12 1.83374e-13 3.22556e-12 2.60887e-11 -1.56232e-20 3.90866e-19 7.42726e-12 5.203e-11 8.65012e-12 5.22134e-11
0.407338 1.25868e-12 1.89345e-13 3.32158e-12 2.67734e-11 -1.64249e-20 4.09326e-19 7.64809e-12 5.33944e-11 8.90677e-12 5.35837e-11
0.407696 1.29568e-12 1.95535e-13 3.4208e-12 2.74785e-11 -1.7271e-20 4.28733e-19 7.8763e-12 5.47994e-11 9.17198e-12 5.4995e-11
0.408053 1.3339e-12 2.01951e-13 3.52336e-12 2.82046e-11 -1.81643e-20 4.49141e-19 8.11216e-12 5.62464e-11 9.44606e-12 5.64484e-11
0.408411 1.3734e-12 2.08602e-13 3.62937e-12 2.89525e-11 -1.91074e-20 4.70605e-19 8.35594e-12 5.77368e-11 9.72934e-12 5.79454e-11
0.408769 1.41422e-12 2.15498e-13 3.73896e-12 2.97229e-11 -2.01034e-20 4.93184e-19 8.60796e-12 5.92719e-11 1.00222e-11 5.94874e-11
0.409126 1.45641e-12 2.22649e-13 3.85226e-12 3.05166e-11 -2.11555e-20 5.16941e-19 8.86851e-12 6.08535e-11 1.03249e-11 6.10761e-11
0.409484 1.50002e-12 2.30066e-13 3.96942e-12 3.13344e-11 -2.22671e-20 5.41942e-19 9.13792e-12 6.24829e-11 1.06379e-11 6.2713e-11
0.409842 1.54511e-12 2.37759e-13 4.09059e-12 3.2177e-11 -2.34418e-20 5.68258e-19 9.41652e-12 6.41619e-11 1.09616e-11 6.43996e-11
0.410199 1.59172e-12 2.4574e-13 4.21591e-12 3.30454e-11 -2.46835e-20 5.95964e-19 9.70467e-12 6.58921e-11 1.12964e-11 6.61378e-11
0.410557 1.63993e-12 2.54021e-13 4.34554e-12 3.39404e-11 -2.59964e-20 6.25138e-19 1.00027e-11 6.76753e-11 1.16427e-11 6.79293e-11
0.410914 1.68978e-12 2.62614e-13 4.47965e-12 3.4863e-11 -2.73847e-20 6.55865e-19 1.03111e-11 6.95133e-11 1.20008e-11 6.97759e-11
0.411272 1.74135e-12 2.71533e-13 4.61842e-12 3.5814e-11 -2.88533e-20 6.88235e-19 1.06301e-11 7.1408e-11 1.23714e-11 7.16795e-11
0.41163 1.79469e-12 2.8079e-13 4.76201e-12 3.67945e-11 -3.0407e-20 7.22342e-19 1.09602e-11 7.33614e-11 1.27549e-11 7.36422e-11
0.411987 1.84988e-12 2.90401e-13 4.91062e-12 3.78055e-11 -3.20512e-20 7.58286e-19 1.13018e-11 7.53755e-11 1.31517e-11 7.56659e-11
0.412345 1.90699e-12 3.00379e-13 5.06444e-12 3.88481e-11 -3.37916e-20 7.96176e-19 1.16555e-11 7.74524e-11 1.35624e-11 7.77528e-11
0.412703 1.96608e-12 3.10742e-13 5.22368e-12 3.99233e-11 -3.56341e-20 8.36124e-19 1.20215e-11 7.95944e-11 1.39876e-11 7.99051e-11
0.41306 2.02725e-12 3.21505e-13 5.38854e-12 4.10324e-11 -3.75852e-20 8.78252e-19 1.24005e-11 8.18036e-11 1.44277e-11 8.21251e-11
0.413418 2.09057e-12 3.32685e-13 5.55926e-12 4.21766e-11 -3.96518e-20 9.22688e-19 1.27929e-11 8.40826e-11 1.48834e-11 8.44153e-11
0.413775 2.15612e-12 3.443e-13 5.73606e-12 4.33569e-11 -4.18412e-20 9.69569e-19 1.31992e-11 8.64338e-11 1.53554e-11 8.67781e-11
0.414133 2.224e-12 3.56369e-13 5.91917e-12 4.45749e-11 -4.41613e-20 1.01904e-18 1.36201e-11 8.88597e-11 1.58441e-11 8.92161e-11
0.414491 2.29429e-12 3.68912e-13 6.10887e-12 4.58317e-11 -4.66206e-20 1.07126e-18 1.40561e-11 9.1363e-11 1.63504e-11 9.1732e-11
0.414848 2.36709e-12 3.81949e-13 6.30539e-12 4.71289e-11 -4.92279e-20 1.12638e-18 1.45078e-11 9.39466e-11 1.68749e-11 9.43285e-11
0.415206 2.44251e-12 3.95502e-13 6.50903e-12 4.84678e-11 -5.19928e-20 1.18459e-18 1.49758e-11 9.66132e-11 1.74183e-11 9.70087e-11
0.415564 2.52064e-12 4.09593e-13 6.72007e-12 4.985e-11 -5.49257e-20 1.24608e-18 1.54607e-11 9.93659e-11 1.79814e-11 9.97755e-11
0.415921 2.60159e-12 4.24247e-13 6.9388e-12 5.1277e-11 -5.80375e-20 1.31103e-18 1.59634e-11 1.02208e-10 1.8565e-11 1.02632e-10
0.416279 2.68549e-12 4.39487e-13 7.16555e-12 5.27505e-11 -6.13399e-20 1.37967e-18 1.64844e-11 1.05142e-10 1.91699e-11 1.05582e-10
0.416636 2.77244e-12 4.55341e-13 7.40063e-12 5.42722e-11 -6.48456e-20 1.45221e-18 1.70246e-11 1.08172e-10 1.9797e-11 1.08628e-10
0.416994 2.86257e-12 4.71836e-13 7.64438e-12 5.58439e-11 -6.85678e-20 1.5289e-18 1.75847e-11 1.11302e-10 2.04473e-11 1.11774e-10
0.417352 2.95602e-12 4.88999e-13 7.89717e-12 5.74673e-11 -7.25211e-20 1.61e-18 1.81655e-11 1.14535e-10 2.11215e-11 1.15024e-10
0.417709 3.05292e-12 5.06862e-13 8.15937e-12 5.91445e-11 -7.67208e-20 1.69578e-18 1.87679e-11 1.17874e-10 2.18208e-11 1.18381e-10
0.418067 3.15341e-12 5.25456e-13 8.43137e-12 6.08774e-11 -8.11835e-20 1.78653e-18 1.93928e-11 1.21324e-10 2.25462e-11 1.2185e-10
0.418425 3.25764e-12 5.44814e-13 8.71357e-12 6.26681e-11 -8.59269e-20 1.88256e-18 2.00412e-11 1.2489e-10 2.32988e-11 1.25435e-10
0.418782 3.36577e-12 5.64971e-13 9.0064e-12 6.45188e-11 -9.097e-20 1.9842e-18 2.07139e-11 1.28574e-10 2.40797e-11 1.29139e-10
0.41914 3.47796e-12 5.85963e-13 9.31031e-12 6.64317e-11 -9.63333e-20 2.09181e-18 2.14121e-11 1.32383e-10 2.489e-11 1.32969e-10
0.419497 3.59438e-12 6.07829e-13 9.62577e-12 6.84092e-11 -1.02039e-19 2.20578e-18 2.21367e-11 1.36319e-10 2.57311e-11 1.36927e-10
0.419855 3.7152e-12 6.3061e-13 9.95327e-12 7.04537e-11 -1.08109e-19 2.32649e-18 2.2889e-11 1.4039e-10 2.66042e-11 1.4102e-10
0.420213 3.84062e-12 6.54347e-13 1.02933e-11 7.25679e-11 -1.14571e-19 2.4544e-18 2.36701e-11 1.44598e-10 2.75107e-11 1.45252e-10
0.42057 3.97083e-12 6.79085e-13 1.06464e-11 7.47544e-11 -1.2145e-19 2.58995e-18 2.44812e-11 1.4895e-10 2.8452e-11 1.49629e-10
0.420928 4.10603e-12 7.04872e-13 1.10132e-11 7.70159e-11 -1.28776e-19 2.73364e-18 2.53235e-11 1.53452e-10 2.94296e-11 1.54157e-10
0.421286 4.24645e-12 7.31756e-13 1.13942e-11 7.93553e-11 -1.3658e-19 2.88601e-18 2.61986e-11 1.58108e-10 3.0445e-11 1.5884e-10
0.421643 4.39229e-12 7.59789e-13 1.179e-11 8.17758e-11 -1.44896e-19 3.04762e-18 2.71077e-11 1.62926e-10 3.15e-11 1.63686e-10
0.422001 4.54381e-12 7.89025e-13 1.22014e-11 8.42804e-11 -1.53759e-19 3.21907e-18 2.80524e-11 1.67911e-10 3.25962e-11 1.687e-10
0.422359 4.70124e-12 8.19523e-13 1.26289e-11 8.68725e-11 -1.63208e-19 3.40102e-18 2.90341e-11 1.73069e-10 3.37354e-11 1.73889e-10
0.422716 4.86484e-12 8.51342e-13 1.30733e-11 8.95554e-11 -1.73286e-19 3.59415e-18 3.00546e-11 1.78409e-10 3.49195e-11 1.7926e-10
0.423074 5.03488e-12 8.84546e-13 1.35353e-11 9.23329e-11 -1.84036e-19 3.79922e-18 3.11155e-11 1.83936e-10 3.61504e-11 1.8482e-10
0.423431 5.21166e-12 9.19201e-13 1.40157e-11 9.52085e-11 -1.95508e-19 4.01702e-18 3.22186e-11 1.89658e-10 3.74303e-11 1.90577e-10
0.423789 5.39546e-12 9.55379e-13 1.45153e-11 9.81863e-11 -2.07754e-19 4.2484e-18 3.33658e-11 1.95583e-10 3.87613e-11 1.96539e-10
0.424147 5.5866e-12 9.93153e-13 1.5035e-11 1.0127e-10 -2.20829e-19 4.49428e-18 3.45591e-11 2.0172e-10 4.01457e-11 2.02713e-10
0.424504 5.7854e-12 1.0326e-12 1.55757e-11 1.04465e-10 -2.34794e-19 4.75565e-18 3.58005e-11 2.08076e-10 4.15859e-11 2.09108e-10
0.424862 5.99221e-12 1.07381e-12 1.61383e-11 1.07774e-10 -2.49715e-19 5.03355e-18 3.70921e-11 2.1466e-10 4.30843e-11 2.15734e-10
0.42522 6.20739e-12 1.11686e-12 1.67238e-11 1.11204e-10 -2.65662e-19 5.32913e-18 3.84363e-11 2.21482e-10 4.46437e-11 2.22599e-10
0.425577 6.43133e-12 1.16184e-12 1.73333e-11 1.14757e-10 -2.82711e-19 5.64359e-18 3.98355e-11 2.28552e-10 4.62668e-11 2.29714e-10
0.425935 6.66441e-12 1.20886e-12 1.79678e-11 1.1844e-10 -3.00943e-19 5.97824e-18 4.1292e-11 2.35879e-10 4.79565e-11 2.37088e-10
0.426292 6.90706e-12 1.25801e-12 1.86285e-11 1.22259e-10 -3.20448e-19 6.33449e-18 4.28087e-11 2.43474e-10 4.97158e-11 2.44732e-10
0.42665 7.15971e-12 1.3094e-12 1.93166e-11 1.26217e-10 -3.41321e-19 6.71384e-18 4.43882e-11 2.51348e-10 5.15479e-11 2.52658e-10
0.427008 7.42283e-12 1.36315e-12 2.00334e-11 1.30322e-10 -3.63664e-19 7.11791e-18 4.60335e-11 2.59513e-10 5.34563e-11 2.60876e-10
0.427365 7.69691e-12 1.41938e-12 2.07802e-11 1.3458e-10 -3.8759e-19 7.54844e-18 4.77476e-11 2.67981e-10 5.54445e-11 2.694e-10
0.427723 7.98245e-12 1.4782e-12 2.15584e-11 1.38996e-10 -4.1322e-19 8.00731e-18 4.95337e-11 2.76764e-10 5.75161e-11 2.78242e-10
0.428081 8.27998e-12 1.53976e-12 2.23695e-11 1.43578e-10 -4.40683e-19 8.49654e-18 5.13952e-11 2.85876e-10 5.96751e-11 2.87416e-10
0.428438 8.59009e-12 1.60419e-12 2.32151e-11 1.48333e-10 -4.70121e-19 9.0183e-18 5.33356e-11 2.95331e-10 6.19257e-11 2.96935e-10
0.428796 8.91335e-12 1.67166e-12 2.40967e-11 1.53267e-10 -5.01686e-19 9.57493e-18 5.53588e-11 3.05143e-10 6.42721e-11 3.06814e-10
0.429153 9.25039e-12 1.7423e-12 2.50161e-11 1.58389e-10 -5.35545e-19 1.01689e-17 5.74686e-11 3.15327e-10 6.6719e-11 3.17069e-10
0.429511 9.60188e-12 1.81629e-12 2.59751e-11 1.63706e-10 -5.71877e-19 1.08031e-17 5.96691e-11 3.25899e-10 6.9271e-11 3.27715e-10
0.429869 9.96851e-12 1.89382e-12 2.69756e-11 1.69228e-10 -6.10876e-19 1.14803e-17 6.19649e-11 3.36876e-10 7.19334e-11 3.3877e-10
0.430226 1.0351e-11 1.97505e-12 2.80196e-11 1.74962e-10 -6.52753e-19 1.22036e-17 6.43603e-11 3.48276e-10 7.47113e-11 3.50251e-10
0.430584 1.07501e-11 2.06019e-12 2.91092e-11 1.80918e-10 -6.97738e-19 1.29766e-17 6.68604e-11 3.60117e-10 7.76105e-11 3.62177e-10
0.430942 1.11667e-11 2.14946e-12 3.02467e-11 1.87106e-10 -7.46078e-19 1.38029e-17 6.94701e-11 3.72418e-10 8.06368e-11 3.74568e-10
0.431299 1.16015e-11 2.24307e-12 3.14343e-11 1.93537e-10 -7.98042e-19 1.46864e-17 7.21949e-11 3.852e-10 8.37964e-11 3.87443e-10
0.431657 1.20556e-11 2.34125e-12 3.26747e-11 2.0022e-10 -8.53925e-19 1.56315e-17 7.50404e-11 3.98483e-10 8.7096e-11 4.00824e-10
0.432014 1.25298e-11 2.44426e-12 3.39703e-11 2.07166e-10 -9.14042e-19 1.66429e-17 7.80127e-11 4.12289e-10 9.05425e-11 4.14733e-10
0.432372 1.30252e-11 2.55235e-12 3.5324e-11 2.14389e-10 -9.78741e-19 1.77254e-17 8.11179e-11 4.26643e-10 9.41431e-11 4.29195e-10
0.43273 1.35427e-11 2.66582e-12 3.67386e-11 2.219e-10 -1.0484e-18 1.88846e-17 8.43629e-11 4.41568e-10 9.79056e-11 4.44234e-10
0.433087 1.40836e-11 2.78495e-12 3.82173e-11 2.29711e-10 -1.12342e-18 2.01263e-17 8.77545e-11 4.57091e-10 1.01838e-10 4.59876e-10
0.433445 1.4649e-11 2.91005e-12 3.97631e-11 2.37838e-10 -1.20425e-18 2.14569e-17 9.13003e-11 4.73237e-10 1.05949e-10 4.76148e-10
0.433803 1.52402e-11 3.04147e-12 4.13797e-11 2.46293e-10 -1.29138e-18 2.28833e-17 9.5008e-11 4.90037e-10 1.10248e-10 4.93078e-10
0.43416 1.58583e-11 3.17955e-12 4.30705e-11 2.55093e-10 -1.38533e-18 2.44129e-17 9.88859e-11 5.07519e-10 1.14744e-10 5.10698e-10
0.434518 1.6505e-11 3.32467e-12 4.48395e-11 2.64252e-10 -1.48668e-18 2.60538e-17 1.02943e-10 5.25714e-10 1.19448e-10 5.29039e-10
0.434875 1.71815e-11 3.47723e-12 4.66906e-11 2.73788e-10 -1.59606e-18 2.78148e-17 1.07188e-10 5.44657e-10 1.24369e-10 5.48134e-10
0.435233 1.78895e-11 3.63766e-12 4.8628e-11 2.83718e-10 -1.71415e-18 2.97054e-17 1.11631e-10 5.6438e-10 1.2952e-10 5.68018e-10
0.435591 1.86306e-11 3.8064e-12 5.06564e-11 2.9406e-10 -1.8417e-18 3.1736e-17 1.16282e-10 5.84922e-10 1.34913e-10 5.88728e-10
0.435948 1.94065e-11 3.98393e-12 5.27805e-11 3.04834e-10 -1.97952e-18 3.39176e-17 1.21153e-10 6.06319e-10 1.40559e-10 6.10303e-10
0.436306 2.02191e-11 4.17077e-12 5.50053e-11 3.1606e-10 -2.12852e-18 3.62626e-17 1.26254e-10 6.28613e-10 1.46473e-10 6.32784e-10
0.436664 2.10704e-11 4.36745e-12 5.73362e-11 3.2776e-10 -2.28965e-18 3.87841e-17 1.31598e-10 6.51846e-10 1.52669e-10 6.56214e-10
0.437021 2.19623e-11 4.57456e-12 5.97788e-11 3.39957e-10 -2.46399e-18 4.14966e-17 1.37199e-10 6.76063e-10 1.59161e-10 6.80637e-10
0.437379 2.2897e-11 4.7927e-12 6.23392e-11 3.52673e-10 -2.65271e-18 4.44156e-17 1.43069e-10 7.0131e-10 1.65966e-10 7.06102e-10
0.437737 2.38769e-11 5.02253e-12 6.50236e-11 3.65935e-10 -2.85708e-18 4.75582e-17 1.49223e-10 7.27637e-10 1.731e-10 7.3266e-10
0.438094 2.49044e-11 5.26475e-12 6.78388e-11 3.79768e-10 -3.0785e-18 5.0943e-17 1.55677e-10 7.55097e-10 1.80581e-10 7.60362e-10
0.438452 2.59821e-11 5.5201e-12 7.0792e-11 3.942e-10 -3.31851e-18 5.45901e-17 1.62446e-10 7.83745e-10 1.88428e-10 7.89265e-10
0.438809 2.71128e-11 5.78936e-12 7.38907e-11 4.09262e-10 -3.57877e-18 5.85216e-17 1.69549e-10 8.13639e-10 1.96662e-10 8.19428e-10
0.439167 2.82993e-11 6.0734e-12 7.71429e-11 4.24983e-10 -3.86114e-18 6.27615e-17 1.77004e-10 8.4484e-10 2.05303e-10 8.50913e-10
0.439525 2.95448e-11 6.3731e-12 8.05572e-11 4.41397e-10 -4.16764e-18 6.7336e-17 1.8483e-10 8.77412e-10 2.14375e-10 8.83785e-10
0.439882 3.08525e-11 6.68942e-12 8.41426e-11 4.58539e-10 -4.50048e-18 7.22736e-17 1.93047e-10 9.11425e-10 2.239e-10 9.18115e-10
0.44024 3.2226e-11 7.0234e-12 8.79086e-11 4.76444e-10 -4.86212e-18 7.76055e-17 2.01679e-10 9.4695e-10 2.33905e-10 9.53974e-10
0.440598 3.36689e-11 7.37613e-12 9.18655e-11 4.95151e-10 -5.25524e-18 8.3366e-17 2.10747e-10 9.84063e-10 2.44416e-10 9.9144e-10
0.440955 3.51852e-11 7.74878e-12 9.60242e-11 5.14701e-10 -5.68278e-18 8.95921e-17 2.20278e-10 1.02285e-09 2.55463e-10 1.03059e-09
0.441313 3.67791e-11 8.1426e-12 1.00396e-10 5.35137e-10 -6.148e-18 9.63249e-17 2.30296e-10 1.06338e-09 2.67075e-10 1.07152e-09
0.44167 3.8455e-11 8.55894e-12 1.04993e-10 5.56504e-10 -6.65447e-18 1.03609e-16 2.40831e-10 1.10576e-09 2.79286e-10 1.11432e-09
0.442028 4.02177e-11 8.99921e-12 1.09829e-10 5.78851e-10 -7.20615e-18 1.11493e-16 2.51912e-10 1.15008e-09 2.9213e-10 1.15908e-09
0.442386 4.20722e-11 9.46497e-12 1.14918e-10 6.02228e-10 -7.80736e-18 1.2003e-16 2.63571e-10 1.19643e-09 3.05643e-10 1.2059e-09
0.442743 4.40239e-11 9.95784e-12 1.20273e-10 6.26689e-10 -8.46292e-18 1.2928e-16 2.75841e-10 1.24493e-09 3.19865e-10 1.25489e-09
0.443101 4.60785e-11 1.04796e-11 1.25911e-10 6.52292e-10 -9.17812e-18 1.39306e-16 2.88759e-10 1.29569e-09 3.34838e-10 1.30617e-09
0.443459 4.8242e-11 1.10321e-11 1.31849e-10 6.79096e-10 -9.95879e-18 1.5018e-16 3.02363e-10 1.34883e-09 3.50605e-10 1.35986e-09
0.443816 5.0521e-11 1.16173e-11 1.38104e-10 7.07165e-10 -1.08114e-17 1.61978e-16 3.16693e-10 1.40447e-09 3.67215e-10 1.41608e-09
0.444174 5.29224e-11 1.22376e-11 1.44696e-10 7.36567e-10 -1.17431e-17 1.74786e-16 3.31794e-10 1.46274e-09 3.84716e-10 1.47498e-09
0.444531 5.54536e-11 1.2895e-11 1.51644e-10 7.67374e-10 -1.27618e-17 1.88698e-16 3.47711e-10 1.52379e-09 4.03165e-10 1.53668e-09
0.444889 5.81224e-11 1.35923e-11 1.58971e-10 7.99662e-10 -1.38763e-17 2.03816e-16 3.64494e-10 1.58777e-09 4.22617e-10 1.60136e-09
0.445247 6.09373e-11 1.43319e-11 1.667e-10 8.33512e-10 -1.50962e-17 2.20254e-16 3.82196e-10 1.65483e-09 4.43134e-10 1.66917e-09
0.445604 6.39072e-11 1.51169e-11 1.74854e-10 8.69009e-10 -1.64324e-17 2.38137e-16 4.00874e-10 1.72515e-09 4.64781e-10 1.74027e-09
0.445962 6.70417e-11 1.59502e-11 1.83461e-10 9.06244e-10 -1.78967e-17 2.57603e-16 4.20587e-10 1.79891e-09 4.87628e-10 1.81486e-09
0.44632 7.03511e-11 1.68353e-11 1.92548e-10 9.45315e-10 -1.95024e-17 2.78802e-16 4.41399e-10 1.87629e-09 5.1175e-10 1.89313e-09
0.446677 7.38463e-11 1.77757e-11 2.02146e-10 9.86322e-10 -2.12643e-17 3.01902e-16 4.63381e-10 1.9575e-09 5.37227e-10 1.97527e-09
0.447035 7.7539e-11 1.87752e-11 2.12288e-10 1.02938e-09 -2.31987e-17 3.27089e-16 4.86605e-10 2.04275e-09 5.64144e-10 2.06152e-09
0.447392 8.14418e-11 1.9838e-11 2.23006e-10 1.07459e-09 -2.53239e-17 3.54566e-16 5.1115e-10 2.13227e-09 5.92592e-10 2.15211e-09
0.44775 8.55682e-11 2.09686e-11 2.34339e-10 1.12209e-09 -2.766e-17 3.84559e-16 5.37101e-10 2.2263e-09 6.22669e-10 2.24727e-09
0.448108 8.99324e-11 2.21717e-11 2.46325e-10 1.17201e-09 -3.02298e-17 4.17317e-16 5.64548e-10 2.3251e-09 6.5448e-10 2.34727e-09
0.448465 9.45499e-11 2.34526e-11 2.59008e-10 1.22449e-09 -3.30583e-17 4.53117e-16 5.93587e-10 2.42895e-09 6.88137e-10 2.4524e-09
0.448823 9.94373e-11 2.48168e-11 2.72432e-10 1.27966e-09 -3.61738e-17 4.92265e-16 6.24323e-10 2.53813e-09 7.2376e-10 2.56295e-09
0.449181 1.04612e-10 2.62704e-11 2.86645e-10 1.33771e-09 -3.96076e-17 5.351e-16 6.56866e-10 2.65297e-09 7.61478e-10 2.67924e-09
0.449538 1.10094e-10 2.78199e-11 3.01702e-10 1.39878e-09 -4.33947e-17 5.81998e-16 6.91336e-10 2.77378e-09 8.01429e-10 2.8016e-09
0.449896 1.15902e-10 2.94725e-11 3.17656e-10 1.46306e-09 -4.75745e-17 6.33378e-16 7.27861e-10 2.90093e-09 8.43763e-10 2.9304e-09
0.450253 1.22059e-10 3.12356e-11 3.34568e-10 1.53075e-09 -5.21908e-17 6.89703e-16 7.66578e-10 3.03478e-09 8.88638e-10 3.06602e-09
0.450611 1.28589e-10 3.31175e-11 3.52504e-10 1.60205e-09 -5.72927e-17 7.51489e-16 8.07636e-10 3.17575e-09 9.36225e-10 3.20887e-09
0.450969 1.35517e-10 3.51273e-11 3.71532e-10 1.67717e-09 -6.29355e-17 8.1931e-16 8.51192e-10 3.32427e-09 9.86709e-10 3.35939e-09
0.451326 1.42869e-10 3.72745e-11 3.91727e-10 1.75635e-09 -6.9181e-17 8.93805e-16 8.97419e-10 3.48078e-09 1.04029e-09 3.51805e-09
0.451684 1.50676e-10 3.95697e-11 4.1317e-10 1.83984e-09 -7.60987e-17 9.75687e-16 9.46499e-10 3.64578e-09 1.09718e-09 3.68535e-09
0.452042 1.58969e-10 4.20242e-11 4.35947e-10 1.92791e-09 -8.37664e-17 1.06575e-15 9.98631e-10 3.81979e-09 1.1576e-09 3.86182e-09
0.452399 1.67782e-10 4.46503e-11 4.60151e-10 2.02083e-09 -9.22722e-17 1.16487e-15 1.05403e-09 4.00338e-09 1.22181e-09 4.04803e-09
0.452757 1.77152e-10 4.74614e-11 4.85883e-10 2.11892e-09 -1.01715e-16 1.27406e-15 1.11292e-09 4.19714e-09 1.29007e-09 4.2446e-09
0.453115 1.87117e-10 5.04721e-11 5.13252e-10 2.22251e-09 -1.12205e-16 1.3944e-15 1.17555e-09 4.4017e-09 1.36267e-09 4.45217e-09
0.453472 1.97722e-10 5.36981e-11 5.42373e-10 2.33193e-09 -1.2387e-16 1.52714e-15 1.24219e-09 4.61776e-09 1.43991e-09 4.67146e-09
0.45383 2.09011e-10 5.71567e-11 5.73373e-10 2.44757e-09 -1.36849e-16 1.67366e-15 1.31313e-09 4.84605e-09 1.52214e-09 4.90321e-09
0.454187 2.21036e-10 6.08665e-11 6.06388e-10 2.56982e-09 -1.51304e-16 1.83552e-15 1.38868e-09 5.08735e-09 1.60972e-09 5.14822e-09
0.454545 2.33848e-10 6.4848e-11 6.41566e-10 2.69912e-09 -1.67416e-16 2.01445e-15 1.46917e-09 5.34252e-09 1.70302e-09 5.40736e-09
0.454903 2.47508e-10 6.91232e-11 6.79066e-10 2.83594e-09 -1.85389e-16 2.2124e-15 1.55498e-09 5.61244e-09 1.80249e-09 5.68157e-09
0.45526 2.62076e-10 7.37163e-11 7.1906e-10 2.98075e-09 -2.05456e-16 2.43158e-15 1.64649e-09 5.8981e-09 1.90856e-09 5.97182e-09
0.455618 2.77623e-10 7.86539e-11 7.61735e-10 3.13411e-09 -2.27879e-16 2.67445e-15 1.74412e-09 6.20054e-09 2.02174e-09 6.2792e-09
0.455976 2.94222e-10 8.39646e-11 8.07292e-10 3.29657e-09 -2.52958e-16 2.94378e-15 1.84835e-09 6.52088e-09 2.14257e-09 6.60485e-09
0.456333 3.11952e-10 8.96799e-11 8.5595e-10 3.46877e-09 -2.81033e-16 3.24271e-15 1.95967e-09 6.86032e-09 2.27162e-09 6.95e-09
0.456691 3.30901e-10 9.58343e-11 9.07947e-10 3.65135e-09 -3.12489e-16 3.57475e-15 2.07862e-09 7.22016e-09 2.40952e-09 7.31599e-09
0.457048 3.51163e-10 1.02465e-10 9.6354e-10 3.84504e-09 -3.47766e-16 3.9439e-15 2.20579e-09 7.60179e-09 2.55696e-09 7.70425e-09
0.457406 3.7284e-10 1.09614e-10 1.02301e-09 4.05059e-09 -3.87365e-16 4.35463e-15 2.34183e-09 8.00671e-09 2.71467e-09 8.11632e-09
0.457764 3.96044e-10 1.17327e-10 1.08666e-09 4.26885e-09 -4.31859e-16 4.81205e-15 2.48742e-09 8.43654e-09 2.88347e-09 8.55387e-09
0.458121 4.20896e-10 1.25651e-10 1.15482e-09 4.5007e-09 -4.81901e-16 5.32191e-15 2.64333e-09 8.89303e-09 3.06422e-09 9.01868e-09
0.458479 4.47527e-10 1.34643e-10 1.22785e-09 4.74711e-09 -5.38238e-16 5.89072e-15 2.81037e-09 9.37805e-09 3.25789e-09 9.51269e-09
0.458837 4.76082e-10 1.44361e-10 1.30614e-09 5.00912e-09 -6.01724e-16 6.52588e-15 2.98943e-09 9.89363e-09 3.46552e-09 1.0038e-08
0.459194 5.06716e-10 1.54872e-10 1.39012e-09 5.28785e-09 -6.73342e-16 7.23579e-15 3.1815e-09 1.0442e-08 3.68822e-09 1.05968e-08
0.459552 5.396e-10 1.66246e-10 1.48025e-09 5.58451e-09 -7.54214e-16 8.03e-15 3.38764e-09 1.10254e-08 3.92724e-09 1.11917e-08
0.459909 5.74921e-10 1.78564e-10 1.57704e-09 5.90044e-09 -8.45633e-16 8.91936e-15 3.609e-09 1.16466e-08 4.18392e-09 1.18252e-08
0.460267 6.12882e-10 1.91914e-10 1.68104e-09 6.23704e-09 -9.49086e-16 9.91624e-15 3.84685e-09 1.23082e-08 4.45973e-09 1.25001e-08
0.460625 6.53705e-10 2.06391e-10 1.79287e-09 6.59585e-09 -1.06628e-15 1.10348e-14 4.10258e-09 1.30133e-08 4.75628e-09 1.32197e-08
0.460982 6.97634e-10 2.22102e-10 1.91317e-09 6.97856e-09 -1.1992e-15 1.2291e-14 4.37769e-09 1.3765e-08 5.07532e-09 1.39871e-08
0.46134 7.44934e-10 2.39164e-10 2.04268e-09 7.38698e-09 -1.35011e-15 1.37034e-14 4.67384e-09 1.45671e-08 5.41877e-09 1.48062e-08
0.461698 7.95898e-10 2.57708e-10 2.18219e-09 7.82306e-09 -1.52165e-15 1.5293e-14 4.99284e-09 1.54231e-08 5.78874e-09 1.56808e-08
0.462055 8.50845e-10 2.77876e-10 2.33256e-09 8.28896e-09 -1.71686e-15 1.7084e-14 5.33668e-09 1.63374e-08 6.18753e-09 1.66152e-08
0.462413 9.10126e-10 2.99829e-10 2.49475e-09 8.78698e-09 -1.93928e-15 1.9104e-14 5.70754e-09 1.73143e-08 6.61767e-09 1.76142e-08
0.46277 9.74126e-10 3.23743e-10 2.66981e-09 9.31966e-09 -2.19301e-15 2.13847e-14 6.10781e-09 1.83589e-08 7.08193e-09 1.86826e-08
0.463128 1.04327e-09 3.49813e-10 2.85889e-09 9.88975e-09 -2.48281e-15 2.39629e-14 6.54011e-09 1.94764e-08 7.58338e-09 1.98262e-08
0.463486 1.11802e-09 3.78256e-10 3.06324e-09 1.05003e-08 -2.81421e-15 2.68805e-14 7.00733e-09 2.06726e-08 8.12535e-09 2.10509e-08
0.463843 1.1989e-09 4.09315e-10 3.28426e-09 1.11544e-08 -3.19369e-15 3.01861e-14 7.51265e-09 2.1954e-08 8.71155e-09 2.23633e-08
0.464201 1.28647e-09 4.43259e-10 3.52348e-09 1.18558e-08 -3.62878e-15 3.39357e-14 8.05958e-09 2.33272e-08 9.34604e-09 2.37705e-08
0.464559 1.38134e-09 4.80386e-10 3.7826e-09 1.26083e-08 -4.12829e-15 3.8194e-14 8.65196e-09 2.47999e-08 1.00333e-08 2.52803e-08
0.464916 1.48422e-09 5.21031e-10 4.06346e-09 1.34162e-08 -4.70253e-15 4.3036e-14 9.29407e-09 2.63803e-08 1.07783e-08 2.69014e-08
0.465274 1.59586e-09 5.65566e-10 4.36814e-09 1.42842e-08 -5.36361e-15 4.85485e-14 9.99059e-09 2.80774e-08 1.15865e-08 2.86429e-08
0.465631 1.71711e-09 6.14409e-10 4.6989e-09 1.52172e-08 -6.1257e-15 5.48324e-14 1.07467e-08 2.99009e-08 1.24638e-08 3.05153e-08
0.465989 1.84889e-09 6.68025e-10 5.05826e-09 1.62209e-08 -7.00552e-15 6.2005e-14 1.15683e-08 3.18616e-08 1.34172e-08 3.25296e-08
0.466347 1.99224e-09 7.26936e-10 5.44901e-09 1.73014e-08 -8.02274e-15 7.02026e-14 1.24615e-08 3.39713e-08 1.44538e-08 3.46982e-08
0.466704 2.14831e-09 7.91727e-10 5.87424e-09 1.84654e-08 -9.20056e-15 7.95844e-14 1.34336e-08 3.62428e-08 1.55819e-08 3.70346e-08
0.467062 2.31836e-09 8.63055e-10 6.33739e-09 1.97203e-08 -1.05664e-14 9.03362e-14 1.44923e-08 3.86904e-08 1.68107e-08 3.95535e-08
0.46742 2.50383e-09 9.41658e-10 6.84224e-09 2.10742e-08 -1.21528e-14 1.02675e-13 1.56464e-08 4.13296e-08 1.81502e-08 4.22713e-08
0.467777 2.70627e-09 1.02837e-09 7.39306e-09 2.25359e-08 -1.39982e-14 1.16856e-13 1.69055e-08 4.41775e-08 1.96118e-08 4.52058e-08
0.468135 2.92745e-09 1.12412e-09 7.99454e-09 2.41154e-08 -1.61484e-14 1.33177e-13 1.82805e-08 4.72528e-08 2.12079e-08 4.83769e-08
0.468493 3.16932e-09 1.22996e-09 8.65195e-09 2.58233e-08 -1.86579e-14 1.51989e-13 1.97833e-08 5.05763e-08 2.29526e-08 5.18063e-08
0.46885 3.43407e-09 1.34709e-09 9.37115e-09 2.76718e-08 -2.15916e-14 1.73706e-13 2.14273e-08 5.41709e-08 2.48613e-08 5.5518e-08
0.469208 3.72414e-09 1.47686e-09 1.01587e-08 2.96738e-08 -2.50272e-14 1.98814e-13 2.32275e-08 5.80617e-08 2.69516e-08 5.95386e-08
0.469565 4.04227e-09 1.62079e-09 1.10219e-08 3.18441e-08 -2.90576e-14 2.27889e-13 2.52007e-08 6.22766e-08 2.9243e-08 6.38974e-08
0.469923 4.39152e-09 1.78062e-09 1.19689e-08 3.41988e-08 -3.37943e-14 2.61611e-13 2.73656e-08 6.68464e-08 3.17571e-08 6.8627e-08
0.470281 4.77534e-09 1.9583e-09 1.3009e-08 3.67557e-08 -3.93713e-14 3.00789e-13 2.97432e-08 7.1805e-08 3.45185e-08 7.37633e-08
0.470638 5.19758e-09 2.15607e-09 1.41525e-08 3.95347e-08 -4.595e-14 3.46379e-13 3.23571e-08 7.71903e-08 3.75546e-08 7.93464e-08
0.470996 5.66259e-09 2.37648e-09 1.54108e-08 4.25579e-08 -5.37251e-14 3.99524e-13 3.52337e-08 8.30441e-08 4.08963e-08 8.54206e-08
0.471354 6.17527e-09 2.62243e-09 1.67972e-08 4.58498e-08 -6.29324e-14 4.61582e-13 3.84029e-08 8.94128e-08 4.45782e-08 9.20352e-08
0.471711 6.74113e-09 2.89724e-09 1.83262e-08 4.94375e-08 -7.38574e-14 5.34179e-13 4.18983e-08 9.6348e-08 4.86394e-08 9.92453e-08
0.472069 7.36641e-09 3.2047e-09 2.00143e-08 5.33516e-08 -8.68473e-14 6.19258e-13 4.57576e-08 1.03907e-07 5.31241e-08 1.07112e-07
0.472426 8.05815e-09 3.54915e-09 2.18803e-08 5.76258e-08 -1.02325e-13 7.19152e-13 5.00238e-08 1.12155e-07 5.80819e-08 1.15704e-07
0.472784 8.82435e-09 3.93559e-09 2.39454e-08 6.22981e-08 -1.20806e-13 8.36664e-13 5.4745e-08 1.21161e-07 6.35694e-08 1.25097e-07
0.473142 9.67404e-09 4.36975e-09 2.62334e-08 6.74108e-08 -1.42921e-13 9.75168e-13 5.99762e-08 1.31007e-07 6.96503e-08 1.35377e-07
0.473499 1.06175e-08 4.85823e-09 2.87714e-08 7.30113e-08 -1.69447e-13 1.13874e-12 6.57794e-08 1.4178e-07 7.63969e-08 1.46639e-07
0.473857 1.16665e-08 5.40866e-09 3.15904e-08 7.91528e-08 -2.01334e-13 1.33231e-12 7.22252e-08 1.53582e-07 8.38917e-08 1.5899e-07
0.474215 1.28343e-08 6.02983e-09 3.47254e-08 8.58948e-08 -2.39757e-13 1.56185e-12 7.93938e-08 1.66522e-07 9.22281e-08 1.72552e-07
0.474572 1.4136e-08 6.73195e-09 3.82162e-08 9.33046e-08 -2.86169e-13 1.83463e-12 8.73768e-08 1.80727e-07 1.01513e-07 1.87459e-07
0.47493 1.55892e-08 7.52683e-09 4.21085e-08 1.01458e-07 -3.42368e-13 2.15949e-12 9.62782e-08 1.96337e-07 1.11867e-07 2.03864e-07
0.475287 1.72137e-08 8.42823e-09 4.64543e-08 1.10439e-07 -4.10591e-13 2.54723e-12 1.06217e-07 2.13511e-07 1.23431e-07 2.21939e-07
0.475645 1.90322e-08 9.45213e-09 5.13131e-08 1.20345e-07 -4.93627e-13 3.01108e-12 1.17331e-07 2.32425e-07 1.36363e-07 2.41877e-07
0.476003 2.1071e-08 1.06172e-08 5.67531e-08 1.31283e-07 -5.9496e-13 3.56725e-12 1.29775e-07 2.53282e-07 1.50846e-07 2.63899e-07
0.47636 2.33603e-08 1.19453e-08 6.28527e-08 1.43378e-07 -7.18962e-13 4.23571e-12 1.43729e-07 2.76308e-07 1.67089e-07 2.88253e-07
0.476718 2.59348e-08 1.3462e-08 6.97021e-08 1.56767e-07 -8.71127e-13 5.04105e-12 1.594e-07 3.01758e-07 1.85334e-07 3.1522e-07
0.477076 2.88346e-08 1.51972e-08 7.74048e-08 1.7161e-07 -1.05839e-12 6.01371e-12 1.77025e-07 3.29923e-07 2.05859e-07 3.45121e-07
0.477433 3.21062e-08 1.71864e-08 8.60807e-08 1.88086e-07 -1.28952e-12 7.19143e-12 1.96879e-07 3.61132e-07 2.28985e-07 3.78319e-07
0.477791 3.58033e-08 1.94712e-08 9.5868e-08 2.064e-07 -1.57566e-12 8.6211e-12 2.1928e-07 3.95758e-07 2.55083e-07 4.15229e-07
0.478148 3.99885e-08 2.21009e-08 1.06927e-07 2.26785e-07 -1.93101e-12 1.03612e-11 2.44594e-07 4.34224e-07 2.84583e-07 4.56325e-07
0.478506 4.47345e-08 2.51337e-08 1.19443e-07 2.49509e-07 -2.37369e-12 1.24848e-11 2.7325e-07 4.77013e-07 3.17984e-07 5.02146e-07
0.478864 5.01262e-08 2.86391e-08 1.33633e-07 2.74876e-07 -2.92698e-12 1.50836e-11 3.05741e-07 5.24674e-07 3.55867e-07 5.53313e-07
0.479221 5.62625e-08 3.26996e-08 1.49747e-07 3.03236e-07 -3.62081e-12 1.82728e-11 3.42646e-07 5.77835e-07 3.98909e-07 6.10534e-07
0.479579 6.32595e-08 3.74136e-08 1.68078e-07 3.34991e-07 -4.49388e-12 2.21977e-11 3.84638e-07 6.37211e-07 4.47898e-07 6.74625e-07
0.479937 7.12532e-08 4.28991e-08 1.8897e-07 3.70602e-07 -5.59634e-12 2.7042e-11 4.32504e-07 7.03624e-07 5.03757e-07 7.46523e-07
0.480294 8.04038e-08 4.92975e-08 2.12821e-07 4.10601e-07 -6.99349e-12 3.30388e-11 4.87166e-07 7.7801e-07 5.6757e-07 8.27308e-07
0.480652 9.08998e-08 5.67791e-08 2.40102e-07 4.556e-07 -8.77063e-12 4.04845e-11 5.49704e-07 8.61447e-07 6.40604e-07 9.18227e-07
0.481009 1.02964e-07 6.55492e-08 2.71365e-07 5.06307e-07 -1.10397e-11 4.97576e-11 6.2139e-07 9.55171e-07 7.24354e-07 1.02072e-06
0.481367 1.16859e-07 7.58562e-08 3.07259e-07 5.63541e-07 -1.3948e-11 6.13421e-11 7.0372e-07 1.0606e-06 8.2058e-07 1.13646e-06
0.481725 1.32899e-07 8.80016e-08 3.48548e-07 6.28252e-07 -1.76905e-11 7.58594e-11 7.98459e-07 1.17937e-06 9.31358e-07 1.26737e-06
0.482082 1.51454e-07 1.02352e-07 3.96136e-07 7.0154e-07 -2.25259e-11 9.41095e-11 9.07693e-07 1.31336e-06 1.05915e-06 1.41571e-06
0.48244 1.72967e-07 1.19356e-07 4.51092e-07 7.84686e-07 -2.87994e-11 1.17125e-10 1.03389e-06 1.46474e-06 1.20686e-06 1.5841e-06
0.482798 1.97967e-07 1.3956e-07 5.1468e-07 8.79177e-07 -3.69729e-11 1.46243e-10 1.17998e-06 1.636e-06 1.37795e-06 1.77556e-06
0.483155 2.27086e-07 1.63638e-07 5.88402e-07 9.8675e-07 -4.7668e-11 1.83198e-10 1.34943e-06 1.83003e-06 1.57652e-06 1.99367e-06
0.483513 2.61083e-07 1.92418e-07 6.74039e-07 1.10943e-06 -6.17237e-11 2.30247e-10 1.54639e-06 2.05015e-06 1.80747e-06 2.24257e-06
0.483871 3.00869e-07 2.26924e-07 7.73711e-07 1.24957e-06 -8.02783e-11 2.90334e-10 1.77576e-06 2.30018e-06 2.07663e-06 2.5271e-06
0.484228 3.47541e-07 2.68424e-07 8.89936e-07 1.40994e-06 -1.04882e-10 3.67306e-10 2.04341e-06 2.58453e-06 2.39095e-06 2.85296e-06
0.484586 4.02422e-07 3.18493e-07 1.02572e-06 1.59377e-06 -1.37655e-10 4.66197e-10 2.35633e-06 2.90828e-06 2.75876e-06 3.22678e-06
0.484943 4.67113e-07 3.79097e-07 1.18462e-06 1.80482e-06 -1.81511e-10 5.93601e-10 2.72287e-06 3.27725e-06 3.18998e-06 3.65635e-06
0.485301 5.43547e-07 4.52689e-07 1.37089e-06 2.0475e-06 -2.40463e-10 7.58166e-10 3.15295e-06 3.6981e-06 3.69649e-06 4.15079e-06
0.485659 6.34071e-07 5.42348e-07 1.58958e-06 2.32696e-06 -3.20069e-10 9.71226e-10 3.65843e-06 4.17843e-06 4.2925e-06 4.72078e-06
0.486016 7.41527e-07 6.51941e-07 1.84667e-06 2.64919e-06 -4.28045e-10 1.24762e-09 4.2534e-06 4.72685e-06 4.99493e-06 5.3788e-06
0.486374 8.69365e-07 7.8634e-07 2.14922e-06 3.02117e-06 -5.75138e-10 1.60672e-09 4.95459e-06 5.35307e-06 5.82396e-06 6.13941e-06
0.486732 1.02177e-06 9.51695e-07 2.50556e-06 3.451e-06 -7.76359e-10 2.07374e-09 5.78178e-06 6.06787e-06 6.80355e-06 7.01956e-06
0.487089 1.20381e-06 1.15578e-06 2.9254e-06 3.94798e-06 -1.05271e-09 2.68125e-09 6.75821e-06 6.88311e-06 7.96202e-06 8.03889e-06
0.487447 1.42162e-06 1.40844e-06 3.41999e-06 4.52282e-06 -1.43359e-09 3.47093e-09 7.91101e-06 7.81156e-06 9.33263e-06 9.22e-06
0.487804 1.6826e-06 1.72214e-06 4.00217e-06 5.18761e-06 -1.9602e-09 4.49542e-09 9.27146e-06 8.86659e-06 1.09541e-05 1.05887e-05
0.488162 1.99564e-06 2.11265e-06 4.68632e-06 5.95595e-06 -2.69014e-09 5.81982e-09 1.08751e-05 1.00616e-05 1.28707e-05 1.21742e-05
0.48852 2.37135e-06 2.59993e-06 5.48811e-06 6.84275e-06 -3.70369e-09 7.52227e-09 1.27614e-05 1.14089e-05 1.51327e-05 1.40088e-05
0.488877 2.82226e-06 3.20911e-06 6.42388e-06 7.86401e-06 -5.11212e-09 9.6922e-09 1.49726e-05 1.29187e-05 1.77949e-05 1.61278e-05
0.489235 3.36302e-06 3.97175e-06 7.50945e-06 9.03619e-06 -7.06826e-09 1.24242e-08 1.7552e-05 1.45964e-05 2.0915e-05 1.85682e-05
0.489593 4.01043e-06 4.92713e-06 8.75815e-06 1.03752e-05 -9.77928e-09 1.58034e-08 2.05395e-05 1.64396e-05 2.45499e-05 2.13667e-05
0.48995 4.78331e-06 6.12369e-06 1.01775e-05 1.18949e-05 -1.35208e-08 1.98777e-08 2.39656e-05 1.84335e-05 2.87489e-05 2.45572e-05
0.490308 5.70197e-06 7.62031e-06 1.17641e-05 1.36042e-05 -1.86493e-08 2.4607e-08 2.78409e-05 2.05449e-05 3.35429e-05 2.81652e-05
0.490665 6.78717e-06 9.48705e-06 1.34963e-05 1.55039e-05 -2.56085e-08 2.97814e-08 3.21407e-05 2.2714e-05 3.89279e-05 3.2201e-05
0.491023 8.05831e-06 1.1805e-05 1.53231e-05 1.75813e-05 -3.49171e-08 3.48948e-08 3.67828e-05 2.48441e-05 4.48411e-05 3.6649e-05
0.491381 9.53041e-06 1.4664e-05 1.71497e-05 1.98029e-05 -4.71243e-08 3.89686e-08 4.15966e-05 2.67897e-05 5.1127e-05 4.14537e-05
0.491738 1.12099e-05 1.81574e-05 1.88182e-05 2.21065e-05 -6.27067e-08 4.03312e-08 4.62831e-05 2.83431e-05 5.7493e-05 4.65005e-05
0.492096 1.30885e-05 2.23721e-05 2.00847e-05 2.43893e-05 -8.18794e-08 3.63912e-08 5.03653e-05 2.9221e-05 6.34538e-05 5.15931e-05
0.492454 1.51361e-05 2.73717e-05 2.05927e-05 2.64966e-05 -1.04299e-07 2.34924e-08 5.31328e-05 2.90544e-05 6.82689e-05 5.64261e-05
0.492811 1.72916e-05 3.31713e-05 1.98488e-05 2.82081e-05 -1.2866e-07 -2.9863e-09 5.35863e-05 2.73842e-05 7.08779e-05 6.05554e-05
0.493169 1.94545e-05 3.97026e-05 1.72027e-05 2.92269e-05 -1.52254e-07 -4.80557e-08 5.03949e-05 2.36678e-05 6.98494e-05 6.33704e-05
0.493526 2.14779e-05 4.67696e-05 1.18437e-05 2.91706e-05 -1.70654e-07 -1.15818e-07 4.18822e-05 1.73011e-05 6.33601e-05 6.40707e-05
0.493884 2.31658e-05 5.39972e-05 2.82135e-06 2.75685e-05 -1.77807e-07 -2.07316e-07 2.6064e-05 7.65885e-06 4.92298e-05 6.16561e-05
0.494242 2.42776e-05 6.0779e-05 -1.08965e-05 2.3868e-05 -1.66924e-07 -3.17729e-07 7.6106e-07 -5.84511e-06 2.50386e-05 5.49339e-05
0.494599 2.45431e-05 6.62338e-05 -3.03191e-05 1.74523e-05 -1.32489e-07 -4.33687e-07 -3.61914e-05 -2.36801e-05 -1.16483e-05 4.25537e-05
0.494957 2.36899e-05 6.91848e-05 -5.62758e-05 7.67253e-06 -7.34309e-08 -5.32107e-07 -8.6625e-05 -4.61122e-05 -6.29351e-05 2.30726e-05
0.495315 2.14834e-05 6.81768e-05 -8.92079e-05 -6.10549e-06 3.05727e-09 -5.82397e-07 -0.000151612 -7.31193e-05 -0.000130129 -4.94256e-06
0.495672 1.77765e-05 6.15478e-05 -0.000128923 -2.44377e-05 7.83735e-08 -5.53572e-07 -0.000230957 -0.000104325 -0.00021318 -4.27775e-05
0.49603 1.25638e-05 4.75693e-05 -0.000174342 -4.77244e-05 1.21983e-07 -4.26438e-07 -0.00032266 -0.000138968 -0.000310096 -9.13991e-05
0.496387 6.03081e-06 2.46585e-05 -0.000223278 -7.61227e-05 9.55705e-08 -2.08549e-07 -0.000422444 -0.000175918 -0.000416414 -0.00015126
0.496745 -1.41432e-06 -8.34178e-06 -0.000272316 -0.000109456 -3.70437e-08 5.33005e-08 -0.000523476 -0.000213753 -0.00052489 -0.000222095
0.497103 -9.13886e-06 -5.18415e-05 -0.000316858 -0.000147134 -2.95273e-07 2.70222e-07 -0.000616416 -0.000250894 -0.000625555 -0.000302735
0.49746 -1.63259e-05 -0.000105186 -0.000351408 -0.000188095 -6.66364e-07 3.24566e-07 -0.000689981 -0.00028578 -0.000706307 -0.000390966
0.497818 -2.20632e-05 -0.000166411 -0.000370143 -0.000230792 -1.09563e-06 1.01441e-07 -0.000732084 -0.000317068 -0.000754147 -0.000483479
0.498176 -2.54764e-05 -0.000232148 -0.000367741 -0.000273239 -1.48919e-06 -4.67513e-07 -0.000731561 -0.000343795 -0.000757037 -0.000575942
0.498533 -2.58913e-05 -0.000297758 -0.000340397 -0.000313126 -1.73309e-06 -1.36273e-06 -0.000680291 -0.000365483 -0.000706183 -0.000663241
0.498891 -2.2992e-05 -0.000357748 -0.000286813 -0.000348009 -1.72639e-06 -2.45706e-06 -0.000575303 -0.000382133 -0.000598295 -0.000739881
0.499249 -1.69371e-05 -0.000406436 -0.000208921 -0.000375547 -1.41829e-06 -3.53337e-06 -0.000420323 -0.000394105 -0.00043726 -0.000800541
0.499606 -8.39158e-06 -0.000438797 -0.000112063 -0.000393768 -8.34323e-07 -4.34124e-06 -0.000226218 -0.000401903 -0.00023461 -0.0008407
0.499964 1.54686e-06 -0.000451296 -4.49162e-06 -0.000401317 -7.83245e-08 -4.676e-06 -9.95814e-06 -0.000405935 -8.41128e-06 -0.000857231
0.500321 1.15234e-05 -0.000442529 0.000103805 -0.000397631 6.941e-07 -4.44943e-06 0.000207828 -0.000406312 0.000219351 -0.000848841
0.500679 2.0166e-05 -0.000413481 0.000202697 -0.000383016 1.32229e-06 -3.72142e-06 0.000406213 -0.000402779 0.000426379 -0.00081626
0.501037 2.63312e-05 -0.000367347 0.000283551 -0.000358603 1.68926e-06 -2.67846e-06 0.000567415 -0.000394779 0.000593746 -0.000762126
0.501394 2.9293e-05 -0.000308952 0.000340496 -0.000326194 1.75328e-06 -1.56845e-06 0.000679456 -0.000381654 0.000708749 -0.000690606
0.501752 2.88344e-05 -0.000243933 0.000371059 -0.000288037 1.5516e-06 -6.20729e-07 0.000737462 -0.000362898 0.000766296 -0.000606831
0.50211 2.52302e-05 -0.000177886 0.000376086 -0.000246556 1.17815e-06 1.7078e-08 0.000743466 -0.000338384 0.000768696 -0.00051627
0.502467 1.91403e-05 -0.000115647 0.000359098 -0.000204106 7.47312e-07 3.04755e-07 0.000705001 -0.000308505 0.000724141 -0.000424151
0.502825 1.14521e-05 -6.08329e-05 0.000325313 -0.000162767 3.59022e-07 2.96275e-07 0.000633033 -0.000274188 0.000644486 -0.000335021
0.503182 3.11419e-06 -1.56558e-05 0.000280621 -0.000124211 7.64152e-08 1.01111e-07 0.000539792 -0.000236806 0.000542907 -0.000252461
0.50354 -5.0065e-06 1.90193e-05 0.000230689 -8.96351e-05 -7.99766e-08 -1.60505e-07 0.00043694 -0.000197998 0.000431934 -0.000178978
0.503898 -1.22229e-05 4.34475e-05 0.000180351 -5.97652e-05 -1.24417e-07 -3.92312e-07 0.000334307 -0.000159469 0.000322084 -0.000116022
0.504255 -1.80766e-05 5.86922e-05 0.000133266 -3.48973e-05 -9.10973e-08 -5.38996e-07 0.000239234 -0.000122797 0.000221158 -6.4105e-05
0.504613 -2.23428e-05 6.62976e-05 9.18365e-05 -1.49741e-05 -1.8931e-08 -5.86092e-07 0.000156444 -8.92764e-05 0.000134101 -2.29789e-05
0.504971 -2.50011e-05 6.79972e-05 5.731e-05 3.2762e-07 5.94714e-08 -5.48777e-07 8.82756e-05 -5.98293e-05 6.32745e-05 8.16795e-06
0.505328 -2.61869e-05 6.54873e-05 2.99903e-05 1.15095e-05 1.23059e-07 -4.56883e-07 3.51487e-05 -3.49737e-05 8.96188e-06 3.05137e-05
0.505686 -2.6136e-05 6.0273e-05 9.49431e-06 1.91721e-05 1.62587e-07 -3.41869e-07 -3.89687e-06 -1.48456e-05 -3.00329e-05 4.54274e-05
0.506043 -2.51318e-05 5.35854e-05 -4.99418e-06 2.39484e-05 1.77815e-07 -2.28649e-07 -3.06724e-05 7.38689e-07 -5.58042e-05 5.43241e-05
0.506401 -2.34614e-05 4.63562e-05 -1.45044e-05 2.64534e-05 1.73683e-07 -1.32517e-07 -4.73887e-05 1.2199e-05 -7.08501e-05 5.85551e-05
0.506759 -2.13854e-05 3.9234e-05 -2.0109e-05 2.72484e-05 1.56945e-07 -5.97943e-08 -5.6312e-05 2.01005e-05 -7.76974e-05 5.93345e-05
0.507116 -1.912e-05 3.26257e-05 -2.28086e-05 2.68194e-05 1.33915e-07 -1.03557e-08 -5.95316e-05 2.50713e-05 -7.86515e-05 5.7697e-05
0.507474 -1.68302e-05 2.67487e-05 -2.34651e-05 2.55681e-05 1.09378e-07 1.95041e-08 -5.88301e-05 2.77354e-05 -7.56602e-05 5.44841e-05
0.507832 -1.46315e-05 2.16842e-05 -2.27752e-05 2.38122e-05 8.63742e-08 3.47574e-08 -5.56341e-05 2.86654e-05 -7.02656e-05 5.03496e-05
0.508189 -1.25966e-05 1.7423e-05 -2.12714e-05 2.17916e-05 6.64538e-08 4.01777e-08 -5.10218e-05 2.83554e-05 -6.36184e-05 4.57783e-05
0.508547 -1.07639e-05 1.39029e-05 -1.93398e-05 1.96793e-05 5.01179e-08 3.96395e-08 -4.57639e-05 2.72097e-05 -5.65278e-05 4.11125e-05
0.508904 -9.14716e-06 1.10356e-05 -1.7246e-05 1.75937e-05 3.72354e-08 3.59445e-08 -4.038e-05 2.55445e-05 -4.95271e-05 3.65801e-05
0.509262 -7.74296e-06 8.72503e-06 -1.51621e-05 1.56103e-05 2.73629e-08 3.09339e-08 -3.5197e-05 2.35964e-05 -4.294e-05 3.23215e-05
0.50962 -6.53771e-06 6.87783e-06 -1.31916e-05 1.3773e-05 1.99547e-08 2.57081e-08 -3.04018e-05 2.15353e-05 -3.69395e-05 2.84131e-05
0.509977 -5.51228e-06 5.40968e-06 -1.13898e-05 1.21029e-05 1.44802e-08 2.08537e-08 -2.60842e-05 1.94774e-05 -3.15965e-05 2.4887e-05
0.510335 -4.64542e-06 4.24761e-06 -9.78006e-06 1.06055e-05 1.04783e-08 1.66292e-08 -2.22708e-05 1.74978e-05 -2.69162e-05 2.17454e-05
0.510693 -3.91589e-06 3.33034e-06 -8.36529e-06 9.27685e-06 7.57468e-09 1.31016e-08 -1.89491e-05 1.56418e-05 -2.2865e-05 1.89722e-05
0.51105 -3.30376e-06 2.60755e-06 -7.13649e-06 8.10666e-06 5.47774e-09 1.02361e-08 -1.60847e-05 1.3933e-05 -1.93885e-05 1.65406e-05
0.511408 -2.79104e-06 2.03855e-06 -6.07827e-06 7.08169e-06 3.96723e-09 7.95245e-09 -1.36328e-05 1.23803e-05 -1.64238e-05 1.44189e-05
0.511765 -2.36192e-06 1.59076e-06 -5.17251e-06 6.1874e-06 2.88008e-09 6.15651e-09 -1.15448e-05 1.09832e-05 -1.39067e-05 1.2574e-05
0.512123 -2.00276e-06 1.23834e-06 -4.40055e-06 5.40922e-06 2.09725e-09 4.75704e-09 -9.77313e-06 9.73499e-06 -1.17759e-05 1.09733e-05
0.512481 -1.70198e-06 9.60902e-07 -3.74456e-06 4.73321e-06 1.53268e-09 3.67325e-09 -8.27361e-06 8.6256e-06 -9.97559e-06 9.5865e-06
0.512838 -1.44981e-06 7.42396e-07 -3.18814e-06 4.1465e-06 1.12456e-09 2.83726e-09 -7.00633e-06 7.64332e-06 -8.45614e-06 8.38571e-06
0.513196 -1.23808e-06 5.7023e-07 -2.71668e-06 3.63745e-06 8.28634e-10 2.19388e-09 -5.93616e-06 6.77585e-06 -7.17424e-06 7.34608e-06
0.513554 -1.05999e-06 4.34532e-07 -2.31739e-06 3.19571e-06 6.13318e-10 1.69921e-09 -5.03267e-06 6.01114e-06 -6.09266e-06 6.44567e-06
0.513911 -9.09899e-07 3.27563e-07 -1.97919e-06 2.81218e-06 4.56047e-10 1.31886e-09 -4.26975e-06 5.3377e-06 -5.17965e-06 5.66526e-06
0.514269 -7.83125e-07 2.43255e-07 -1.69264e-06 2.47889e-06 3.40697e-10 1.02618e-09 -3.6252e-06 4.74495e-06 -4.40833e-06 4.9882e-06
0.514627 -6.75801e-07 1.76845e-07 -1.44967e-06 2.18896e-06 2.55728e-10 8.00632e-10 -3.08026e-06 4.22324e-06 -3.75606e-06 4.40009e-06
0.514984 -5.84726e-07 1.24591e-07 -1.24347e-06 1.93642e-06 1.92859e-10 6.26492e-10 -2.6191e-06 3.76394e-06 -3.20383e-06 3.88853e-06
0.515342 -5.0725e-07 8.35466e-08 -1.0683e-06 1.71614e-06 1.46132e-10 4.91738e-10 -2.22845e-06 3.35935e-06 -2.7357e-06 3.4429e-06
0.515699 -4.41179e-07 5.13912e-08 -9.19313e-07 1.52371e-06 1.11243e-10 3.87195e-10 -1.89714e-06 3.00267e-06 -2.33832e-06 3.05406e-06
0.516057 -3.84693e-07 2.6291e-08 -7.92454e-07 1.35533e-06 8.50741e-11 3.05868e-10 -1.61585e-06 2.68792e-06 -2.00054e-06 2.71421e-06
0.516415 -3.3628e-07 6.79544e-09 -6.843e-07 1.20775e-06 6.53561e-11 2.42417e-10 -1.37673e-06 2.40987e-06 -1.71301e-06 2.41666e-06
0.516772 -2.94683e-07 -8.24502e-09 -5.91983e-07 1.07818e-06 5.04318e-11 1.92763e-10 -1.17324e-06 2.16394e-06 -1.46792e-06 2.15569e-06
0.51713 -2.58853e-07 -1.97432e-08 -5.13088e-07 9.64226e-07 3.90854e-11 1.53785e-10 -9.99866e-07 1.94613e-06 -1.25872e-06 1.92639e-06
0.517488 -2.27915e-07 -2.8425e-08 -4.45586e-07 8.63827e-07 3.04211e-11 1.23092e-10 -8.52003e-07 1.75298e-06 -1.07992e-06 1.72455e-06
0.517845 -2.01136e-07 -3.48688e-08 -3.87771e-07 7.75216e-07 2.37763e-11 9.88455e-11 -7.25771e-07 1.58144e-06 -9.26907e-07 1.54657e-06
0.518203 -1.77903e-07 -3.9536e-08 -3.38201e-07 6.9687e-07 1.86587e-11 7.96307e-11 -6.17911e-07 1.42887e-06 -7.95814e-07 1.38933e-06
0.51856 -1.57697e-07 -4.27954e-08 -2.95662e-07 6.27479e-07 1.47008e-11 6.43549e-11 -5.25678e-07 1.29298e-06 -6.83375e-07 1.25019e-06
0.518918 -1.40086e-07 -4.49418e-08 -2.59128e-07 5.65912e-07 1.16274e-11 5.21723e-11 -4.46756e-07 1.17177e-06 -5.86842e-07 1.12683e-06
0.519276 -1.247e-07 -4.62112e-08 -2.2773e-07 5.11193e-07 9.23128e-12 4.24261e-11 -3.79191e-07 1.06348e-06 -5.03891e-07 1.01727e-06
0.519633 -1.11229e-07 -4.67928e-08 -2.00732e-07 4.62477e-07 7.35596e-12 3.46048e-11 -3.21328e-07 9.66601e-07 -4.32557e-07 9.19809e-07
0.519991 -9.94094e-08 -4.68383e-08 -1.77508e-07 4.19032e-07 5.88264e-12 2.8309e-11 -2.71765e-07 8.79794e-07 -3.71175e-07 8.32956e-07
0.520349 -8.90165e-08 -4.64691e-08 -1.57528e-07 3.80225e-07 4.72085e-12 2.3226e-11 -2.29315e-07 8.01898e-07 -3.18332e-07 7.55429e-07
0.520706 -7.98594e-08 -4.57827e-08 -1.40338e-07 3.45503e-07 3.8014e-12 1.91098e-11 -1.92966e-07 7.31896e-07 -2.72825e-07 6.86114e-07
0.521064 -7.17749e-08 -4.48571e-08 -1.25552e-07 3.14386e-07 3.07117e-12 1.5767e-11 -1.61857e-07 6.68896e-07 -2.33632e-07 6.24039e-07
0.521421 -6.46232e-08 -4.37548e-08 -1.12841e-07 2.86457e-07 2.48922e-12 1.30443e-11 -1.35255e-07 6.12117e-07 -1.99879e-07 5.68362e-07
0.521779 -5.82846e-08 -4.25254e-08 -1.01922e-07 2.6135e-07 2.02388e-12 1.08206e-11 -1.12534e-07 5.6087e-07 -1.70819e-07 5.18345e-07
0.522137 -5.26561e-08 -4.12088e-08 -9.25529e-08 2.38745e-07 1.65056e-12 8.99937e-12 -9.31567e-08 5.14553e-07 -1.45813e-07 4.73344e-07
0.522494 -4.7649e-08 -3.98366e-08 -8.45261e-08 2.18363e-07 1.35012e-12 7.50374e-12 -7.66647e-08 4.72633e-07 -1.24314e-07 4.32796e-07
0.522852 -4.31868e-08 -3.84336e-08 -7.76628e-08 1.99958e-07 1.10757e-12 6.27225e-12 -6.26639e-08 4.34641e-07 -1.05851e-07 3.96207e-07
0.52321 -3.92031e-08 -3.70195e-08 -7.18092e-08 1.83315e-07 9.11167e-13 5.25563e-12 -5.0816e-08 4.00163e-07 -9.00192e-08 3.63143e-07
0.523567 -3.56407e-08 -3.56095e-08 -6.68324e-08 1.68244e-07 7.51653e-13 4.41427e-12 -4.08298e-08 3.68833e-07 -7.64705e-08 3.33223e-07
0.523925 -3.24497e-08 -3.42156e-08 -6.26179e-08 1.54577e-07 6.2173e-13 3.71621e-12 -3.24544e-08 3.40326e-07 -6.49041e-08 3.0611e-07
0.524282 -2.95867e-08 -3.28467e-08 -5.90666e-08 1.42167e-07 5.15608e-13 3.13564e-12 -2.54736e-08 3.14356e-07 -5.50602e-08 2.81509e-07
0.52464 -2.70139e-08 -3.15097e-08 -5.60924e-08 1.30883e-07 4.28691e-13 2.65165e-12 -1.97003e-08 2.90667e-07 -4.67142e-08 2.59157e-07
0.524998 -2.46984e-08 -3.02096e-08 -5.3621e-08 1.20611e-07 3.57311e-13 2.24722e-12 -1.49731e-08 2.69031e-07 -3.96715e-08 2.38822e-07
0.525355 -2.26113e-08 -2.89498e-08 -5.15877e-08 1.11246e-07 2.98538e-13 1.90851e-12 -1.1152e-08 2.49249e-07 -3.37633e-08 2.20299e-07
0.525713 -2.07273e-08 -2.77327e-08 -4.99362e-08 1.02699e-07 2.50023e-13 1.62421e-12 -8.11569e-09 2.31138e-07 -2.8843e-08 2.03406e-07
0.526071 -1.90242e-08 -2.65598e-08 -4.86176e-08 9.48877e-08 2.09874e-13 1.38506e-12 -5.75907e-09 2.1454e-07 -2.47832e-08 1.8798e-07
0.526428 -1.74824e-08 -2.54317e-08 -4.75893e-08 8.77411e-08 1.76569e-13 1.18345e-12 -3.99074e-09 1.99309e-07 -2.14732e-08 1.73877e-07
0.526786 -1.60848e-08 -2.43486e-08 -4.68139e-08 8.11944e-08 1.48876e-13 1.01315e-12 -2.73129e-09 1.85319e-07 -1.88161e-08 1.6097e-07
0.527143 -1.48162e-08 -2.33102e-08 -4.6259e-08 7.51904e-08 1.25795e-13 8.68996e-13 -1.91165e-09 1.72453e-07 -1.67279e-08 1.49143e-07
0.527501 -1.36632e-08 -2.23158e-08 -4.58962e-08 6.96778e-08 1.06514e-13 7.4673e-13 -1.47165e-09 1.60609e-07 -1.51348e-08 1.38293e-07
0.527859 -1.26139e-08 -2.13644e-08 -4.57006e-08 6.46106e-08 9.03737e-14 6.42827e-13 -1.35889e-09 1.49693e-07 -1.39728e-08 1.28329e-07
0.528216 -1.16577e-08 -2.0455e-08 -4.56504e-08 5.99477e-08 7.68319e-14 5.5436e-13 -1.52769e-09 1.39624e-07 -1.31854e-08 1.19169e-07
0.528574 -1.07855e-08 -1.95862e-08 -4.57265e-08 5.56523e-08 6.54466e-14 4.78895e-13 -1.93818e-09 1.30325e-07 -1.27236e-08 1.10739e-07
0.528932 -9.98874e-09 -1.87567e-08 -4.59122e-08 5.16909e-08 5.58548e-14 4.14404e-13 -2.55557e-09 1.2173e-07 -1.25443e-08 1.02973e-07
0.529289 -9.26018e-09 -1.79651e-08 -4.61928e-08 4.8034e-08 4.77575e-14 3.59191e-13 -3.34949e-09 1.13776e-07 -1.26097e-08 9.5811e-08
0.529647 -8.59319e-09 -1.72098e-08 -4.65553e-08 4.46544e-08 4.09085e-14 3.11839e-13 -4.29341e-09 1.0641e-07 -1.28866e-08 8.91998e-08
0.530005 -7.98189e-09 -1.64894e-08 -4.69884e-08 4.15281e-08 3.51041e-14 2.7116e-13 -5.36414e-09 9.95804e-08 -1.3346e-08 8.3091e-08
0.530362 -7.42102e-09 -1.58024e-08 -4.74821e-08 3.8633e-08 3.01757e-14 2.36153e-13 -6.54145e-09 9.32433e-08 -1.39625e-08 7.74409e-08
0.53072 -6.90588e-09 -1.51474e-08 -4.80276e-08 3.59494e-08 2.59834e-14 2.05979e-13 -7.80762e-09 8.73575e-08 -1.47135e-08 7.22101e-08
0.531077 -6.43223e-09 -1.45228e-08 -4.86171e-08 3.34594e-08 2.24109e-14 1.79928e-13 -9.14719e-09 8.18858e-08 -1.55794e-08 6.7363e-08
0.531435 -5.9963e-09 -1.39273e-08 -4.92439e-08 3.11468e-08 1.93611e-14 1.57401e-13 -1.05467e-08 7.67947e-08 -1.6543e-08 6.28674e-08
0.531793 -5.59468e-09 -1.33596e-08 -4.99019e-08 2.89968e-08 1.67531e-14 1.37891e-13 -1.19942e-08 7.20536e-08 -1.75889e-08 5.8694e-08
0.53215 -5.22431e-09 -1.28183e-08 -5.05858e-08 2.69962e-08 1.4519e-14 1.20968e-13 -1.34796e-08 6.76345e-08 -1.87039e-08 5.48162e-08
0.532508 -4.88244e-09 -1.23021e-08 -5.1291e-08 2.51328e-08 1.26021e-14 1.06269e-13 -1.49938e-08 6.35121e-08 -1.98762e-08 5.121e-08
0.532866 -4.56657e-09 -1.18098e-08 -5.20133e-08 2.33956e-08 1.09547e-14 9.34805e-14 -1.6529e-08 5.96633e-08 -2.10955e-08 4.78534e-08
0.533223 -4.27447e-09 -1.13403e-08 -5.27492e-08 2.17744e-08 9.53661e-15 8.23398e-14 -1.80783e-08 5.60669e-08 -2.23528e-08 4.47266e-08
0.533581 -4.00409e-09 -1.08925e-08 -5.34953e-08 2.02603e-08 8.31405e-15 7.26206e-14 -1.96359e-08 5.27037e-08 -2.364e-08 4.18112e-08
0.533938 -3.75361e-09 -1.04651e-08 -5.4249e-08 1.88448e-08 7.25844e-15 6.41299e-14 -2.11966e-08 4.95561e-08 -2.49502e-08 3.90909e-08
0.534296 -3.52137e-09 -1.00574e-08 -5.50077e-08 1.75203e-08 6.34562e-15 5.67023e-14 -2.27559e-08 4.66078e-08 -2.62772e-08 3.65504e-08
0.534654 -3.30585e-09 -9.66817e-09 -5.57693e-08 1.62798e-08 5.55511e-15 5.01961e-14 -2.43099e-08 4.38442e-08 -2.76158e-08 3.4176e-08
0.535011 -3.10568e-09 -9.29661e-09 -5.65318e-08 1.5117e-08 4.86954e-15 4.44897e-14 -2.58554e-08 4.12516e-08 -2.89611e-08 3.1955e-08
0.535369 -2.91963e-09 -8.94182e-09 -5.72935e-08 1.40261e-08 4.27413e-15 3.94782e-14 -2.73894e-08 3.88177e-08 -3.03091e-08 2.98759e-08
0.535727 -2.74655e-09 -8.60295e-09 -5.80529e-08 1.30016e-08 3.75632e-15 3.50717e-14 -2.89096e-08 3.6531e-08 -3.16561e-08 2.79281e-08
0.536084 -2.58542e-09 -8.27923e-09 -5.88088e-08 1.20388e-08 3.30538e-15 3.11922e-14 -3.04137e-08 3.4381e-08 -3.29992e-08 2.61018e-08
0.536442 -2.43531e-09 -7.96989e-09 -5.956e-08 1.11331e-08 2.91215e-15 2.77726e-14 -3.19001e-08 3.23581e-08 -3.43354e-08 2.43882e-08
0.536799 -2.29534e-09 -7.67423e-09 -6.03055e-08 1.02803e-08 2.5688e-15 2.47549e-14 -3.33672e-08 3.04534e-08 -3.56625e-08 2.27791e-08
0.537157 -2.16475e-09 -7.39156e-09 -6.10444e-08 9.47676e-09 2.26861e-15 2.20887e-14 -3.48137e-08 2.86586e-08 -3.69785e-08 2.12671e-08
0.537515 -2.04282e-09 -7.12124e-09 -6.17759e-08 8.71887e-09 2.00584e-15 1.97304e-14 -3.62386e-08 2.69663e-08 -3.82814e-08 1.98451e-08
0.537872 -1.92889e-09 -6.86266e-09 -6.24995e-08 8.00346e-09 1.77552e-15 1.76421e-14 -3.76411e-08 2.53695e-08 -3.957e-08 1.85068e-08
0.53823 -1.82236e-09 -6.61526e-09 -6.32144e-08 7.32756e-09 1.57341e-15 1.57908e-14 -3.90204e-08 2.38616e-08 -4.08428e-08 1.72464e-08
0.538588 -1.72269e-09 -6.37847e-09 -6.39203e-08 6.68843e-09 1.39584e-15 1.41478e-14 -4.0376e-08 2.24369e-08 -4.20987e-08 1.60585e-08
0.538945 -1.62937e-09 -6.15179e-09 -6.46167e-08 6.08355e-09 1.23965e-15 1.26882e-14 -4.17074e-08 2.10898e-08 -4.33368e-08 1.4938e-08
0.539303 -1.54194e-09 -5.93472e-09 -6.53032e-08 5.51061e-09 1.10211e-15 1.13902e-14 -4.30144e-08 1.98152e-08 -4.45564e-08 1.38804e-08
0.53966 -1.45998e-09 -5.7268e-09 -6.59795e-08 4.96743e-09 9.80851e-16 1.02346e-14 -4.42968e-08 1.86083e-08 -4.57567e-08 1.28815e-08
0.540018 -1.38309e-09 -5.5276e-09 -6.66454e-08 4.45205e-09 8.73828e-16 9.20475e-15 -4.55543e-08 1.74649e-08 -4.69373e-08 1.19373e-08
0.540376 -1.31093e-09 -5.33668e-09 -6.73005e-08 3.9626e-09 7.79267e-16 8.28613e-15 -4.67869e-08 1.63808e-08 -4.80978e-08 1.10441e-08
0.540733 -1.24315e-09 -5.15366e-09 -6.79448e-08 3.49739e-09 6.95627e-16 7.4659e-15 -4.79946e-08 1.53524e-08 -4.92377e-08 1.01987e-08
0.541091 -1.17945e-09 -4.97816e-09 -6.85781e-08 3.05485e-09 6.21569e-16 6.7328e-15 -4.91775e-08 1.43761e-08 -5.03569e-08 9.39789e-09
0.541449 -1.11956e-09 -4.80982e-09 -6.92003e-08 2.63349e-09 5.55927e-16 6.07696e-15 -5.03357e-08 1.34486e-08 -5.14552e-08 8.63877e-09
0.541806 -1.06321e-09 -4.64832e-09 -6.98112e-08 2.23198e-09 4.97686e-16 5.4897e-15 -5.14692e-08 1.2567e-08 -5.25324e-08 7.91868e-09
0.542164 -1.01016e-09 -4.49333e-09 -7.04107e-08 1.84903e-09 4.45958e-16 4.96337e-15 -5.25783e-08 1.17285e-08 -5.35885e-08 7.23514e-09
0.542521 -9.60194e-10 -4.34455e-09 -7.0999e-08 1.48349e-09 3.99971e-16 4.49121e-15 -5.36633e-08 1.09304e-08 -5.46235e-08 6.58582e-09
0.542879 -9.13108e-10 -4.20168e-09 -7.15758e-08 1.13426e-09 3.59048e-16 4.06727e-15 -5.47242e-08 1.01703e-08 -5.56373e-08 5.96859e-09
0.543237 -8.6871e-10 -4.06447e-09 -7.21411e-08 8.0033e-10 3.22596e-16 3.68631e-15 -5.57613e-08 9.44592e-09 -5.663e-08 5.38145e-09
0.543594 -8.26825e-10 -3.93265e-09 -7.26951e-08 4.80754e-10 2.90096e-16 3.34366e-15 -5.6775e-08 8.7552e-09 -5.76018e-08 4.82254e-09
0.543952 -7.87291e-10 -3.80598e-09 -7.32376e-08 1.74658e-10 2.61093e-16 3.03522e-15 -5.77654e-08 8.09612e-09 -5.85527e-08 4.29014e-09
0.54431 -7.49957e-10 -3.68422e-09 -7.37686e-08 -1.18779e-10 2.35187e-16 2.75734e-15 -5.87329e-08 7.46685e-09 -5.94829e-08 3.78263e-09
0.544667 -7.14683e-10 -3.56715e-09 -7.42883e-08 -4.00318e-10 2.12026e-16 2.50678e-15 -5.96778e-08 6.86566e-09 -6.03924e-08 3.29852e-09
0.545025 -6.81339e-10 -3.45456e-09 -7.47966e-08 -6.7067e-10 1.91302e-16 2.28068e-15 -6.06003e-08 6.29096e-09 -6.12816e-08 2.83639e-09
0.545382 -6.49804e-10 -3.34626e-09 -7.52935e-08 -9.30498e-10 1.72742e-16 2.07649e-15 -6.15008e-08 5.74122e-09 -6.21506e-08 2.39496e-09
0.54574 -6.19967e-10 -3.24205e-09 -7.57792e-08 -1.18042e-09 1.56106e-16 1.89194e-15 -6.23795e-08 5.21504e-09 -6.29995e-08 1.97299e-09
0.546098 -5.91722e-10 -3.14175e-09 -7.62536e-08 -1.42102e-09 1.41182e-16 1.72501e-15 -6.32369e-08 4.71111e-09 -6.38286e-08 1.56936e-09
0.546455 -5.64973e-10 -3.0452e-09 -7.67168e-08 -1.65284e-09 1.27782e-16 1.57391e-15 -6.40731e-08 4.22819e-09 -6.46381e-08 1.18299e-09
0.546813 -5.39628e-10 -2.95223e-09 -7.71689e-08 -1.87637e-09 1.15741e-16 1.43703e-15 -6.48886e-08 3.76512e-09 -6.54282e-08 8.12885e-10
0.547171 -5.15605e-10 -2.86268e-09 -7.76098e-08 -2.0921e-09 1.04913e-16 1.31294e-15 -6.56836e-08 3.32081e-09 -6.61992e-08 4.58125e-10
0.547528 -4.92823e-10 -2.77642e-09 -7.80398e-08 -2.30047e-09 9.51671e-17 1.20037e-15 -6.64584e-08 2.89425e-09 -6.69512e-08 1.17833e-10
0.547886 -4.7121e-10 -2.69329e-09 -7.84587e-08 -2.50189e-09 8.6389e-17 1.09817e-15 -6.72133e-08 2.48449e-09 -6.76845e-08 -2.08805e-10
0.548244 -4.50697e-10 -2.61317e-09 -7.88668e-08 -2.69675e-09 7.84763e-17 1.00533e-15 -6.79486e-08 2.09061e-09 -6.83993e-08 -5.22554e-10
0.548601 -4.3122e-10 -2.53592e-09 -7.92641e-08 -2.88541e-09 7.13383e-17 9.20922e-16 -6.86647e-08 1.7118e-09 -6.90959e-08 -8.2413e-10
0.548959 -4.12719e-10 -2.46144e-09 -7.96505e-08 -3.06822e-09 6.48944e-17 8.44132e-16 -6.93617e-08 1.34724e-09 -6.97745e-08 -1.1142e-09
0.549316 -3.95139e-10 -2.3896e-09 -8.00262e-08 -3.2455e-09 5.90727e-17 7.74227e-16 -7.00401e-08 9.96192e-10 -7.04352e-08 -1.39341e-09
0.549674 -3.78426e-10 -2.32029e-09 -8.03913e-08 -3.41753e-09 5.38093e-17 7.10545e-16 -7.07e-08 6.57963e-10 -7.10784e-08 -1.66233e-09
0.550032 -3.62533e-10 -2.25341e-09 -8.07459e-08 -3.58462e-09 4.90473e-17 6.52495e-16 -7.13418e-08 3.31889e-10 -7.17043e-08 -1.92152e-09
0.550389 -3.47412e-10 -2.18886e-09 -8.10899e-08 -3.74702e-09 4.47359e-17 5.99544e-16 -7.19657e-08 1.73484e-11 -7.23131e-08 -2.17151e-09
0.550747 -3.33022e-10 -2.12654e-09 -8.14234e-08 -3.90498e-09 4.08297e-17 5.51214e-16 -7.25719e-08 -2.86242e-10 -7.2905e-08 -2.41279e-09
0.551105 -3.19321e-10 -2.06637e-09 -8.17466e-08 -4.05873e-09 3.72883e-17 5.07074e-16 -7.31608e-08 -5.79435e-10 -7.34802e-08 -2.64581e-09
0.551462 -3.06272e-10 -2.00826e-09 -8.20594e-08 -4.2085e-09 3.40753e-17 4.66735e-16 -7.37326e-08 -8.62748e-10 -7.40389e-08 -2.87101e-09
0.55182 -2.9384e-10 -1.95212e-09 -8.2362e-08 -4.35449e-09 3.11584e-17 4.29847e-16 -7.42876e-08 -1.13667e-09 -7.45814e-08 -3.08879e-09
0.552177 -2.81991e-10 -1.89788e-09 -8.26544e-08 -4.4969e-09 2.85085e-17 3.96095e-16 -7.48259e-08 -1.40167e-09 -7.51079e-08 -3.29955e-09
0.552535 -2.70694e-10 -1.84546e-09 -8.29366e-08 -4.6359e-09 2.60996e-17 3.65194e-16 -7.53478e-08 -1.65817e-09 -7.56185e-08 -3.50364e-09
0.552893 -2.5992e-10 -1.79479e-09 -8.32088e-08 -4.77168e-09 2.39085e-17 3.36885e-16 -7.58536e-08 -1.9066e-09 -7.61135e-08 -3.70139e-09
0.55325 -2.4964e-10 -1.7458e-09 -8.34709e-08 -4.90438e-09 2.19141e-17 3.10938e-16 -7.63434e-08 -2.14734e-09 -7.6593e-08 -3.89314e-09
0.553608 -2.3983e-10 -1.69843e-09 -8.37231e-08 -5.03418e-09 2.00976e-17 2.8714e-16 -7.68175e-08 -2.38075e-09 -7.70574e-08 -4.07918e-09
0.553966 -2.30464e-10 -1.65261e-09 -8.39654e-08 -5.1612e-09 1.84423e-17 2.65301e-16 -7.72761e-08 -2.60718e-09 -7.75066e-08 -4.2598e-09
0.554323 -2.2152e-10 -1.60829e-09 -8.41979e-08 -5.28559e-09 1.69328e-17 2.4525e-16 -7.77195e-08 -2.82697e-09 -7.7941e-08 -4.43526e-09
0.554681 -2.12975e-10 -1.5654e-09 -8.44206e-08 -5.40748e-09 1.55554e-17 2.26829e-16 -7.81477e-08 -3.04043e-09 -7.83607e-08 -4.60583e-09
0.555038 -2.0481e-10 -1.5239e-09 -8.46336e-08 -5.52698e-09 1.4298e-17 2.09897e-16 -7.8561e-08 -3.24783e-09 -7.87658e-08 -4.77173e-09
0.555396 -1.97005e-10 -1.48372e-09 -8.48369e-08 -5.6442e-09 1.31492e-17 1.94325e-16 -7.89597e-08 -3.44948e-09 -7.91567e-08 -4.9332e-09
0.555754 -1.89543e-10 -1.44483e-09 -8.50305e-08 -5.75927e-09 1.20993e-17 1.79996e-16 -7.93438e-08 -3.64562e-09 -7.95333e-08 -5.09045e-09
0.556111 -1.82405e-10 -1.40716e-09 -8.52147e-08 -5.87227e-09 1.1139e-17 1.66804e-16 -7.97135e-08 -3.83651e-09 -7.98959e-08 -5.24367e-09
0.556469 -1.75576e-10 -1.37069e-09 -8.53893e-08 -5.98331e-09 1.02603e-17 1.54653e-16 -8.00692e-08 -4.02238e-09 -8.02447e-08 -5.39307e-09
0.556827 -1.6904e-10 -1.33535e-09 -8.55544e-08 -6.09246e-09 9.45577e-18 1.43454e-16 -8.04108e-08 -4.20346e-09 -8.05798e-08 -5.53881e-09
0.557184 -1.62784e-10 -1.30112e-09 -8.57101e-08 -6.19983e-09 8.71874e-18 1.33128e-16 -8.07386e-08 -4.37996e-09 -8.09014e-08 -5.68107e-09
0.557542 -1.56793e-10 -1.26794e-09 -8.58565e-08 -6.30549e-09 8.04319e-18 1.23602e-16 -8.10528e-08 -4.55208e-09 -8.12096e-08 -5.82002e-09
0.557899 -1.51055e-10 -1.23579e-09 -8.59936e-08 -6.40951e-09 7.42367e-18 1.1481e-16 -8.13534e-08 -4.72001e-09 -8.15045e-08 -5.9558e-09
0.558257 -1.45557e-10 -1.20462e-09 -8.61214e-08 -6.51197e-09 6.85521e-18 1.06691e-16 -8.16408e-08 -4.88393e-09 -8.17863e-08 -6.08855e-09
0.558615 -1.40289e-10 -1.1744e-09 -8.624e-08 -6.61294e-09 6.33334e-18 9.91897e-17 -8.19149e-08 -5.04401e-09 -8.20552e-08 -6.21842e-09
0.558972 -1.35239e-10 -1.1451e-09 -8.63494e-08 -6.71248e-09 5.854e-18 9.22564e-17 -8.2176e-08 -5.20043e-09 -8.23113e-08 -6.34553e-09
0.55933 -1.30396e-10 -1.11668e-09 -8.64496e-08 -6.81065e-09 5.41349e-18 8.58448e-17 -8.24242e-08 -5.35332e-09 -8.25546e-08 -6.47e-09
0.559688 -1.25752e-10 -1.08911e-09 -8.65409e-08 -6.9075e-09 5.00846e-18 7.9913e-17 -8.26597e-08 -5.50284e-09 -8.27854e-08 -6.59195e-09
0.560045 -1.21296e-10 -1.06236e-09 -8.6623e-08 -7.0031e-09 4.63587e-18 7.44224e-17 -8.28825e-08 -5.64914e-09 -8.30038e-08 -6.7115e-09
0.560403 -1.17021e-10 -1.0364e-09 -8.66962e-08 -7.0975e-09 4.29296e-18 6.9338e-17 -8.30929e-08 -5.79233e-09 -8.32099e-08 -6.82873e-09
0.56076 -1.12917e-10 -1.01121e-09 -8.67604e-08 -7.19074e-09 3.97719e-18 6.46276e-17 -8.32908e-08 -5.93255e-09 -8.34038e-08 -6.94376e-09
0.561118 -1.08978e-10 -9.86762e-10 -8.68157e-08 -7.28286e-09 3.68629e-18 6.02618e-17 -8.34766e-08 -6.06991e-09 -8.35856e-08 -7.05668e-09
0.561476 -1.05195e-10 -9.63023e-10 -8.68622e-08 -7.37392e-09 3.41817e-18 5.62136e-17 -8.36503e-08 -6.20454e-09 -8.37554e-08 -7.16756e-09
0.561833 -1.01561e-10 -9.39973e-10 -8.68998e-08 -7.46395e-09 3.17093e-18 5.24582e-17 -8.38119e-08 -6.33654e-09 -8.39135e-08 -7.27651e-09
0.562191 -9.80699e-11 -9.17588e-10 -8.69286e-08 -7.553e-09 2.94284e-18 4.89729e-17 -8.39617e-08 -6.466e-09 -8.40598e-08 -7.38359e-09
0.562549 -9.47153e-11 -8.95845e-10 -8.69487e-08 -7.64109e-09 2.73231e-18 4.5737e-17 -8.40997e-08 -6.59304e-09 -8.41945e-08 -7.48889e-09
0.562906 -9.14909e-11 -8.74723e-10 -8.69601e-08 -7.72827e-09 2.53791e-18 4.27314e-17 -8.42261e-08 -6.71774e-09 -8.43176e-08 -7.59247e-09
0.563264 -8.83911e-11 -8.54202e-10 -8.69628e-08 -7.81456e-09 2.35833e-18 3.99385e-17 -8.4341e-08 -6.8402e-09 -8.44294e-08 -7.6944e-09
0.563622 -8.54103e-11 -8.3426e-10 -8.69569e-08 -7.9e-09 2.19235e-18 3.73423e-17 -8.44444e-08 -6.96049e-09 -8.45299e-08 -7.79475e-09
0.563979 -8.25434e-11 -8.14879e-10 -8.69424e-08 -7.98462e-09 2.03888e-18 3.49277e-17 -8.45366e-08 -7.0787e-09 -8.46191e-08 -7.89358e-09
0.564337 -7.97854e-11 -7.96041e-10 -8.69193e-08 -8.06845e-09 1.89691e-18 3.26814e-17 -8.46175e-08 -7.1949e-09 -8.46972e-08 -7.99094e-09
0.564694 -7.71316e-11 -7.77727e-10 -8.68877e-08 -8.1515e-09 1.76553e-18 3.05907e-17 -8.46872e-08 -7.30917e-09 -8.47644e-08 -8.0869e-09
0.565052 -7.45776e-11 -7.5992e-10 -8.68477e-08 -8.23381e-09 1.6439e-18 2.8644e-17 -8.4746e-08 -7.42157e-09 -8.48206e-08 -8.18149e-09
0.56541 -7.2119e-11 -7.42603e-10 -8.67992e-08 -8.3154e-09 1.53124e-18 2.68308e-17 -8.47938e-08 -7.53218e-09 -8.48659e-08 -8.27479e-09
0.565767 -6.97519e-11 -7.25762e-10 -8.67423e-08 -8.3963e-09 1.42685e-18 2.51412e-17 -8.48308e-08 -7.64106e-09 -8.49006e-08 -8.36682e-09
0.566125 -6.74724e-11 -7.0938e-10 -8.6677e-08 -8.47651e-09 1.33008e-18 2.35663e-17 -8.48571e-08 -7.74826e-09 -8.49246e-08 -8.45764e-09
0.566483 -6.52767e-11 -6.93442e-10 -8.66034e-08 -8.55607e-09 1.24034e-18 2.20976e-17 -8.48727e-08 -7.85384e-09 -8.4938e-08 -8.54728e-09
0.56684 -6.31615e-11 -6.77935e-10 -8.65215e-08 -8.63499e-09 1.15709e-18 2.07275e-17 -8.48777e-08 -7.95786e-09 -8.49409e-08 -8.6358e-09
0.567198 -6.11233e-11 -6.62845e-10 -8.64313e-08 -8.71329e-09 1.07982e-18 1.9449e-17 -8.48723e-08 -8.06037e-09 -8.49334e-08 -8.72322e-09
0.567555 -5.9159e-11 -6.48159e-10 -8.63329e-08 -8.79099e-09 1.00808e-18 1.82554e-17 -8.48565e-08 -8.16142e-09 -8.49157e-08 -8.80958e-09
0.567913 -5.72655e-11 -6.33864e-10 -8.62263e-08 -8.8681e-09 9.41441e-19 1.71408e-17 -8.48304e-08 -8.26106e-09 -8.48877e-08 -8.89492e-09
0.568271 -5.544e-11 -6.19947e-10 -8.61115e-08 -8.94463e-09 8.79524e-19 1.60995e-17 -8.4794e-08 -8.35933e-09 -8.48495e-08 -8.97927e-09
0.568628 -5.36796e-11 -6.06398e-10 -8.59887e-08 -9.0206e-09 8.2197e-19 1.51263e-17 -8.47475e-08 -8.45627e-09 -8.48012e-08 -9.06267e-09
0.568986 -5.19819e-11 -5.93204e-10 -8.58577e-08 -9.09603e-09 7.68451e-19 1.42165e-17 -8.4691e-08 -8.55193e-09 -8.4743e-08 -9.14513e-09
0.569344 -5.03441e-11 -5.80354e-10 -8.57187e-08 -9.17092e-09 7.18666e-19 1.33657e-17 -8.46244e-08 -8.64634e-09 -8.46748e-08 -9.2267e-09
0.569701 -4.8764e-11 -5.67839e-10 -8.55716e-08 -9.24529e-09 6.72336e-19 1.25698e-17 -8.4548e-08 -8.73955e-09 -8.45968e-08 -9.30739e-09
0.570059 -4.72393e-11 -5.55647e-10 -8.54166e-08 -9.31915e-09 6.29205e-19 1.18249e-17 -8.44617e-08 -8.83158e-09 -8.45089e-08 -9.38723e-09
0.570416 -4.57676e-11 -5.43769e-10 -8.52536e-08 -9.39251e-09 5.89039e-19 1.11276e-17 -8.43656e-08 -8.92248e-09 -8.44114e-08 -9.46625e-09
0.570774 -4.43471e-11 -5.32196e-10 -8.50827e-08 -9.46537e-09 5.5162e-19 1.04746e-17 -8.42599e-08 -9.01227e-09 -8.43042e-08 -9.54446e-09
0.571132 -4.29756e-11 -5.20918e-10 -8.49039e-08 -9.53775e-09 5.16748e-19 9.86296e-18 -8.41445e-08 -9.10098e-09 -8.41875e-08 -9.6219e-09
0.571489 -4.16512e-11 -5.09927e-10 -8.47173e-08 -9.60966e-09 4.84237e-19 9.28977e-18 -8.40196e-08 -9.18865e-09 -8.40613e-08 -9.69858e-09
0.571847 -4.03722e-11 -4.99213e-10 -8.45228e-08 -9.6811e-09 4.53918e-19 8.75248e-18 -8.38853e-08 -9.2753e-09 -8.39256e-08 -9.77452e-09
0.572205 -3.91367e-11 -4.88769e-10 -8.43206e-08 -9.75208e-09 4.25633e-19 8.24869e-18 -8.37415e-08 -9.36096e-09 -8.37806e-08 -9.84973e-09
0.572562 -3.79431e-11 -4.78587e-10 -8.41106e-08 -9.82261e-09 3.99237e-19 7.77615e-18 -8.35883e-08 -9.44566e-09 -8.36263e-08 -9.92424e-09
0.57292 -3.67898e-11 -4.68658e-10 -8.38929e-08 -9.8927e-09 3.74596e-19 7.33278e-18 -8.34259e-08 -9.52941e-09 -8.34627e-08 -9.99807e-09
0.573277 -3.56753e-11 -4.58976e-10 -8.36676e-08 -9.96234e-09 3.51584e-19 6.91667e-18 -8.32543e-08 -9.61225e-09 -8.329e-08 -1.00712e-08
0.573635 -3.4598e-11 -4.49534e-10 -8.34346e-08 -1.00316e-08 3.30087e-19 6.52601e-18 -8.30736e-08 -9.69419e-09 -8.31082e-08 -1.01437e-08
0.573993 -3.35567e-11 -4.40323e-10 -8.31939e-08 -1.01003e-08 3.09999e-19 6.15913e-18 -8.28838e-08 -9.77526e-09 -8.29173e-08 -1.02156e-08
0.57435 -3.25498e-11 -4.31339e-10 -8.29458e-08 -1.01687e-08 2.91222e-19 5.81448e-18 -8.26849e-08 -9.85547e-09 -8.27175e-08 -1.02868e-08
0.574708 -3.15763e-11 -4.22573e-10 -8.269e-08 -1.02366e-08 2.73663e-19 5.49063e-18 -8.24772e-08 -9.93485e-09 -8.25087e-08 -1.03574e-08
0.575066 -3.06347e-11 -4.1402e-10 -8.24268e-08 -1.03042e-08 2.57239e-19 5.18622e-18 -8.22605e-08 -1.00134e-08 -8.22911e-08 -1.04274e-08
0.575423 -2.9724e-11 -4.05674e-10 -8.21561e-08 -1.03713e-08 2.41871e-19 4.90001e-18 -8.2035e-08 -1.00912e-08 -8.20647e-08 -1.04968e-08
0.575781 -2.88429e-11 -3.97529e-10 -8.1878e-08 -1.0438e-08 2.27487e-19 4.63082e-18 -8.18008e-08 -1.01681e-08 -8.18296e-08 -1.05657e-08
0.576138 -2.79905e-11 -3.8958e-10 -8.15924e-08 -1.05043e-08 2.14019e-19 4.37758e-18 -8.15578e-08 -1.02444e-08 -8.15858e-08 -1.06339e-08
0.576496 -2.71656e-11 -3.81819e-10 -8.12996e-08 -1.05702e-08 2.01406e-19 4.13926e-18 -8.13062e-08 -1.03198e-08 -8.13334e-08 -1.07016e-08
0.576854 -2.63673e-11 -3.74244e-10 -8.09993e-08 -1.06357e-08 1.8959e-19 3.91494e-18 -8.10461e-08 -1.03945e-08 -8.10725e-08 -1.07688e-08
0.577211 -2.55946e-11 -3.66847e-10 -8.06918e-08 -1.07008e-08 1.78517e-19 3.70372e-18 -8.07774e-08 -1.04685e-08 -8.0803e-08 -1.08354e-08
0.577569 -2.48466e-11 -3.59625e-10 -8.03771e-08 -1.07655e-08 1.68137e-19 3.50478e-18 -8.05003e-08 -1.05418e-08 -8.05251e-08 -1.09014e-08
0.577927 -2.41224e-11 -3.52573e-10 -8.00551e-08 -1.08298e-08 1.58404e-19 3.31737e-18 -8.02148e-08 -1.06144e-08 -8.02389e-08 -1.0967e-08
0.578284 -2.34211e-11 -3.45685e-10 -7.97259e-08 -1.08937e-08 1.49275e-19 3.14077e-18 -7.99209e-08 -1.06863e-08 -7.99443e-08 -1.1032e-08
0.578642 -2.2742e-11 -3.38957e-10 -7.93896e-08 -1.09572e-08 1.4071e-19 2.9743e-18 -7.96187e-08 -1.07575e-08 -7.96415e-08 -1.10965e-08
0.579 -2.20843e-11 -3.32386e-10 -7.90462e-08 -1.10204e-08 1.32672e-19 2.81734e-18 -7.93084e-08 -1.08281e-08 -7.93304e-08 -1.11605e-08
0.579357 -2.14471e-11 -3.25965e-10 -7.86957e-08 -1.10831e-08 1.25126e-19 2.66932e-18 -7.89898e-08 -1.0898e-08 -7.90113e-08 -1.1224e-08
0.579715 -2.08298e-11 -3.19693e-10 -7.83382e-08 -1.11455e-08 1.18041e-19 2.52968e-18 -7.86632e-08 -1.09673e-08 -7.8684e-08 -1.12869e-08
0.580072 -2.02317e-11 -3.13564e-10 -7.79737e-08 -1.12074e-08 1.11385e-19 2.39792e-18 -7.83285e-08 -1.10359e-08 -7.83487e-08 -1.13494e-08
0.58043 -1.96522e-11 -3.07575e-10 -7.76022e-08 -1.1269e-08 1.05132e-19 2.27356e-18 -7.79858e-08 -1.11039e-08 -7.80054e-08 -1.14114e-08
0.580788 -1.90905e-11 -3.01722e-10 -7.72238e-08 -1.13302e-08 9.92548e-20 2.15616e-18 -7.76351e-08 -1.11713e-08 -7.76542e-08 -1.1473e-08
0.581145 -1.8546e-11 -2.96001e-10 -7.68385e-08 -1.1391e-08 9.373e-20 2.04529e-18 -7.72766e-08 -1.1238e-08 -7.72951e-08 -1.1534e-08
0.581503 -1.80183e-11 -2.90409e-10 -7.64464e-08 -1.14515e-08 8.85348e-20 1.94057e-18 -7.69103e-08 -1.13042e-08 -7.69283e-08 -1.15946e-08
0.581861 -1.75067e-11 -2.84942e-10 -7.60474e-08 -1.15115e-08 8.36483e-20 1.84163e-18 -7.65361e-08 -1.13697e-08 -7.65537e-08 -1.16547e-08
0.582218 -1.70106e-11 -2.79598e-10 -7.56417e-08 -1.15712e-08 7.9051e-20 1.74814e-18 -7.61543e-08 -1.14347e-08 -7.61713e-08 -1.17143e-08
0.582576 -1.65295e-11 -2.74372e-10 -7.52293e-08 -1.16304e-08 7.47245e-20 1.65976e-18 -7.57648e-08 -1.14991e-08 -7.57814e-08 -1.17735e-08
0.582933 -1.6063e-11 -2.69262e-10 -7.48101e-08 -1.16893e-08 7.0652e-20 1.5762e-18 -7.53678e-08 -1.15629e-08 -7.53838e-08 -1.18322e-08
0.583291 -1.56105e-11 -2.64265e-10 -7.43844e-08 -1.17478e-08 6.68175e-20 1.49718e-18 -7.49631e-08 -1.16262e-08 -7.49787e-08 -1.18904e-08
0.583649 -1.51716e-11 -2.59378e-10 -7.3952e-08 -1.18059e-08 6.32061e-20 1.42243e-18 -7.4551e-08 -1.16888e-08 -7.45662e-08 -1.19482e-08
0.584006 -1.47458e-11 -2.54598e-10 -7.3513e-08 -1.18636e-08 5.98041e-20 1.3517e-18 -7.41315e-08 -1.17509e-08 -7.41462e-08 -1.20055e-08
0.584364 -1.43326e-11 -2.49923e-10 -7.30675e-08 -1.19209e-08 5.65984e-20 1.28477e-18 -7.37045e-08 -1.18125e-08 -7.37189e-08 -1.20624e-08
0.584722 -1.39318e-11 -2.45349e-10 -7.26156e-08 -1.19779e-08 5.35769e-20 1.22141e-18 -7.32703e-08 -1.18735e-08 -7.32842e-08 -1.21188e-08
0.585079 -1.35427e-11 -2.40874e-10 -7.21571e-08 -1.20344e-08 5.07284e-20 1.16143e-18 -7.28288e-08 -1.19339e-08 -7.28423e-08 -1.21748e-08
0.585437 -1.31652e-11 -2.36495e-10 -7.16923e-08 -1.20906e-08 4.80422e-20 1.10462e-18 -7.238e-08 -1.19938e-08 -7.23932e-08 -1.22303e-08
0.585794 -1.27987e-11 -2.32211e-10 -7.12211e-08 -1.21463e-08 4.55085e-20 1.05081e-18 -7.19241e-08 -1.20532e-08 -7.19369e-08 -1.22854e-08
0.586152 -1.2443e-11 -2.28019e-10 -7.07436e-08 -1.22017e-08 4.3118e-20 9.99823e-19 -7.14611e-08 -1.2112e-08 -7.14736e-08 -1.23401e-08
0.58651 -1.20977e-11 -2.23915e-10 -7.02598e-08 -1.22566e-08 4.08622e-20 9.51507e-19 -7.09911e-08 -1.21703e-08 -7.10032e-08 -1.23942e-08
0.586867 -1.17624e-11 -2.199e-10 -6.97698e-08 -1.23112e-08 3.87329e-20 9.0571e-19 -7.05141e-08 -1.22281e-08 -7.05258e-08 -1.2448e-08
0.587225 -1.14368e-11 -2.15969e-10 -6.92735e-08 -1.23653e-08 3.67225e-20 8.6229e-19 -7.00301e-08 -1.22853e-08 -7.00415e-08 -1.25013e-08
0.587583 -1.11207e-11 -2.12121e-10 -6.87711e-08 -1.24191e-08 3.48241e-20 8.21116e-19 -6.95392e-08 -1.2342e-08 -6.95504e-08 -1.25541e-08
0.58794 -1.08137e-11 -2.08354e-10 -6.82626e-08 -1.24724e-08 3.3031e-20 7.82062e-19 -6.90416e-08 -1.23982e-08 -6.90524e-08 -1.26066e-08
0.588298 -1.05155e-11 -2.04665e-10 -6.77481e-08 -1.25253e-08 3.13369e-20 7.45012e-19 -6.85371e-08 -1.24539e-08 -6.85476e-08 -1.26585e-08
0.588655 -1.02258e-11 -2.01054e-10 -6.72275e-08 -1.25779e-08 2.97361e-20 7.09856e-19 -6.80259e-08 -1.2509e-08 -6.80362e-08 -1.27101e-08
0.589013 -9.94441e-12 -1.97518e-10 -6.67009e-08 -1.263e-08 2.8223e-20 6.7649e-19 -6.75081e-08 -1.25636e-08 -6.75181e-08 -1.27611e-08
0.589371 -9.67104e-12 -1.94055e-10 -6.61684e-08 -1.26817e-08 2.67925e-20 6.44815e-19 -6.69837e-08 -1.26177e-08 -6.69934e-08 -1.28118e-08
0.589728 -9.40543e-12 -1.90663e-10 -6.563e-08 -1.2733e-08 2.54397e-20 6.14741e-19 -6.64527e-08 -1.26713e-08 -6.64621e-08 -1.2862e-08
0.590086 -9.14735e-12 -1.87342e-10 -6.50857e-08 -1.27839e-08 2.41601e-20 5.8618e-19 -6.59152e-08 -1.27244e-08 -6.59244e-08 -1.29117e-08
0.590444 -8.89655e-12 -1.84088e-10 -6.45357e-08 -1.28343e-08 2.29496e-20 5.5905e-19 -6.53713e-08 -1.2777e-08 -6.53802e-08 -1.29611e-08
0.590801 -8.65281e-12 -1.80901e-10 -6.39799e-08 -1.28844e-08 2.1804e-20 5.33276e-19 -6.4821e-08 -1.2829e-08 -6.48297e-08 -1.30099e-08
0.591159 -8.41591e-12 -1.77778e-10 -6.34184e-08 -1.2934e-08 2.07196e-20 5.08783e-19 -6.42644e-08 -1.28806e-08 -6.42728e-08 -1.30583e-08
0.591516 -8.18565e-12 -1.74719e-10 -6.28512e-08 -1.29832e-08 1.96931e-20 4.85504e-19 -6.37015e-08 -1.29316e-08 -6.37097e-08 -1.31063e-08
0.591874 -7.96181e-12 -1.71722e-10 -6.22784e-08 -1.3032e-08 1.87211e-20 4.63374e-19 -6.31324e-08 -1.29821e-08 -6.31404e-08 -1.31539e-08
0.592232 -7.74421e-12 -1.68785e-10 -6.17001e-08 -1.30803e-08 1.78005e-20 4.42332e-19 -6.25572e-08 -1.30322e-08 -6.25649e-08 -1.3201e-08
0.592589 -7.53265e-12 -1.65907e-10 -6.11162e-08 -1.31282e-08 1.69285e-20 4.22321e-19 -6.19758e-08 -1.30817e-08 -6.19834e-08 -1.32476e-08
0.592947 -7.32695e-12 -1.63087e-10 -6.05268e-08 -1.31757e-08 1.61024e-20 4.03287e-19 -6.13884e-08 -1.31307e-08 -6.13958e-08 -1.32938e-08
0.593305 -7.12693e-12 -1.60322e-10 -5.9932e-08 -1.32228e-08 1.53196e-20 3.85178e-19 -6.0795e-08 -1.31792e-08 -6.08022e-08 -1.33395e-08
0.593662 -6.93242e-12 -1.57613e-10 -5.93319e-08 -1.32694e-08 1.45776e-20 3.67946e-19 -6.01957e-08 -1.32272e-08 -6.02027e-08 -1.33848e-08
0.59402 -6.74326e-12 -1.54957e-10 -5.87264e-08 -1.33156e-08 1.38743e-20 3.51547e-19 -5.95905e-08 -1.32747e-08 -5.95973e-08 -1.34297e-08
0.594378 -6.55928e-12 -1.52354e-10 -5.81156e-08 -1.33613e-08 1.32073e-20 3.35936e-19 -5.89795e-08 -1.33217e-08 -5.89861e-08 -1.34741e-08
0.594735 -6.38034e-12 -1.49802e-10 -5.74996e-08 -1.34066e-08 1.25748e-20 3.21074e-19 -5.83628e-08 -1.33682e-08 -5.83691e-08 -1.3518e-08
0.595093 -6.20627e-12 -1.47299e-10 -5.68784e-08 -1.34514e-08 1.19747e-20 3.0692e-19 -5.77403e-08 -1.34142e-08 -5.77465e-08 -1.35615e-08
0.59545 -6.03694e-12 -1.44846e-10 -5.6252e-08 -1.34958e-08 1.14053e-20 2.93441e-19 -5.71122e-08 -1.34597e-08 -5.71182e-08 -1.36045e-08
0.595808 -5.8722e-12 -1.4244e-10 -5.56206e-08 -1.35398e-08 1.08648e-20 2.806e-19 -5.64785e-08 -1.35047e-08 -5.64843e-08 -1.36471e-08
0.596166 -5.71193e-12 -1.40081e-10 -5.49841e-08 -1.35833e-08 1.03518e-20 2.68365e-19 -5.58392e-08 -1.35491e-08 -5.5845e-08 -1.36892e-08
0.596523 -5.55598e-12 -1.37768e-10 -5.43427e-08 -1.36263e-08 9.86472e-21 2.56706e-19 -5.51945e-08 -1.35931e-08 -5.52001e-08 -1.37309e-08
0.596881 -5.40424e-12 -1.35499e-10 -5.36963e-08 -1.36689e-08 9.40218e-21 2.45593e-19 -5.45444e-08 -1.36366e-08 -5.45498e-08 -1.37721e-08
0.597239 -5.25657e-12 -1.33274e-10 -5.3045e-08 -1.37111e-08 8.9629e-21 2.35e-19 -5.3889e-08 -1.36795e-08 -5.38942e-08 -1.38128e-08
0.597596 -5.11287e-12 -1.31091e-10 -5.23889e-08 -1.37527e-08 8.54565e-21 2.24899e-19 -5.32282e-08 -1.3722e-08 -5.32333e-08 -1.38531e-08
0.597954 -4.97302e-12 -1.2895e-10 -5.17279e-08 -1.37939e-08 8.14926e-21 2.15267e-19 -5.25622e-08 -1.3764e-08 -5.25672e-08 -1.38929e-08
0.598311 -4.8369e-12 -1.2685e-10 -5.10623e-08 -1.38347e-08 0 2.0608e-19 -5.1891e-08 -1.38054e-08 -5.18958e-08 -1.39323e-08
0.598669 -4.7044e-12 -1.2479e-10 -5.0392e-08 -1.3875e-08 0 1.97316e-19 -5.12147e-08 -1.38463e-08 -5.12194e-08 -1.39711e-08
0.599027 -4.57543e-12 -1.22768e-10 -4.9717e-08 -1.39148e-08 0 1.88955e-19 -5.05333e-08 -1.38868e-08 -5.05379e-08 -1.40095e-08
0.599384 -4.44989e-12 -1.20785e-10 -4.90375e-08 -1.39541e-08 0 1.80975e-19 -4.98469e-08 -1.39267e-08 -4.98514e-08 -1.40475e-08
