0.399828 5.31824e-15 6.81598e-16 0 0 0 0 0 0 5.31824e-15 6.81598e-16
0.400066 5.41535e-15 6.954e-16 0 0 0 0 0 0 5.41535e-15 6.954e-16
0.400305 5.51342e-15 7.09382e-16 0 0 0 0 0 0 5.51342e-15 7.09382e-16
0.400543 5.61454e-15 7.23812e-16 0 0 0 0 0 0 5.61454e-15 7.23812e-16
0.400782 5.7167e-15 7.38434e-16 0 0 0 0 0 0 5.7167e-15 7.38434e-16
0.40102 5.82201e-15 7.53522e-16 0 0 0 0 0 0 5.82201e-15 7.53522e-16
0.401258 5.92844e-15 7.68817e-16 0 0 0 0 0 0 5.92844e-15 7.68817e-16
0.401497 6.03814e-15 7.84598e-16 0 0 0 0 0 0 6.03814e-15 7.84598e-16
0.401735 6.14904e-15 8.00599e-16 0 0 0 0 0 0 6.14904e-15 8.00599e-16
0.401974 6.26334e-15 8.17108e-16 0 0 0 0 0 0 6.26334e-15 8.17108e-16
0.402212 6.37892e-15 8.33853e-16 0 0 0 0 0 0 6.37892e-15 8.33853e-16
0.402451 6.49803e-15 8.51126e-16 0 0 0 0 0 0 6.49803e-15 8.51126e-16
0.402689 6.61851e-15 8.68652e-16 0 0 0 0 0 0 6.61851e-15 8.68652e-16
0.402927 6.74265e-15 8.86731e-16 0 0 0 0 0 0 6.74265e-15 8.86731e-16
0.403166 6.86827e-15 9.05078e-16 0 0 0 0 0 0 6.86827e-15 9.05078e-16
0.403404 6.99769e-15 9.24003e-16 0 0 0 0 0 0 6.99769e-15 9.24003e-16
0.403643 7.12869e-15 9.43215e-16 0 0 0 0 0 0 7.12869e-15 9.43215e-16
0.403881 7.26363e-15 9.63029e-16 0 0 0 0 0 0 7.26363e-15 9.63029e-16
0.404119 7.40026e-15 9.83151e-16 0 0 0 0 0 0 7.40026e-15 9.83151e-16
0.404358 7.54099e-15 1.0039e-15 0 0 0 0 0 0 7.54099e-15 1.0039e-15
0.404596 7.68353e-15 1.02498e-15 0 0 0 0 0 0 7.68353e-15 1.02498e-15
0.404835 7.83033e-15 1.04672e-15 0 0 0 0 0 0 7.83033e-15 1.04672e-15
0.405073 7.97906e-15 1.0688e-15 0 0 0 0 0 0 7.97906e-15 1.0688e-15
0.405312 8.13221e-15 1.09158e-15 0 0 0 0 0 0 8.13221e-15 1.09158e-15
0.40555 8.28743e-15 1.11472e-15 0 0 0 0 0 0 8.28743e-15 1.11472e-15
0.405788 8.44725e-15 1.13859e-15 0 0 0 0 0 0 8.44725e-15 1.13859e-15
0.406027 8.60928e-15 1.16285e-15 0 0 0 0 0 0 8.60928e-15 1.16285e-15
0.406265 8.77609e-15 1.18787e-15 0 0 0 0 0 0 8.77609e-15 1.18787e-15
0.406504 8.94526e-15 1.21331e-15 0 0 0 0 0 0 8.94526e-15 1.21331e-15
0.406742 9.11941e-15 1.23954e-15 0 0 0 0 0 0 9.11941e-15 1.23954e-15
0.406981 9.29606e-15 1.26622e-15 0 0 0 0 0 0 9.29606e-15 1.26622e-15
0.407219 9.47791e-15 1.29373e-15 0 0 0 0 0 0 9.47791e-15 1.29373e-15
0.407457 9.66242e-15 1.32172e-15 0 0 0 0 0 0 9.66242e-15 1.32172e-15
0.407696 9.85235e-15 1.35057e-15 0 0 0 0 0 0 9.85235e-15 1.35057e-15
0.407934 1.00451e-14 1.37994e-15 0 0 0 0 0 0 1.00451e-14 1.37994e-15
0.408173 1.02435e-14 1.41021e-15 0 0 0 0 0 0 1.02435e-14 1.41021e-15
0.408411 1.0445e-14 1.44103e-15 0 0 0 0 0 0 1.0445e-14 1.44103e-15
0.408649 1.06523e-14 1.4728e-15 0 0 0 0 0 0 1.06523e-14 1.4728e-15
0.408888 1.08628e-14 1.50516e-15 0 0 0 0 0 0 1.08628e-14 1.50516e-15
0.409126 1.10795e-14 1.53851e-15 0 0 0 0 0 0 1.10795e-14 1.53851e-15
0.409365 1.12996e-14 1.57248e-15 0 0 0 0 0 0 1.12996e-14 1.57248e-15
0.409603 1.15261e-14 1.6075e-15 0 0 0 0 0 0 1.15261e-14 1.6075e-15
0.409842 1.17562e-14 1.64318e-15 0 0 0 0 0 0 1.17562e-14 1.64318e-15
0.41008 1.1993e-14 1.67996e-15 0 0 0 0 0 0 1.1993e-14 1.67996e-15
0.410318 1.22337e-14 1.71745e-15 0 0 0 0 0 0 1.22337e-14 1.71745e-15
0.410557 1.24814e-14 1.75608e-15 0 0 0 0 0 0 1.24814e-14 1.75608e-15
0.410795 1.27331e-14 1.79547e-15 0 0 0 0 0 0 1.27331e-14 1.79547e-15
0.411034 1.29922e-14 1.83606e-15 0 0 0 0 0 0 1.29922e-14 1.83606e-15
0.411272 1.32557e-14 1.87747e-15 0 0 0 0 0 0 1.32557e-14 1.87747e-15
0.41151 1.35267e-14 1.92013e-15 0 0 0 0 0 0 1.35267e-14 1.92013e-15
0.411749 1.38025e-14 1.96366e-15 0 0 0 0 0 0 1.38025e-14 1.96366e-15
0.411987 1.40861e-14 2.00852e-15 0 0 0 0 0 0 1.40861e-14 2.00852e-15
0.412226 1.43748e-14 2.05429e-15 0 0 0 0 0 0 1.43748e-14 2.05429e-15
0.412464 1.46717e-14 2.10146e-15 0 0 0 0 0 0 1.46717e-14 2.10146e-15
0.412703 1.49739e-14 2.14961e-15 0 0 0 0 0 0 1.49739e-14 2.14961e-15
0.412941 1.52849e-14 2.19923e-15 0 0 0 0 0 0 1.52849e-14 2.19923e-15
0.413179 1.56014e-14 2.2499e-15 0 0 0 0 0 0 1.56014e-14 2.2499e-15
0.413418 1.5927e-14 2.30211e-15 0 0 0 0 0 0 1.5927e-14 2.30211e-15
0.413656 1.62586e-14 2.35542e-15 0 0 0 0 0 0 1.62586e-14 2.35542e-15
0.413895 1.65997e-14 2.41037e-15 0 0 0 0 0 0 1.65997e-14 2.41037e-15
0.414133 1.69472e-14 2.4665e-15 0 0 0 0 0 0 1.69472e-14 2.4665e-15
0.414371 1.73046e-14 2.52435e-15 0 0 0 0 0 0 1.73046e-14 2.52435e-15
0.41461 1.76688e-14 2.58346e-15 0 0 0 0 0 0 1.76688e-14 2.58346e-15
0.414848 1.80434e-14 2.64438e-15 0 0 0 0 0 0 1.80434e-14 2.64438e-15
0.415087 1.84252e-14 2.70664e-15 0 0 0 0 0 0 1.84252e-14 2.70664e-15
0.415325 1.88179e-14 2.7708e-15 0 0 0 0 0 0 1.88179e-14 2.7708e-15
0.415564 1.92182e-14 2.8364e-15 0 0 0 0 0 0 1.92182e-14 2.8364e-15
0.415802 1.963e-14 2.90401e-15 0 0 0 0 0 0 1.963e-14 2.90401e-15
0.41604 2.00499e-14 2.97315e-15 0 0 0 0 0 0 2.00499e-14 2.97315e-15
0.416279 2.04819e-14 3.0444e-15 0 0 0 0 0 0 2.04819e-14 3.0444e-15
0.416517 2.09224e-14 3.11729e-15 0 0 0 0 0 0 2.09224e-14 3.11729e-15
0.416756 2.13756e-14 3.19241e-15 0 0 0 0 0 0 2.13756e-14 3.19241e-15
0.416994 2.1838e-14 3.26927e-15 0 0 0 0 0 0 2.1838e-14 3.26927e-15
0.417233 2.23135e-14 3.3485e-15 0 0 0 0 0 0 2.23135e-14 3.3485e-15
0.417471 2.27988e-14 3.42957e-15 0 0 0 0 0 0 2.27988e-14 3.42957e-15
0.417709 2.32981e-14 3.51314e-15 0 0 0 0 0 0 2.32981e-14 3.51314e-15
0.417948 2.38077e-14 3.59869e-15 0 0 0 0 0 0 2.38077e-14 3.59869e-15
0.418186 2.43319e-14 3.68687e-15 0 0 0 0 0 0 2.43319e-14 3.68687e-15
0.418425 2.4867e-14 3.77717e-15 0 0 0 0 0 0 2.4867e-14 3.77717e-15
0.418663 2.54176e-14 3.87025e-15 0 0 0 0 0 0 2.54176e-14 3.87025e-15
0.418901 2.59799e-14 3.96558e-15 0 0 0 0 0 0 2.59799e-14 3.96558e-15
0.41914 2.65583e-14 4.06387e-15 0 0 0 0 0 0 2.65583e-14 4.06387e-15
0.419378 2.71491e-14 4.16455e-15 0 0 0 0 0 0 2.71491e-14 4.16455e-15
0.419617 2.7757e-14 4.26835e-15 0 0 0 0 0 0 2.7757e-14 4.26835e-15
0.419855 2.8378e-14 4.37472e-15 0 0 0 0 0 0 2.8378e-14 4.37472e-15
0.420094 2.9017e-14 4.48439e-15 0 0 0 0 0 0 2.9017e-14 4.48439e-15
0.420332 2.967e-14 4.5968e-15 0 0 0 0 0 0 2.967e-14 4.5968e-15
0.42057 3.03419e-14 4.71271e-15 0 0 0 0 0 0 3.03419e-14 4.71271e-15
0.420809 3.10287e-14 4.83154e-15 0 0 0 0 0 0 3.10287e-14 4.83154e-15
0.421047 3.17354e-14 4.95409e-15 0 0 0 0 0 0 3.17354e-14 4.95409e-15
0.421286 3.24579e-14 5.07974e-15 0 0 0 0 0 0 3.24579e-14 5.07974e-15
0.421524 3.32014e-14 5.20934e-15 0 0 0 0 0 0 3.32014e-14 5.20934e-15
0.421762 3.39618e-14 5.34227e-15 0 0 0 0 0 0 3.39618e-14 5.34227e-15
0.422001 3.47442e-14 5.47937e-15 0 0 0 0 0 0 3.47442e-14 5.47937e-15
0.422239 3.55447e-14 5.62003e-15 0 0 0 0 0 0 3.55447e-14 5.62003e-15
0.422478 3.63684e-14 5.76512e-15 0 0 0 0 0 0 3.63684e-14 5.76512e-15
0.422716 3.72112e-14 5.91401e-15 0 0 0 0 0 0 3.72112e-14 5.91401e-15
0.422955 3.80787e-14 6.06761e-15 0 0 0 0 0 0 3.80787e-14 6.06761e-15
0.423193 3.89664e-14 6.22527e-15 0 0 0 0 0 0 3.89664e-14 6.22527e-15
0.423431 3.98802e-14 6.38793e-15 0 0 0 0 0 0 3.98802e-14 6.38793e-15
0.42367 4.08156e-14 6.55493e-15 0 0 0 0 0 0 4.08156e-14 6.55493e-15
0.423908 4.17784e-14 6.72725e-15 0 0 0 0 0 0 4.17784e-14 6.72725e-15
0.424147 4.27643e-14 6.90421e-15 0 0 0 0 0 0 4.27643e-14 6.90421e-15
0.424385 4.37792e-14 7.08682e-15 0 0 0 0 0 0 4.37792e-14 7.08682e-15
0.424623 4.48186e-14 7.2744e-15 0 0 0 0 0 0 4.48186e-14 7.2744e-15
0.424862 4.58886e-14 7.46799e-15 0 0 0 0 0 0 4.58886e-14 7.46799e-15
0.4251 4.69848e-14 7.6669e-15 0 0 0 0 0 0 4.69848e-14 7.6669e-15
0.425339 4.81134e-14 7.8722e-15 0 0 0 0 0 0 4.81134e-14 7.8722e-15
0.425577 4.92699e-14 8.0832e-15 0 0 0 0 0 0 4.92699e-14 8.0832e-15
0.425816 5.04607e-14 8.301e-15 0 0 0 0 0 0 5.04607e-14 8.301e-15
0.426054 5.16812e-14 8.5249e-15 0 0 0 0 0 0 5.16812e-14 8.5249e-15
0.426292 5.29379e-14 8.75606e-15 0 0 0 0 0 0 5.29379e-14 8.75606e-15
0.426531 5.42264e-14 8.99374e-15 0 0 0 0 0 0 5.42264e-14 8.99374e-15
0.426769 5.55533e-14 9.23916e-15 0 0 0 0 0 0 5.55533e-14 9.23916e-15
0.427008 5.69139e-14 9.49157e-15 0 0 0 0 0 0 5.69139e-14 9.49157e-15
0.427246 5.83153e-14 9.75223e-15 0 0 0 0 0 0 5.83153e-14 9.75223e-15
0.427485 5.97526e-14 1.00204e-14 0 0 0 0 0 0 5.97526e-14 1.00204e-14
0.427723 6.12332e-14 1.02973e-14 0 0 0 0 0 0 6.12332e-14 1.02973e-14
0.427961 6.27522e-14 1.05823e-14 0 0 0 0 0 0 6.27522e-14 1.05823e-14
0.4282 6.4317e-14 1.08767e-14 0 0 0 0 0 0 6.4317e-14 1.08767e-14
0.428438 6.59228e-14 1.11797e-14 0 0 0 0 0 0 6.59228e-14 1.11797e-14
0.428677 6.75772e-14 1.14927e-14 0 0 0 0 0 0 6.75772e-14 1.14927e-14
0.428915 6.92753e-14 1.1815e-14 0 0 0 0 0 0 6.92753e-14 1.1815e-14
0.429153 7.10251e-14 1.2148e-14 0 0 0 0 0 0 7.10251e-14 1.2148e-14
0.429392 7.28215e-14 1.24909e-14 0 0 0 0 0 0 7.28215e-14 1.24909e-14
0.42963 7.46729e-14 1.28453e-14 0 0 0 0 0 0 7.46729e-14 1.28453e-14
0.429869 7.6574e-14 1.32103e-14 0 0 0 0 0 0 7.6574e-14 1.32103e-14
0.430107 7.85335e-14 1.35876e-14 0 0 0 0 0 0 7.85335e-14 1.35876e-14
0.430346 8.05462e-14 1.39764e-14 0 0 0 0 0 0 8.05462e-14 1.39764e-14
0.430584 8.26209e-14 1.43782e-14 0 0 0 0 0 0 8.26209e-14 1.43782e-14
0.430822 8.47525e-14 1.47924e-14 0 0 0 0 0 0 8.47525e-14 1.47924e-14
0.431061 8.69501e-14 1.52206e-14 0 0 0 0 0 0 8.69501e-14 1.52206e-14
0.431299 8.92085e-14 1.5662e-14 0 0 0 0 0 0 8.92085e-14 1.5662e-14
0.431538 9.15371e-14 1.61185e-14 0 0 0 0 0 0 9.15371e-14 1.61185e-14
0.431776 9.39308e-14 1.65892e-14 0 0 0 0 0 0 9.39308e-14 1.65892e-14
0.432014 9.63992e-14 1.7076e-14 0 0 0 0 0 0 9.63992e-14 1.7076e-14
0.432253 9.89372e-14 1.75781e-14 0 0 0 0 0 0 9.89372e-14 1.75781e-14
0.432491 1.01555e-13 1.80975e-14 0 0 0 0 0 0 1.01555e-13 1.80975e-14
0.43273 1.04247e-13 1.86334e-14 0 0 0 0 0 0 1.04247e-13 1.86334e-14
0.432968 1.07024e-13 1.91878e-14 0 0 0 0 0 0 1.07024e-13 1.91878e-14
0.433207 1.09881e-13 1.976e-14 0 0 0 0 0 0 1.09881e-13 1.976e-14
0.433445 1.12828e-13 2.03521e-14 0 0 0 0 0 0 1.12828e-13 2.03521e-14
0.433683 1.15861e-13 2.09633e-14 0 0 0 0 0 0 1.15861e-13 2.09633e-14
0.433922 1.18991e-13 2.15959e-14 0 0 0 0 0 0 1.18991e-13 2.15959e-14
0.43416 1.22212e-13 2.22491e-14 0 0 0 0 0 0 1.22212e-13 2.22491e-14
0.434399 1.25536e-13 2.29253e-14 0 0 0 0 0 0 1.25536e-13 2.29253e-14
0.434637 1.28958e-13 2.36238e-14 0 0 0 0 0 0 1.28958e-13 2.36238e-14
0.434875 1.3249e-13 2.43469e-14 0 0 0 0 0 0 1.3249e-13 2.43469e-14
0.435114 1.36128e-13 2.50941e-14 0 0 0 0 0 0 1.36128e-13 2.50941e-14
0.435352 1.39883e-13 2.58678e-14 0 0 0 0 0 0 1.39883e-13 2.58678e-14
0.435591 1.43752e-13 2.66674e-14 0 0 0 0 0 0 1.43752e-13 2.66674e-14
0.435829 1.47746e-13 2.74957e-14 0 0 0 0 0 0 1.47746e-13 2.74957e-14
0.436068 1.51861e-13 2.83519e-14 0 0 0 0 0 0 1.51861e-13 2.83519e-14
0.436306 1.56111e-13 2.9239e-14 0 0 0 0 0 0 1.56111e-13 2.9239e-14
0.436544 1.60491e-13 3.01563e-14 0 0 0 0 0 0 1.60491e-13 3.01563e-14
0.436783 1.65015e-13 3.11069e-14 0 0 0 0 0 0 1.65015e-13 3.11069e-14
0.437021 1.69679e-13 3.20901e-14 0 0 0 0 0 0 1.69679e-13 3.20901e-14
0.43726 1.74498e-13 3.31092e-14 0 0 0 0 0 0 1.74498e-13 3.31092e-14
0.437498 1.79467e-13 3.41636e-14 0 0 0 0 0 0 1.79467e-13 3.41636e-14
0.437737 1.84601e-13 3.52567e-14 0 0 0 0 0 0 1.84601e-13 3.52567e-14
0.437975 1.89897e-13 3.63881e-14 0 0 0 0 0 0 1.89897e-13 3.63881e-14
0.438213 1.9537e-13 3.75613e-14 0 0 0 0 0 0 1.9537e-13 3.75613e-14
0.438452 2.01017e-13 3.8776e-14 0 0 0 0 0 0 2.01017e-13 3.8776e-14
0.43869 2.06855e-13 4.00357e-14 0 0 0 0 0 0 2.06855e-13 4.00357e-14
0.438929 2.12879e-13 4.13404e-14 0 0 0 0 0 0 2.12879e-13 4.13404e-14
0.439167 2.19109e-13 4.26939e-14 0 0 0 0 0 0 2.19109e-13 4.26939e-14
0.439405 2.25539e-13 4.40961e-14 0 0 0 0 0 0 2.25539e-13 4.40961e-14
0.439644 2.32189e-13 4.55511e-14 0 0 0 0 0 0 2.32189e-13 4.55511e-14
0.439882 2.39056e-13 4.70589e-14 0 0 0 0 0 0 2.39056e-13 4.70589e-14
0.440121 2.46159e-13 4.8624e-14 0 0 0 0 0 0 2.46159e-13 4.8624e-14
0.440359 2.53496e-13 5.02463e-14 0 0 0 0 0 0 2.53496e-13 5.02463e-14
0.440598 2.61088e-13 5.19306e-14 0 0 0 0 0 0 2.61088e-13 5.19306e-14
0.440836 2.68931e-13 5.36771e-14 0 0 0 0 0 0 2.68931e-13 5.36771e-14
0.441074 2.77047e-13 5.54908e-14 0 0 0 0 0 0 2.77047e-13 5.54908e-14
0.441313 2.85436e-13 5.73722e-14 0 0 0 0 0 0 2.85436e-13 5.73722e-14
0.441551 2.94119e-13 5.93265e-14 0 0 0 0 0 0 2.94119e-13 5.93265e-14
0.44179 3.03096e-13 6.13543e-14 0 0 0 0 0 0 3.03096e-13 6.13543e-14
0.442028 3.12391e-13 6.34613e-14 0 0 0 0 0 0 3.12391e-13 6.34613e-14
0.442266 3.22002e-13 6.56482e-14 0 0 0 0 0 0 3.22002e-13 6.56482e-14
0.442505 3.31956e-13 6.79213e-14 0 0 0 0 0 0 3.31956e-13 6.79213e-14
0.442743 3.42253e-13 7.02813e-14 0 0 0 0 0 0 3.42253e-13 7.02813e-14
0.442982 3.52919e-13 7.2735e-14 0 0 0 0 0 0 3.52919e-13 7.2735e-14
0.44322 3.63956e-13 7.52835e-14 0 0 0 0 0 0 3.63956e-13 7.52835e-14
0.443459 3.75392e-13 7.79338e-14 0 0 0 0 0 0 3.75392e-13 7.79338e-14
0.443697 3.87229e-13 8.06876e-14 0 0 0 0 0 0 3.87229e-13 8.06876e-14
0.443935 3.99497e-13 8.35522e-14 0 0 0 0 0 0 3.99497e-13 8.35522e-14
0.444174 4.122e-13 8.65296e-14 0 0 0 0 0 0 4.122e-13 8.65296e-14
0.444412 4.25369e-13 8.96279e-14 0 0 0 0 0 0 4.25369e-13 8.96279e-14
0.444651 4.39008e-13 9.28493e-14 0 0 0 0 0 0 4.39008e-13 9.28493e-14
0.444889 4.53152e-13 9.62025e-14 0 0 0 0 0 0 4.53152e-13 9.62025e-14
0.445127 4.67806e-13 9.96902e-14 0 0 0 0 0 0 4.67806e-13 9.96902e-14
0.445366 4.83006e-13 1.03322e-13 0 0 0 0 0 0 4.83006e-13 1.03322e-13
0.445604 4.9876e-13 1.071e-13 0 0 0 0 0 0 4.9876e-13 1.071e-13
0.445843 5.15106e-13 1.11036e-13 0 0 0 0 0 0 5.15106e-13 1.11036e-13
0.446081 5.32052e-13 1.15133e-13 0 0 0 0 0 0 5.32052e-13 1.15133e-13
0.44632 5.49641e-13 1.19401e-13 0 0 0 0 0 0 5.49641e-13 1.19401e-13
0.446558 5.67882e-13 1.23846e-13 0 0 0 0 0 0 5.67882e-13 1.23846e-13
0.446796 5.8682e-13 1.28479e-13 0 0 0 0 0 0 5.8682e-13 1.28479e-13
0.447035 6.06468e-13 1.33304e-13 0 0 0 0 0 0 6.06468e-13 1.33304e-13
0.447273 6.26872e-13 1.38336e-13 0 0 0 0 0 0 6.26872e-13 1.38336e-13
0.447512 6.48048e-13 1.43579e-13 0 0 0 0 0 0 6.48048e-13 1.43579e-13
0.44775 6.70046e-13 1.49047e-13 0 0 0 0 0 0 6.70046e-13 1.49047e-13
0.447989 6.92884e-13 1.54749e-13 0 0 0 0 0 0 6.92884e-13 1.54749e-13
0.448227 7.16618e-13 1.60697e-13 0 0 0 0 0 0 7.16618e-13 1.60697e-13
0.448465 7.41266e-13 1.66901e-13 0 0 0 0 0 0 7.41266e-13 1.66901e-13
0.448704 7.66888e-13 1.73376e-13 0 0 0 0 0 0 7.66888e-13 1.73376e-13
0.448942 7.93508e-13 1.80132e-13 0 0 0 0 0 0 7.93508e-13 1.80132e-13
0.449181 8.21189e-13 1.87186e-13 0 0 0 0 0 0 8.21189e-13 1.87186e-13
0.449419 8.49959e-13 1.94549e-13 0 0 0 0 0 0 8.49959e-13 1.94549e-13
0.449657 8.79885e-13 2.02241e-13 0 0 0 0 0 0 8.79885e-13 2.02241e-13
0.449896 9.11001e-13 2.10272e-13 0 0 0 0 0 0 9.11001e-13 2.10272e-13
0.450134 9.43379e-13 2.18665e-13 0 0 0 0 0 0 9.43379e-13 2.18665e-13
0.450373 9.77055e-13 2.27432e-13 0 0 0 0 0 0 9.77055e-13 2.27432e-13
0.450611 1.01211e-12 2.36598e-13 0 0 0 0 0 0 1.01211e-12 2.36598e-13
0.45085 1.04859e-12 2.46177e-13 0 0 0 0 0 0 1.04859e-12 2.46177e-13
0.451088 1.08657e-12 2.56195e-13 0 0 0 0 0 0 1.08657e-12 2.56195e-13
0.451326 1.12611e-12 2.6667e-13 0 0 0 0 0 0 1.12611e-12 2.6667e-13
0.451565 1.1673e-12 2.7763e-13 0 0 0 0 0 0 1.1673e-12 2.7763e-13
0.451803 1.21019e-12 2.89094e-13 0 0 0 0 0 0 1.21019e-12 2.89094e-13
0.452042 1.25489e-12 3.01095e-13 0 0 0 0 0 0 1.25489e-12 3.01095e-13
0.45228 1.30146e-12 3.13653e-13 0 0 0 0 0 0 1.30146e-12 3.13653e-13
0.452518 1.35001e-12 3.26804e-13 0 0 0 0 0 0 1.35001e-12 3.26804e-13
0.452757 1.4006e-12 3.40574e-13 0 0 0 0 0 0 1.4006e-12 3.40574e-13
0.452995 1.45337e-12 3.55e-13 0 0 0 0 0 0 1.45337e-12 3.55e-13
0.453234 1.50839e-12 3.70112e-13 0 0 0 0 0 0 1.50839e-12 3.70112e-13
0.453472 1.5658e-12 3.85951e-13 0 0 0 0 0 0 1.5658e-12 3.85951e-13
0.453711 1.62568e-12 4.02552e-13 0 0 0 0 0 0 1.62568e-12 4.02552e-13
0.453949 1.68819e-12 4.1996e-13 0 0 0 0 0 0 1.68819e-12 4.1996e-13
0.454187 1.75342e-12 4.38212e-13 0 0 0 0 0 0 1.75342e-12 4.38212e-13
0.454426 1.82153e-12 4.57363e-13 0 0 0 0 0 0 1.82153e-12 4.57363e-13
0.454664 1.89265e-12 4.77453e-13 0 0 0 0 0 0 1.89265e-12 4.77453e-13
0.454903 1.96695e-12 4.98542e-13 0 0 0 0 0 0 1.96695e-12 4.98542e-13
0.455141 2.04456e-12 5.20676e-13 0 0 0 0 0 0 2.04456e-12 5.20676e-13
0.455379 2.12567e-12 5.43923e-13 0 0 0 0 0 0 2.12567e-12 5.43923e-13
0.455618 2.21043e-12 5.68335e-13 0 0 0 0 0 0 2.21043e-12 5.68335e-13
0.455856 2.29907e-12 5.93987e-13 0 0 0 0 0 0 2.29907e-12 5.93987e-13
0.456095 2.39174e-12 6.2094e-13 0 0 0 0 0 0 2.39174e-12 6.2094e-13
0.456333 2.48868e-12 6.49277e-13 0 0 0 0 0 0 2.48868e-12 6.49277e-13
0.456572 2.59009e-12 6.79068e-13 0 0 0 0 0 0 2.59009e-12 6.79068e-13
0.45681 2.69623e-12 7.10404e-13 0 0 0 0 0 0 2.69623e-12 7.10404e-13
0.457048 2.80732e-12 7.43367e-13 0 0 0 0 0 0 2.80732e-12 7.43367e-13
0.457287 2.92364e-12 7.7806e-13 0 0 0 0 0 0 2.92364e-12 7.7806e-13
0.457525 3.04544e-12 8.14574e-13 0 0 0 0 0 0 3.04544e-12 8.14574e-13
0.457764 3.17305e-12 8.53026e-13 0 0 0 0 0 0 3.17305e-12 8.53026e-13
0.458002 3.30674e-12 8.93522e-13 0 0 0 0 0 0 3.30674e-12 8.93522e-13
0.458241 3.44688e-12 9.36191e-13 0 0 0 0 0 0 3.44688e-12 9.36191e-13
0.458479 3.59378e-12 9.81154e-13 0 0 0 0 0 0 3.59378e-12 9.81154e-13
0.458717 3.74784e-12 1.02856e-12 0 0 0 0 0 0 3.74784e-12 1.02856e-12
0.458956 3.90942e-12 1.07854e-12 0 0 0 0 0 0 3.90942e-12 1.07854e-12
0.459194 4.07897e-12 1.13128e-12 0 0 0 0 0 0 4.07897e-12 1.13128e-12
0.459433 4.25689e-12 1.18691e-12 0 0 0 0 0 0 4.25689e-12 1.18691e-12
0.459671 4.4437e-12 1.24564e-12 0 0 0 0 0 0 4.4437e-12 1.24564e-12
0.459909 4.63985e-12 1.30765e-12 0 0 0 0 0 0 4.63985e-12 1.30765e-12
0.460148 4.8459e-12 1.37314e-12 0 0 0 0 0 0 4.8459e-12 1.37314e-12
0.460386 5.06239e-12 1.44234e-12 0 0 0 0 0 0 5.06239e-12 1.44234e-12
0.460625 5.28994e-12 1.51547e-12 0 0 0 0 0 0 5.28994e-12 1.51547e-12
0.460863 5.52915e-12 1.59279e-12 0 0 0 0 0 0 5.52915e-12 1.59279e-12
0.461102 5.78075e-12 1.67457e-12 0 0 0 0 0 0 5.78075e-12 1.67457e-12
0.46134 6.0454e-12 1.76109e-12 0 0 0 0 0 0 6.0454e-12 1.76109e-12
0.461578 6.32391e-12 1.85266e-12 0 0 0 0 0 0 6.32391e-12 1.85266e-12
0.461817 6.61707e-12 1.9496e-12 0 0 0 0 0 0 6.61707e-12 1.9496e-12
0.462055 6.92578e-12 2.05228e-12 0 0 0 0 0 0 6.92578e-12 2.05228e-12
0.462294 7.25093e-12 2.16107e-12 0 0 0 0 0 0 7.25093e-12 2.16107e-12
0.462532 7.59355e-12 2.27638e-12 0 0 0 0 0 0 7.59355e-12 2.27638e-12
0.46277 7.95466e-12 2.39863e-12 0 0 0 0 0 0 7.95466e-12 2.39863e-12
0.463009 8.33543e-12 2.52831e-12 0 0 0 0 0 0 8.33543e-12 2.52831e-12
0.463247 8.73701e-12 2.6659e-12 0 0 0 0 0 0 8.73701e-12 2.6659e-12
0.463486 9.16074e-12 2.81197e-12 0 0 0 0 0 0 9.16074e-12 2.81197e-12
0.463724 9.60795e-12 2.96708e-12 0 0 0 0 0 0 9.60795e-12 2.96708e-12
0.463963 1.00802e-11 3.13187e-12 0 0 0 0 0 0 1.00802e-11 3.13187e-12
0.464201 1.05789e-11 3.30699e-12 0 0 0 0 0 0 1.05789e-11 3.30699e-12
0.464439 1.11059e-11 3.4932e-12 0 0 0 0 0 0 1.11059e-11 3.4932e-12
0.464678 1.16629e-11 3.69126e-12 0 0 0 0 0 0 1.16629e-11 3.69126e-12
0.464916 1.22519e-11 3.90203e-12 0 0 0 0 0 0 1.22519e-11 3.90203e-12
0.465155 1.28749e-11 4.1264e-12 0 0 0 0 0 0 1.28749e-11 4.1264e-12
0.465393 1.35342e-11 4.36538e-12 0 0 0 0 0 0 1.35342e-11 4.36538e-12
0.465631 1.42321e-11 4.62001e-12 0 0 0 0 0 0 1.42321e-11 4.62001e-12
0.46587 1.49713e-11 4.89145e-12 0 0 0 0 0 0 1.49713e-11 4.89145e-12
0.466108 1.57544e-11 5.18092e-12 0 0 0 0 0 0 1.57544e-11 5.18092e-12
0.466347 1.65844e-11 5.4898e-12 0 0 0 0 0 0 1.65844e-11 5.4898e-12
0.466585 1.74645e-11 5.8195e-12 0 0 0 0 0 0 1.74645e-11 5.8195e-12
0.466824 1.83981e-11 6.17163e-12 0 0 0 0 0 0 1.83981e-11 6.17163e-12
0.467062 1.93889e-11 6.54787e-12 0 0 0 0 0 0 1.93889e-11 6.54787e-12
0.4673 2.04408e-11 6.9501e-12 0 0 0 0 0 0 2.04408e-11 6.9501e-12
0.467539 2.15581e-11 7.38029e-12 0 0 0 0 0 0 2.15581e-11 7.38029e-12
0.467777 2.27454e-11 7.84064e-12 0 0 0 0 0 0 2.27454e-11 7.84064e-12
0.468016 2.40076e-11 8.33351e-12 0 0 0 0 0 0 2.40076e-11 8.33351e-12
0.468254 2.53502e-11 8.86148e-12 0 0 0 0 0 0 2.53502e-11 8.86148e-12
0.468493 2.67789e-11 9.42734e-12 0 0 0 0 0 0 2.67789e-11 9.42734e-12
0.468731 2.82999e-11 1.00342e-11 0 0 0 0 0 0 2.82999e-11 1.00342e-11
0.468969 2.99199e-11 1.06852e-11 0 0 0 0 0 0 2.99199e-11 1.06852e-11
0.469208 3.16464e-11 1.13842e-11 0 0 0 0 0 0 3.16464e-11 1.13842e-11
0.469446 3.34871e-11 1.21349e-11 0 0 0 0 0 0 3.34871e-11 1.21349e-11
0.469685 3.54507e-11 1.29418e-11 0 0 0 0 0 0 3.54507e-11 1.29418e-11
0.469923 3.75464e-11 1.38095e-11 0 0 0 0 0 0 3.75464e-11 1.38095e-11
0.470161 3.97844e-11 1.47432e-11 0 0 0 0 0 0 3.97844e-11 1.47432e-11
0.4704 4.21754e-11 1.57484e-11 0 0 0 0 0 0 4.21754e-11 1.57484e-11
0.470638 4.47315e-11 1.68315e-11 0 0 0 0 0 0 4.47315e-11 1.68315e-11
0.470877 4.74654e-11 1.7999e-11 0 0 0 0 0 0 4.74654e-11 1.7999e-11
0.471115 5.03912e-11 1.92584e-11 0 0 0 0 0 0 5.03912e-11 1.92584e-11
0.471354 5.35242e-11 2.06177e-11 0 0 0 0 0 0 5.35242e-11 2.06177e-11
0.471592 5.6881e-11 2.2086e-11 0 0 0 0 0 0 5.6881e-11 2.2086e-11
0.47183 6.04797e-11 2.36729e-11 0 0 0 0 0 0 6.04797e-11 2.36729e-11
0.472069 6.43401e-11 2.53893e-11 0 0 0 0 0 0 6.43401e-11 2.53893e-11
0.472307 6.84837e-11 2.7247e-11 0 0 0 0 0 0 6.84837e-11 2.7247e-11
0.472546 7.29342e-11 2.92591e-11 0 0 0 0 0 0 7.29342e-11 2.92591e-11
0.472784 7.77172e-11 3.14399e-11 0 0 0 0 0 0 7.77172e-11 3.14399e-11
0.473022 8.2861e-11 3.38053e-11 0 0 0 0 0 0 8.2861e-11 3.38053e-11
0.473261 8.83963e-11 3.63729e-11 0 0 0 0 0 0 8.83963e-11 3.63729e-11
0.473499 9.43572e-11 3.91622e-11 0 0 0 0 0 0 9.43572e-11 3.91622e-11
0.473738 1.00781e-10 4.21945e-11 0 0 0 0 0 0 1.00781e-10 4.21945e-11
0.473976 1.07707e-10 4.54938e-11 0 0 0 0 0 0 1.07707e-10 4.54938e-11
0.474215 1.15182e-10 4.90863e-11 0 0 0 0 0 0 1.15182e-10 4.90863e-11
0.474453 1.23254e-10 5.30015e-11 0 0 0 0 0 0 1.23254e-10 5.30015e-11
0.474691 1.31978e-10 5.72718e-11 0 0 0 0 0 0 1.31978e-10 5.72718e-11
0.47493 1.41413e-10 6.19336e-11 0 0 0 0 0 0 1.41413e-10 6.19336e-11
0.475168 1.51625e-10 6.70271e-11 0 0 0 0 0 0 1.51625e-10 6.70271e-11
0.475407 1.62687e-10 7.25973e-11 0 0 0 0 0 0 1.62687e-10 7.25973e-11
0.475645 1.7468e-10 7.86945e-11 0 0 0 0 0 0 1.7468e-10 7.86945e-11
0.475883 1.87692e-10 8.53747e-11 0 0 0 0 0 0 1.87692e-10 8.53747e-11
0.476122 2.01821e-10 9.27006e-11 0 0 0 0 0 0 2.01821e-10 9.27006e-11
0.47636 2.17178e-10 1.00743e-10 0 0 0 0 0 0 2.17178e-10 1.00743e-10
0.476599 2.33883e-10 1.09579e-10 0 0 0 0 0 0 2.33883e-10 1.09579e-10
0.476837 2.52071e-10 1.193e-10 0 0 0 0 0 0 2.52071e-10 1.193e-10
0.477076 2.71891e-10 1.30002e-10 0 0 0 0 0 0 2.71891e-10 1.30002e-10
0.477314 2.93512e-10 1.418e-10 0 0 0 0 0 0 2.93512e-10 1.418e-10
0.477552 3.17118e-10 1.54819e-10 0 0 0 0 0 0 3.17118e-10 1.54819e-10
0.477791 3.42918e-10 1.69201e-10 0 0 0 0 0 0 3.42918e-10 1.69201e-10
0.478029 3.71144e-10 1.85107e-10 0 0 0 0 0 0 3.71144e-10 1.85107e-10
0.478268 4.02056e-10 2.0272e-10 0 0 0 0 0 0 4.02056e-10 2.0272e-10
0.478506 4.35945e-10 2.22247e-10 0 0 0 0 0 0 4.35945e-10 2.22247e-10
0.478745 4.73138e-10 2.43921e-10 0 0 0 0 0 0 4.73138e-10 2.43921e-10
0.478983 5.14003e-10 2.6801e-10 0 0 0 0 0 0 5.14003e-10 2.6801e-10
0.479221 5.58954e-10 2.94816e-10 0 0 0 0 0 0 5.58954e-10 2.94816e-10
0.47946 6.08456e-10 3.24688e-10 0 0 0 0 0 0 6.08456e-10 3.24688e-10
0.479698 6.63037e-10 3.5802e-10 0 0 0 0 0 0 6.63037e-10 3.5802e-10
0.479937 7.2329e-10 3.95266e-10 0 0 0 0 0 0 7.2329e-10 3.95266e-10
0.480175 7.8989e-10 4.36945e-10 0 0 0 0 0 0 7.8989e-10 4.36945e-10
0.480413 8.636e-10 4.83655e-10 0 0 0 0 0 0 8.636e-10 4.83655e-10
0.480652 9.4529e-10 5.36081e-10 0 0 0 0 0 0 9.4529e-10 5.36081e-10
0.48089 1.03595e-09 5.95017e-10 0 0 0 0 0 0 1.03595e-09 5.95017e-10
0.481129 1.1367e-09 6.61376e-10 0 0 0 0 0 0 1.1367e-09 6.61376e-10
0.481367 1.24883e-09 7.3622e-10 0 0 0 0 0 0 1.24883e-09 7.3622e-10
0.481606 1.37381e-09 8.20776e-10 0 0 0 0 0 0 1.37381e-09 8.20776e-10
0.481844 1.51333e-09 9.16473e-10 0 0 0 0 0 0 1.51333e-09 9.16473e-10
0.482082 1.66933e-09 1.02498e-09 0 0 0 0 0 0 1.66933e-09 1.02498e-09
0.482321 1.84403e-09 1.14823e-09 0 0 0 0 0 0 1.84403e-09 1.14823e-09
0.482559 2.04003e-09 1.28852e-09 0 0 0 0 0 0 2.04003e-09 1.28852e-09
0.482798 2.26028e-09 1.4485e-09 0 0 0 0 0 0 2.26028e-09 1.4485e-09
0.483036 2.50825e-09 1.63133e-09 0 0 0 0 0 0 2.50825e-09 1.63133e-09
0.483274 2.78793e-09 1.84072e-09 0 0 0 0 0 0 2.78793e-09 1.84072e-09
0.483513 3.104e-09 2.08105e-09 0 0 0 0 0 0 3.104e-09 2.08105e-09
0.483751 3.46189e-09 2.35752e-09 0 0 0 0 0 0 3.46189e-09 2.35752e-09
0.48399 3.86797e-09 2.67634e-09 0 0 0 0 0 0 3.86797e-09 2.67634e-09
0.484228 4.32974e-09 3.04489e-09 0 0 0 0 0 0 4.32974e-09 3.04489e-09
0.484467 4.85597e-09 3.47201e-09 0 0 0 0 0 0 4.85597e-09 3.47201e-09
0.484705 5.45706e-09 3.96835e-09 0 0 0 0 0 0 5.45706e-09 3.96835e-09
0.484943 6.1453e-09 4.5467e-09 0 0 0 0 0 0 6.1453e-09 4.5467e-09
0.485182 6.93527e-09 5.22257e-09 0 0 0 0 0 0 6.93527e-09 5.22257e-09
0.48542 7.84437e-09 6.01475e-09 0 0 0 0 0 0 7.84437e-09 6.01475e-09
0.485659 8.89337e-09 6.94617e-09 0 0 0 0 0 0 8.89337e-09 6.94617e-09
0.485897 1.01072e-08 8.04488e-09 0 0 0 0 0 0 1.01072e-08 8.04488e-09
0.486135 1.15159e-08 9.34534e-09 0 0 0 0 0 0 1.15159e-08 9.34534e-09
0.486374 1.31557e-08 1.08901e-08 0 0 0 0 0 0 1.31557e-08 1.08901e-08
0.486612 1.50707e-08 1.27319e-08 0 0 0 0 0 0 1.50707e-08 1.27319e-08
0.486851 1.73146e-08 1.49365e-08 0 0 0 0 0 0 1.73146e-08 1.49365e-08
0.487089 1.99531e-08 1.75862e-08 0 0 0 0 0 0 1.99531e-08 1.75862e-08
0.487328 2.30669e-08 2.07847e-08 0 0 0 0 0 0 2.30669e-08 2.07847e-08
0.487566 2.6756e-08 2.46633e-08 0 0 0 0 0 0 2.6756e-08 2.46633e-08
0.487804 3.11446e-08 2.93892e-08 0 0 0 0 0 0 3.11446e-08 2.93892e-08
0.488043 3.63877e-08 3.51769e-08 0 0 0 0 0 0 3.63877e-08 3.51769e-08
0.488281 4.26802e-08 4.23032e-08 0 0 0 0 0 0 4.26802e-08 4.23032e-08
0.48852 5.02684e-08 5.1128e-08 0 0 0 0 0 0 5.02684e-08 5.1128e-08
0.488758 5.94655e-08 6.21225e-08 0 0 0 0 0 0 5.94655e-08 6.21225e-08
0.488997 7.06731e-08 7.5909e-08 0 0 0 0 0 0 7.06731e-08 7.5909e-08
0.489235 8.44088e-08 9.33163e-08 0 0 0 0 0 0 8.44088e-08 9.33163e-08
0.489473 1.01346e-07 1.15458e-07 0 0 0 0 0 0 1.01346e-07 1.15458e-07
0.489712 1.22366e-07 1.43847e-07 0 0 0 0 0 0 1.22366e-07 1.43847e-07
0.48995 1.48636e-07 1.80554e-07 0 0 0 0 0 0 1.48636e-07 1.80554e-07
0.490189 1.8171e-07 2.28457e-07 0 0 0 0 0 0 1.8171e-07 2.28457e-07
0.490427 2.23682e-07 2.9159e-07 0 0 0 0 0 0 2.23682e-07 2.9159e-07
0.490665 2.77397e-07 3.7569e-07 0 0 0 0 0 0 2.77397e-07 3.7569e-07
0.490904 3.46768e-07 4.89025e-07 0 0 0 0 0 0 3.46768e-07 4.89025e-07
0.491142 4.37222e-07 6.43678e-07 0 0 0 0 0 0 4.37222e-07 6.43678e-07
0.491381 5.56373e-07 8.57578e-07 0 0 0 0 0 0 5.56373e-07 8.57578e-07
0.491619 7.15001e-07 1.15773e-06 0 0 0 0 0 0 7.15001e-07 1.15773e-06
0.491858 9.28498e-07 1.5854e-06 0 0 0 0 0 0 9.28498e-07 1.5854e-06
0.492096 1.21894e-06 2.20453e-06 0 0 0 0 0 0 1.21894e-06 2.20453e-06
0.492334 1.61801e-06 3.11518e-06 0 0 0 0 0 0 1.61801e-06 3.11518e-06
0.492573 2.17073e-06 4.47457e-06 0 0 0 0 0 0 2.17073e-06 4.47457e-06
0.492811 2.93979e-06 6.52864e-06 0 0 0 0 0 0 2.93979e-06 6.52864e-06
0.49305 4.0089e-06 9.65489e-06 0 0 0 0 0 0 4.0089e-06 9.65489e-06
0.493288 5.48278e-06 1.44122e-05 0 0 0 0 0 0 5.48278e-06 1.44122e-05
0.493526 7.48028e-06 2.15832e-05 0 0 0 0 0 0 7.48028e-06 2.15832e-05
0.493765 1.0119e-05 3.21854e-05 0 0 0 0 0 0 1.0119e-05 3.21854e-05
0.494003 1.34936e-05 4.74294e-05 0 0 0 0 0 0 1.34936e-05 4.74294e-05
0.494242 1.76524e-05 6.86136e-05 0 0 0 0 0 0 1.76524e-05 6.86136e-05
0.49448 2.25796e-05 9.69654e-05 0 0 0 0 0 0 2.25796e-05 9.69654e-05
0.494719 2.8183e-05 0.000133446 0 0 0 0 0 0 2.8183e-05 0.000133446
0.494957 3.42899e-05 0.000178541 0 0 0 0 0 0 3.42899e-05 0.000178541
0.495195 4.06472e-05 0.000232049 0 0 0 0 0 0 4.06472e-05 0.000232049
0.495434 4.69258e-05 0.000292874 0 0 0 0 0 0 4.69258e-05 0.000292874
0.495672 5.27279e-05 0.000358834 0 0 0 0 0 0 5.27279e-05 0.000358834
0.495911 5.75973e-05 0.000426473 0 0 0 0 0 0 5.75973e-05 0.000426473
0.496149 6.10322e-05 0.000490892 0 0 0 0 0 0 6.10322e-05 0.000490892
0.496387 6.25042e-05 0.000545591 0 0 0 0 0 0 6.25042e-05 0.000545591
0.496626 6.14844e-05 0.000582355 0 0 0 0 0 0 6.14844e-05 0.000582355
0.496864 5.748e-05 0.000591196 0 0 0 0 0 0 5.748e-05 0.000591196
0.497103 5.00848e-05 0.000560404 0 0 0 0 0 0 5.00848e-05 0.000560404
0.497341 3.90488e-05 0.000476784 0 0 0 0 0 0 3.90488e-05 0.000476784
0.49758 2.43684e-05 0.000326194 0 0 0 0 0 0 2.43684e-05 0.000326194
0.497818 6.39869e-06 9.45271e-05 0 0 0 0 0 0 6.39869e-06 9.45271e-05
0.498056 -1.40154e-05 -0.000230624 0 0 0 0 0 0 -1.40154e-05 -0.000230624
0.498295 -3.54075e-05 -0.000657376 0 0 0 0 0 0 -3.54075e-05 -0.000657376
0.498533 -5.55938e-05 -0.00118577 0 0 0 0 0 0 -5.55938e-05 -0.00118577
0.498772 -7.16867e-05 -0.00180273 0 0 0 0 0 0 -7.16867e-05 -0.00180273
0.49901 -8.03401e-05 -0.00247629 0 0 0 0 0 0 -8.03401e-05 -0.00247629
0.499249 -7.83767e-05 -0.00315098 0 0 0 0 0 0 -7.83767e-05 -0.00315098
0.499487 -6.38783e-05 -0.00374822 0 0 0 0 0 0 -6.38783e-05 -0.00374822
0.499725 -3.75149e-05 -0.00417742 0 0 0 0 0 0 -3.75149e-05 -0.00417742
0.499964 -3.35529e-06 -0.00436002 0 0 0 0 0 0 -3.35529e-06 -0.00436002
0.500202 3.18175e-05 -0.00425886 0 0 0 0 0 0 3.18175e-05 -0.00425886
0.500441 6.08184e-05 -0.00389464 0 0 0 0 0 0 6.08184e-05 -0.00389464
0.500679 7.86435e-05 -0.0033366 0 0 0 0 0 0 7.86435e-05 -0.0033366
0.500917 8.36902e-05 -0.00267495 0 0 0 0 0 0 8.36902e-05 -0.00267495
0.501156 7.72924e-05 -0.00199373 0 0 0 0 0 0 7.72924e-05 -0.00199373
0.501394 6.24344e-05 -0.00135577 0 0 0 0 0 0 6.24344e-05 -0.00135577
0.501633 4.25384e-05 -0.000799644 0 0 0 0 0 0 4.25384e-05 -0.000799644
0.501871 2.06969e-05 -0.000343355 0 0 0 0 0 0 2.06969e-05 -0.000343355
0.50211 -6.69862e-07 9.94201e-06 0 0 0 0 0 0 -6.69862e-07 9.94201e-06
0.502348 -1.98796e-05 0.000266554 0 0 0 0 0 0 -1.98796e-05 0.000266554
0.502586 -3.59132e-05 0.000438067 0 0 0 0 0 0 -3.59132e-05 0.000438067
0.502825 -4.82864e-05 0.000538408 0 0 0 0 0 0 -4.82864e-05 0.000538408
0.503063 -5.6914e-05 0.000581933 0 0 0 0 0 0 -5.6914e-05 0.000581933
0.503302 -6.19908e-05 0.000582264 0 0 0 0 0 0 -6.19908e-05 0.000582264
0.50354 -6.38929e-05 0.000551633 0 0 0 0 0 0 -6.38929e-05 0.000551633
0.503778 -6.31022e-05 0.00050058 0 0 0 0 0 0 -6.31022e-05 0.00050058
0.504017 -6.01502e-05 0.000437851 0 0 0 0 0 0 -6.01502e-05 0.000437851
0.504255 -5.55772e-05 0.000370435 0 0 0 0 0 0 -5.55772e-05 0.000370435
0.504494 -4.99031e-05 0.000303668 0 0 0 0 0 0 -4.99031e-05 0.000303668
0.504732 -4.3607e-05 0.000241382 0 0 0 0 0 0 -4.3607e-05 0.000241382
0.504971 -3.71119e-05 0.000186075 0 0 0 0 0 0 -3.71119e-05 0.000186075
0.505209 -3.07745e-05 0.000139097 0 0 0 0 0 0 -3.07745e-05 0.000139097
0.505447 -2.48763e-05 0.000100842 0 0 0 0 0 0 -2.48763e-05 0.000100842
0.505686 -1.96188e-05 7.09563e-05 0 0 0 0 0 0 -1.96188e-05 7.09563e-05
0.505924 -1.51214e-05 4.85516e-05 0 0 0 0 0 0 -1.51214e-05 4.85516e-05
0.506163 -1.14241e-05 3.2419e-05 0 0 0 0 0 0 -1.14241e-05 3.2419e-05
0.506401 -8.4971e-06 2.12343e-05 0 0 0 0 0 0 -8.4971e-06 2.12343e-05
0.506639 -6.25713e-06 1.37315e-05 0 0 0 0 0 0 -6.25713e-06 1.37315e-05
0.506878 -4.58983e-06 8.82487e-06 0 0 0 0 0 0 -4.58983e-06 8.82487e-06
0.507116 -3.37285e-06 5.66735e-06 0 0 0 0 0 0 -3.37285e-06 5.66735e-06
0.507355 -2.49407e-06 3.649e-06 0 0 0 0 0 0 -2.49407e-06 3.649e-06
0.507593 -1.86123e-06 2.35742e-06 0 0 0 0 0 0 -1.86123e-06 2.35742e-06
0.507832 -1.40398e-06 1.52561e-06 0 0 0 0 0 0 -1.40398e-06 1.52561e-06
0.50807 -1.07113e-06 9.84985e-07 0 0 0 0 0 0 -1.07113e-06 9.84985e-07
0.508308 -8.26454e-07 6.30102e-07 0 0 0 0 0 0 -8.26454e-07 6.30102e-07
0.508547 -6.44616e-07 3.94989e-07 0 0 0 0 0 0 -6.44616e-07 3.94989e-07
0.508785 -5.07953e-07 2.38055e-07 0 0 0 0 0 0 -5.07953e-07 2.38055e-07
0.509024 -4.041e-07 1.32788e-07 0 0 0 0 0 0 -4.041e-07 1.32788e-07
0.509262 -3.24334e-07 6.20668e-08 0 0 0 0 0 0 -3.24334e-07 6.20668e-08
0.509501 -2.62449e-07 1.46896e-08 0 0 0 0 0 0 -2.62449e-07 1.46896e-08
0.509739 -2.1398e-07 -1.6772e-08 0 0 0 0 0 0 -2.1398e-07 -1.6772e-08
0.509977 -1.75683e-07 -3.73048e-08 0 0 0 0 0 0 -1.75683e-07 -3.73048e-08
0.510216 -1.45175e-07 -5.02953e-08 0 0 0 0 0 0 -1.45175e-07 -5.02953e-08
0.510454 -1.20688e-07 -5.80676e-08 0 0 0 0 0 0 -1.20688e-07 -5.80676e-08
0.510693 -1.00895e-07 -6.22312e-08 0 0 0 0 0 0 -1.00895e-07 -6.22312e-08
0.510931 -8.47921e-08 -6.39098e-08 0 0 0 0 0 0 -8.47921e-08 -6.39098e-08
0.511169 -7.16128e-08 -6.38926e-08 0 0 0 0 0 0 -7.16128e-08 -6.38926e-08
0.511408 -6.07657e-08 -6.27366e-08 0 0 0 0 0 0 -6.07657e-08 -6.27366e-08
0.511646 -5.17912e-08 -6.08357e-08 0 0 0 0 0 0 -5.17912e-08 -6.08357e-08
0.511885 -4.43294e-08 -5.84687e-08 0 0 0 0 0 0 -4.43294e-08 -5.84687e-08
0.512123 -3.80964e-08 -5.58321e-08 0 0 0 0 0 0 -3.80964e-08 -5.58321e-08
0.512362 -3.28665e-08 -5.30639e-08 0 0 0 0 0 0 -3.28665e-08 -5.30639e-08
0.5126 -2.84595e-08 -5.02594e-08 0 0 0 0 0 0 -2.84595e-08 -5.02594e-08
0.512838 -2.47306e-08 -4.74839e-08 0 0 0 0 0 0 -2.47306e-08 -4.74839e-08
0.513077 -2.15628e-08 -4.47807e-08 0 0 0 0 0 0 -2.15628e-08 -4.47807e-08
0.513315 -1.88614e-08 -4.21776e-08 0 0 0 0 0 0 -1.88614e-08 -4.21776e-08
0.513554 -1.65491e-08 -3.96914e-08 0 0 0 0 0 0 -1.65491e-08 -3.96914e-08
0.513792 -1.45629e-08 -3.73312e-08 0 0 0 0 0 0 -1.45629e-08 -3.73312e-08
0.51403 -1.2851e-08 -3.51006e-08 0 0 0 0 0 0 -1.2851e-08 -3.51006e-08
0.514269 -1.13707e-08 -3.29997e-08 0 0 0 0 0 0 -1.13707e-08 -3.29997e-08
0.514507 -1.00867e-08 -3.10258e-08 0 0 0 0 0 0 -1.00867e-08 -3.10258e-08
0.514746 -8.96973e-09 -2.91749e-08 0 0 0 0 0 0 -8.96973e-09 -2.91749e-08
0.514984 -7.99523e-09 -2.74417e-08 0 0 0 0 0 0 -7.99523e-09 -2.74417e-08
0.515223 -7.14273e-09 -2.58203e-08 0 0 0 0 0 0 -7.14273e-09 -2.58203e-08
0.515461 -6.39502e-09 -2.43045e-08 0 0 0 0 0 0 -6.39502e-09 -2.43045e-08
0.515699 -5.73758e-09 -2.28882e-08 0 0 0 0 0 0 -5.73758e-09 -2.28882e-08
0.515938 -5.15811e-09 -2.15651e-08 0 0 0 0 0 0 -5.15811e-09 -2.15651e-08
0.516176 -4.64619e-09 -2.03292e-08 0 0 0 0 0 0 -4.64619e-09 -2.03292e-08
0.516415 -4.19294e-09 -1.91746e-08 0 0 0 0 0 0 -4.19294e-09 -1.91746e-08
0.516653 -3.79076e-09 -1.80959e-08 0 0 0 0 0 0 -3.79076e-09 -1.80959e-08
0.516891 -3.43316e-09 -1.70879e-08 0 0 0 0 0 0 -3.43316e-09 -1.70879e-08
0.51713 -3.11457e-09 -1.61455e-08 0 0 0 0 0 0 -3.11457e-09 -1.61455e-08
0.517368 -2.83017e-09 -1.52642e-08 0 0 0 0 0 0 -2.83017e-09 -1.52642e-08
0.517607 -2.57582e-09 -1.44396e-08 0 0 0 0 0 0 -2.57582e-09 -1.44396e-08
0.517845 -2.34793e-09 -1.36678e-08 0 0 0 0 0 0 -2.34793e-09 -1.36678e-08
0.518084 -2.14339e-09 -1.2945e-08 0 0 0 0 0 0 -2.14339e-09 -1.2945e-08
0.518322 -1.9595e-09 -1.22677e-08 0 0 0 0 0 0 -1.9595e-09 -1.22677e-08
0.51856 -1.7939e-09 -1.16328e-08 0 0 0 0 0 0 -1.7939e-09 -1.16328e-08
0.518799 -1.64452e-09 -1.10373e-08 0 0 0 0 0 0 -1.64452e-09 -1.10373e-08
0.519037 -1.50958e-09 -1.04783e-08 0 0 0 0 0 0 -1.50958e-09 -1.04783e-08
0.519276 -1.38749e-09 -9.95336e-09 0 0 0 0 0 0 -1.38749e-09 -9.95336e-09
0.519514 -1.27686e-09 -9.4601e-09 0 0 0 0 0 0 -1.27686e-09 -9.4601e-09
0.519753 -1.17648e-09 -8.99634e-09 0 0 0 0 0 0 -1.17648e-09 -8.99634e-09
0.519991 -1.08527e-09 -8.56006e-09 0 0 0 0 0 0 -1.08527e-09 -8.56006e-09
0.520229 -1.00228e-09 -8.14937e-09 0 0 0 0 0 0 -1.00228e-09 -8.14937e-09
0.520468 -9.26669e-10 -7.76256e-09 0 0 0 0 0 0 -9.26669e-10 -7.76256e-09
0.520706 -8.57696e-10 -7.39802e-09 0 0 0 0 0 0 -8.57696e-10 -7.39802e-09
0.520945 -7.94698e-10 -7.05427e-09 0 0 0 0 0 0 -7.94698e-10 -7.05427e-09
0.521183 -7.37088e-10 -6.72993e-09 0 0 0 0 0 0 -7.37088e-10 -6.72993e-09
0.521421 -6.84342e-10 -6.42374e-09 0 0 0 0 0 0 -6.84342e-10 -6.42374e-09
0.52166 -6.35995e-10 -6.13451e-09 0 0 0 0 0 0 -6.35995e-10 -6.13451e-09
0.521898 -5.91629e-10 -5.86116e-09 0 0 0 0 0 0 -5.91629e-10 -5.86116e-09
0.522137 -5.50872e-10 -5.60266e-09 0 0 0 0 0 0 -5.50872e-10 -5.60266e-09
0.522375 -5.1339e-10 -5.35807e-09 0 0 0 0 0 0 -5.1339e-10 -5.35807e-09
0.522614 -4.78884e-10 -5.12653e-09 0 0 0 0 0 0 -4.78884e-10 -5.12653e-09
0.522852 -4.47086e-10 -4.90721e-09 0 0 0 0 0 0 -4.47086e-10 -4.90721e-09
0.52309 -4.17752e-10 -4.69936e-09 0 0 0 0 0 0 -4.17752e-10 -4.69936e-09
0.523329 -3.90668e-10 -4.50229e-09 0 0 0 0 0 0 -3.90668e-10 -4.50229e-09
0.523567 -3.65634e-10 -4.31532e-09 0 0 0 0 0 0 -3.65634e-10 -4.31532e-09
0.523806 -3.42476e-10 -4.13787e-09 0 0 0 0 0 0 -3.42476e-10 -4.13787e-09
0.524044 -3.21033e-10 -3.96935e-09 0 0 0 0 0 0 -3.21033e-10 -3.96935e-09
0.524282 -3.0116e-10 -3.80925e-09 0 0 0 0 0 0 -3.0116e-10 -3.80925e-09
0.524521 -2.82726e-10 -3.65706e-09 0 0 0 0 0 0 -2.82726e-10 -3.65706e-09
0.524759 -2.65613e-10 -3.51233e-09 0 0 0 0 0 0 -2.65613e-10 -3.51233e-09
0.524998 -2.49712e-10 -3.37463e-09 0 0 0 0 0 0 -2.49712e-10 -3.37463e-09
0.525236 -2.34926e-10 -3.24355e-09 0 0 0 0 0 0 -2.34926e-10 -3.24355e-09
0.525475 -2.21166e-10 -3.11872e-09 0 0 0 0 0 0 -2.21166e-10 -3.11872e-09
0.525713 -2.08349e-10 -2.99979e-09 0 0 0 0 0 0 -2.08349e-10 -2.99979e-09
0.525951 -1.96403e-10 -2.88643e-09 0 0 0 0 0 0 -1.96403e-10 -2.88643e-09
0.52619 -1.8526e-10 -2.77834e-09 0 0 0 0 0 0 -1.8526e-10 -2.77834e-09
0.526428 -1.74858e-10 -2.67521e-09 0 0 0 0 0 0 -1.74858e-10 -2.67521e-09
0.526667 -1.65141e-10 -2.57679e-09 0 0 0 0 0 0 -1.65141e-10 -2.57679e-09
0.526905 -1.56057e-10 -2.48283e-09 0 0 0 0 0 0 -1.56057e-10 -2.48283e-09
0.527143 -1.47559e-10 -2.39307e-09 0 0 0 0 0 0 -1.47559e-10 -2.39307e-09
0.527382 -1.39605e-10 -2.30731e-09 0 0 0 0 0 0 -1.39605e-10 -2.30731e-09
0.52762 -1.32154e-10 -2.22532e-09 0 0 0 0 0 0 -1.32154e-10 -2.22532e-09
0.527859 -1.25169e-10 -2.14692e-09 0 0 0 0 0 0 -1.25169e-10 -2.14692e-09
0.528097 -1.18618e-10 -2.07192e-09 0 0 0 0 0 0 -1.18618e-10 -2.07192e-09
0.528336 -1.1247e-10 -2.00014e-09 0 0 0 0 0 0 -1.1247e-10 -2.00014e-09
0.528574 -1.06696e-10 -1.93142e-09 0 0 0 0 0 0 -1.06696e-10 -1.93142e-09
0.528812 -1.0127e-10 -1.8656e-09 0 0 0 0 0 0 -1.0127e-10 -1.8656e-09
0.529051 -9.61683e-11 -1.80255e-09 0 0 0 0 0 0 -9.61683e-11 -1.80255e-09
0.529289 -9.13686e-11 -1.74212e-09 0 0 0 0 0 0 -9.13686e-11 -1.74212e-09
0.529528 -8.68505e-11 -1.68418e-09 0 0 0 0 0 0 -8.68505e-11 -1.68418e-09
0.529766 -8.2595e-11 -1.62861e-09 0 0 0 0 0 0 -8.2595e-11 -1.62861e-09
0.530005 -7.85847e-11 -1.57531e-09 0 0 0 0 0 0 -7.85847e-11 -1.57531e-09
0.530243 -7.48032e-11 -1.52415e-09 0 0 0 0 0 0 -7.48032e-11 -1.52415e-09
0.530481 -7.12359e-11 -1.47503e-09 0 0 0 0 0 0 -7.12359e-11 -1.47503e-09
0.53072 -6.78684e-11 -1.42787e-09 0 0 0 0 0 0 -6.78684e-11 -1.42787e-09
0.530958 -6.46883e-11 -1.38256e-09 0 0 0 0 0 0 -6.46883e-11 -1.38256e-09
0.531197 -6.16834e-11 -1.33902e-09 0 0 0 0 0 0 -6.16834e-11 -1.33902e-09
0.531435 -5.88428e-11 -1.29717e-09 0 0 0 0 0 0 -5.88428e-11 -1.29717e-09
0.531673 -5.6156e-11 -1.25693e-09 0 0 0 0 0 0 -5.6156e-11 -1.25693e-09
0.531912 -5.36136e-11 -1.21823e-09 0 0 0 0 0 0 -5.36136e-11 -1.21823e-09
0.53215 -5.12065e-11 -1.181e-09 0 0 0 0 0 0 -5.12065e-11 -1.181e-09
0.532389 -4.89267e-11 -1.14517e-09 0 0 0 0 0 0 -4.89267e-11 -1.14517e-09
0.532627 -4.67663e-11 -1.11067e-09 0 0 0 0 0 0 -4.67663e-11 -1.11067e-09
0.532866 -4.47182e-11 -1.07746e-09 0 0 0 0 0 0 -4.47182e-11 -1.07746e-09
0.533104 -4.27756e-11 -1.04547e-09 0 0 0 0 0 0 -4.27756e-11 -1.04547e-09
0.533342 -4.09323e-11 -1.01465e-09 0 0 0 0 0 0 -4.09323e-11 -1.01465e-09
0.533581 -3.91825e-11 -9.84942e-10 0 0 0 0 0 0 -3.91825e-11 -9.84942e-10
0.533819 -3.75208e-11 -9.56312e-10 0 0 0 0 0 0 -3.75208e-11 -9.56312e-10
0.534058 -3.5942e-11 -9.28704e-10 0 0 0 0 0 0 -3.5942e-11 -9.28704e-10
0.534296 -3.44414e-11 -9.02081e-10 0 0 0 0 0 0 -3.44414e-11 -9.02081e-10
0.534534 -3.30145e-11 -8.76394e-10 0 0 0 0 0 0 -3.30145e-11 -8.76394e-10
0.534773 -3.16572e-11 -8.51611e-10 0 0 0 0 0 0 -3.16572e-11 -8.51611e-10
0.535011 -3.03656e-11 -8.27688e-10 0 0 0 0 0 0 -3.03656e-11 -8.27688e-10
0.53525 -2.9136e-11 -8.04595e-10 0 0 0 0 0 0 -2.9136e-11 -8.04595e-10
0.535488 -2.7965e-11 -7.82293e-10 0 0 0 0 0 0 -2.7965e-11 -7.82293e-10
0.535727 -2.68494e-11 -7.60755e-10 0 0 0 0 0 0 -2.68494e-11 -7.60755e-10
0.535965 -2.57861e-11 -7.39944e-10 0 0 0 0 0 0 -2.57861e-11 -7.39944e-10
0.536203 -2.47725e-11 -7.19836e-10 0 0 0 0 0 0 -2.47725e-11 -7.19836e-10
0.536442 -2.38056e-11 -7.00399e-10 0 0 0 0 0 0 -2.38056e-11 -7.00399e-10
0.53668 -2.28833e-11 -6.8161e-10 0 0 0 0 0 0 -2.28833e-11 -6.8161e-10
0.536919 -2.20029e-11 -6.63439e-10 0 0 0 0 0 0 -2.20029e-11 -6.63439e-10
0.537157 -2.11624e-11 -6.45866e-10 0 0 0 0 0 0 -2.11624e-11 -6.45866e-10
0.537395 -2.03597e-11 -6.28865e-10 0 0 0 0 0 0 -2.03597e-11 -6.28865e-10
0.537634 -1.95928e-11 -6.12416e-10 0 0 0 0 0 0 -1.95928e-11 -6.12416e-10
0.537872 -1.88598e-11 -5.96494e-10 0 0 0 0 0 0 -1.88598e-11 -5.96494e-10
0.538111 -1.81592e-11 -5.81084e-10 0 0 0 0 0 0 -1.81592e-11 -5.81084e-10
0.538349 -1.7489e-11 -5.66162e-10 0 0 0 0 0 0 -1.7489e-11 -5.66162e-10
0.538588 -1.68481e-11 -5.51713e-10 0 0 0 0 0 0 -1.68481e-11 -5.51713e-10
0.538826 -1.62347e-11 -5.37716e-10 0 0 0 0 0 0 -1.62347e-11 -5.37716e-10
0.539064 -1.56476e-11 -5.24157e-10 0 0 0 0 0 0 -1.56476e-11 -5.24157e-10
0.539303 -1.50854e-11 -5.11017e-10 0 0 0 0 0 0 -1.50854e-11 -5.11017e-10
0.539541 -1.4547e-11 -4.98285e-10 0 0 0 0 0 0 -1.4547e-11 -4.98285e-10
0.53978 -1.40311e-11 -4.8594e-10 0 0 0 0 0 0 -1.40311e-11 -4.8594e-10
0.540018 -1.35368e-11 -4.73974e-10 0 0 0 0 0 0 -1.35368e-11 -4.73974e-10
0.540257 -1.30629e-11 -4.62367e-10 0 0 0 0 0 0 -1.30629e-11 -4.62367e-10
0.540495 -1.26085e-11 -4.51113e-10 0 0 0 0 0 0 -1.26085e-11 -4.51113e-10
0.540733 -1.21726e-11 -4.40192e-10 0 0 0 0 0 0 -1.21726e-11 -4.40192e-10
0.540972 -1.17545e-11 -4.29599e-10 0 0 0 0 0 0 -1.17545e-11 -4.29599e-10
0.54121 -1.13532e-11 -4.19318e-10 0 0 0 0 0 0 -1.13532e-11 -4.19318e-10
0.541449 -1.0968e-11 -4.0934e-10 0 0 0 0 0 0 -1.0968e-11 -4.0934e-10
0.541687 -1.05981e-11 -3.99653e-10 0 0 0 0 0 0 -1.05981e-11 -3.99653e-10
0.541925 -1.02429e-11 -3.90249e-10 0 0 0 0 0 0 -1.02429e-11 -3.90249e-10
0.542164 -9.90165e-12 -3.81115e-10 0 0 0 0 0 0 -9.90165e-12 -3.81115e-10
0.542402 -9.57377e-12 -3.72246e-10 0 0 0 0 0 0 -9.57377e-12 -3.72246e-10
0.542641 -9.25855e-12 -3.63628e-10 0 0 0 0 0 0 -9.25855e-12 -3.63628e-10
0.542879 -8.95557e-12 -3.55257e-10 0 0 0 0 0 0 -8.95557e-12 -3.55257e-10
0.543118 -8.66415e-12 -3.47121e-10 0 0 0 0 0 0 -8.66415e-12 -3.47121e-10
0.543356 -8.38391e-12 -3.39216e-10 0 0 0 0 0 0 -8.38391e-12 -3.39216e-10
0.543594 -8.11423e-12 -3.31529e-10 0 0 0 0 0 0 -8.11423e-12 -3.31529e-10
0.543833 -7.85477e-12 -3.24059e-10 0 0 0 0 0 0 -7.85477e-12 -3.24059e-10
0.544071 -7.60497e-12 -3.16793e-10 0 0 0 0 0 0 -7.60497e-12 -3.16793e-10
0.54431 -7.36453e-12 -3.09729e-10 0 0 0 0 0 0 -7.36453e-12 -3.09729e-10
0.544548 -7.13294e-12 -3.02856e-10 0 0 0 0 0 0 -7.13294e-12 -3.02856e-10
0.544786 -6.90992e-12 -2.96173e-10 0 0 0 0 0 0 -6.90992e-12 -2.96173e-10
0.545025 -6.69502e-12 -2.89668e-10 0 0 0 0 0 0 -6.69502e-12 -2.89668e-10
0.545263 -6.48798e-12 -2.83341e-10 0 0 0 0 0 0 -6.48798e-12 -2.83341e-10
0.545502 -6.28838e-12 -2.77181e-10 0 0 0 0 0 0 -6.28838e-12 -2.77181e-10
0.54574 -6.09601e-12 -2.71188e-10 0 0 0 0 0 0 -6.09601e-12 -2.71188e-10
0.545979 -5.91047e-12 -2.65351e-10 0 0 0 0 0 0 -5.91047e-12 -2.65351e-10
0.546217 -5.73158e-12 -2.59671e-10 0 0 0 0 0 0 -5.73158e-12 -2.59671e-10
0.546455 -5.55897e-12 -2.54137e-10 0 0 0 0 0 0 -5.55897e-12 -2.54137e-10
0.546694 -5.39248e-12 -2.48751e-10 0 0 0 0 0 0 -5.39248e-12 -2.48751e-10
0.546932 -5.23176e-12 -2.43502e-10 0 0 0 0 0 0 -5.23176e-12 -2.43502e-10
0.547171 -5.07669e-12 -2.3839e-10 0 0 0 0 0 0 -5.07669e-12 -2.3839e-10
0.547409 -4.92693e-12 -2.33409e-10 0 0 0 0 0 0 -4.92693e-12 -2.33409e-10
0.547647 -4.78237e-12 -2.28556e-10 0 0 0 0 0 0 -4.78237e-12 -2.28556e-10
0.547886 -4.64271e-12 -2.23826e-10 0 0 0 0 0 0 -4.64271e-12 -2.23826e-10
0.548124 -4.50786e-12 -2.19217e-10 0 0 0 0 0 0 -4.50786e-12 -2.19217e-10
0.548363 -4.37752e-12 -2.14722e-10 0 0 0 0 0 0 -4.37752e-12 -2.14722e-10
0.548601 -4.25162e-12 -2.10343e-10 0 0 0 0 0 0 -4.25162e-12 -2.10343e-10
0.54884 -4.1299e-12 -2.0607e-10 0 0 0 0 0 0 -4.1299e-12 -2.0607e-10
0.549078 -4.01227e-12 -2.01906e-10 0 0 0 0 0 0 -4.01227e-12 -2.01906e-10
0.549316 -3.89851e-12 -1.97843e-10 0 0 0 0 0 0 -3.89851e-12 -1.97843e-10
0.549555 -3.78854e-12 -1.93882e-10 0 0 0 0 0 0 -3.78854e-12 -1.93882e-10
0.549793 -3.68214e-12 -1.90016e-10 0 0 0 0 0 0 -3.68214e-12 -1.90016e-10
0.550032 -3.57925e-12 -1.86246e-10 0 0 0 0 0 0 -3.57925e-12 -1.86246e-10
0.55027 -3.47967e-12 -1.82566e-10 0 0 0 0 0 0 -3.47967e-12 -1.82566e-10
0.550508 -3.38334e-12 -1.78977e-10 0 0 0 0 0 0 -3.38334e-12 -1.78977e-10
0.550747 -3.29008e-12 -1.75471e-10 0 0 0 0 0 0 -3.29008e-12 -1.75471e-10
0.550985 -3.19984e-12 -1.72052e-10 0 0 0 0 0 0 -3.19984e-12 -1.72052e-10
0.551224 -3.11243e-12 -1.68712e-10 0 0 0 0 0 0 -3.11243e-12 -1.68712e-10
0.551462 -3.02784e-12 -1.65454e-10 0 0 0 0 0 0 -3.02784e-12 -1.65454e-10
0.551701 -2.94587e-12 -1.6227e-10 0 0 0 0 0 0 -2.94587e-12 -1.6227e-10
0.551939 -2.86652e-12 -1.59164e-10 0 0 0 0 0 0 -2.86652e-12 -1.59164e-10
0.552177 -2.7896e-12 -1.56128e-10 0 0 0 0 0 0 -2.7896e-12 -1.56128e-10
0.552416 -2.71511e-12 -1.53164e-10 0 0 0 0 0 0 -2.71511e-12 -1.53164e-10
0.552654 -2.64289e-12 -1.50267e-10 0 0 0 0 0 0 -2.64289e-12 -1.50267e-10
0.552893 -2.57294e-12 -1.4744e-10 0 0 0 0 0 0 -2.57294e-12 -1.4744e-10
0.553131 -2.50508e-12 -1.44675e-10 0 0 0 0 0 0 -2.50508e-12 -1.44675e-10
0.55337 -2.43934e-12 -1.41975e-10 0 0 0 0 0 0 -2.43934e-12 -1.41975e-10
0.553608 -2.37555e-12 -1.39335e-10 0 0 0 0 0 0 -2.37555e-12 -1.39335e-10
0.553846 -2.31373e-12 -1.36757e-10 0 0 0 0 0 0 -2.31373e-12 -1.36757e-10
0.554085 -2.25373e-12 -1.34235e-10 0 0 0 0 0 0 -2.25373e-12 -1.34235e-10
0.554323 -2.19557e-12 -1.31772e-10 0 0 0 0 0 0 -2.19557e-12 -1.31772e-10
0.554562 -2.1391e-12 -1.29361e-10 0 0 0 0 0 0 -2.1391e-12 -1.29361e-10
0.5548 -2.08435e-12 -1.27007e-10 0 0 0 0 0 0 -2.08435e-12 -1.27007e-10
0.555038 -2.03117e-12 -1.24703e-10 0 0 0 0 0 0 -2.03117e-12 -1.24703e-10
0.555277 -1.9796e-12 -1.22452e-10 0 0 0 0 0 0 -1.9796e-12 -1.22452e-10
0.555515 -1.9295e-12 -1.20248e-10 0 0 0 0 0 0 -1.9295e-12 -1.20248e-10
0.555754 -1.88089e-12 -1.18094e-10 0 0 0 0 0 0 -1.88089e-12 -1.18094e-10
0.555992 -1.83366e-12 -1.15986e-10 0 0 0 0 0 0 -1.83366e-12 -1.15986e-10
0.556231 -1.78783e-12 -1.13925e-10 0 0 0 0 0 0 -1.78783e-12 -1.13925e-10
0.556469 -1.74329e-12 -1.11907e-10 0 0 0 0 0 0 -1.74329e-12 -1.11907e-10
0.556707 -1.70005e-12 -1.09935e-10 0 0 0 0 0 0 -1.70005e-12 -1.09935e-10
0.556946 -1.65801e-12 -1.08002e-10 0 0 0 0 0 0 -1.65801e-12 -1.08002e-10
0.557184 -1.6172e-12 -1.06113e-10 0 0 0 0 0 0 -1.6172e-12 -1.06113e-10
0.557423 -1.57751e-12 -1.04263e-10 0 0 0 0 0 0 -1.57751e-12 -1.04263e-10
0.557661 -1.53898e-12 -1.02453e-10 0 0 0 0 0 0 -1.53898e-12 -1.02453e-10
0.557899 -1.50149e-12 -1.0068e-10 0 0 0 0 0 0 -1.50149e-12 -1.0068e-10
0.558138 -1.46508e-12 -9.8946e-11 0 0 0 0 0 0 -1.46508e-12 -9.8946e-11
0.558376 -1.42964e-12 -9.72462e-11 0 0 0 0 0 0 -1.42964e-12 -9.72462e-11
0.558615 -1.39523e-12 -9.55841e-11 0 0 0 0 0 0 -1.39523e-12 -9.55841e-11
0.558853 -1.36173e-12 -9.39544e-11 0 0 0 0 0 0 -1.36173e-12 -9.39544e-11
0.559092 -1.32918e-12 -9.23606e-11 0 0 0 0 0 0 -1.32918e-12 -9.23606e-11
0.55933 -1.29749e-12 -9.07974e-11 0 0 0 0 0 0 -1.29749e-12 -9.07974e-11
0.559568 -1.2667e-12 -8.92685e-11 0 0 0 0 0 0 -1.2667e-12 -8.92685e-11
0.559807 -1.2367e-12 -8.77687e-11 0 0 0 0 0 0 -1.2367e-12 -8.77687e-11
0.560045 -1.20756e-12 -8.63017e-11 0 0 0 0 0 0 -1.20756e-12 -8.63017e-11
0.560284 -1.17916e-12 -8.48622e-11 0 0 0 0 0 0 -1.17916e-12 -8.48622e-11
0.560522 -1.15156e-12 -8.34541e-11 0 0 0 0 0 0 -1.15156e-12 -8.34541e-11
0.56076 -1.12466e-12 -8.20721e-11 0 0 0 0 0 0 -1.12466e-12 -8.20721e-11
0.560999 -1.09851e-12 -8.072e-11 0 0 0 0 0 0 -1.09851e-12 -8.072e-11
0.561237 -1.07302e-12 -7.93928e-11 0 0 0 0 0 0 -1.07302e-12 -7.93928e-11
0.561476 -1.04824e-12 -7.80941e-11 0 0 0 0 0 0 -1.04824e-12 -7.80941e-11
0.561714 -1.02408e-12 -7.68191e-11 0 0 0 0 0 0 -1.02408e-12 -7.68191e-11
0.561953 -1.00058e-12 -7.55714e-11 0 0 0 0 0 0 -1.00058e-12 -7.55714e-11
0.562191 -9.77662e-13 -7.43462e-11 0 0 0 0 0 0 -9.77662e-13 -7.43462e-11
0.562429 -9.5537e-13 -7.31471e-11 0 0 0 0 0 0 -9.5537e-13 -7.31471e-11
0.562668 -9.33628e-13 -7.19693e-11 0 0 0 0 0 0 -9.33628e-13 -7.19693e-11
0.562906 -9.12475e-13 -7.08166e-11 0 0 0 0 0 0 -9.12475e-13 -7.08166e-11
0.563145 -8.91838e-13 -6.96841e-11 0 0 0 0 0 0 -8.91838e-13 -6.96841e-11
0.563383 -8.71757e-13 -6.85757e-11 0 0 0 0 0 0 -8.71757e-13 -6.85757e-11
0.563622 -8.52161e-13 -6.74864e-11 0 0 0 0 0 0 -8.52161e-13 -6.74864e-11
0.56386 -8.33091e-13 -6.64202e-11 0 0 0 0 0 0 -8.33091e-13 -6.64202e-11
0.564098 -8.14476e-13 -6.53722e-11 0 0 0 0 0 0 -8.14476e-13 -6.53722e-11
0.564337 -7.96359e-13 -6.43464e-11 0 0 0 0 0 0 -7.96359e-13 -6.43464e-11
0.564575 -7.7867e-13 -6.33378e-11 0 0 0 0 0 0 -7.7867e-13 -6.33378e-11
0.564814 -7.61452e-13 -6.23505e-11 0 0 0 0 0 0 -7.61452e-13 -6.23505e-11
0.565052 -7.44637e-13 -6.13796e-11 0 0 0 0 0 0 -7.44637e-13 -6.13796e-11
0.56529 -7.28266e-13 -6.04292e-11 0 0 0 0 0 0 -7.28266e-13 -6.04292e-11
0.565529 -7.12276e-13 -5.94943e-11 0 0 0 0 0 0 -7.12276e-13 -5.94943e-11
0.565767 -6.96706e-13 -5.85791e-11 0 0 0 0 0 0 -6.96706e-13 -5.85791e-11
0.566006 -6.81495e-13 -5.76787e-11 0 0 0 0 0 0 -6.81495e-13 -5.76787e-11
0.566244 -6.66682e-13 -5.67971e-11 0 0 0 0 0 0 -6.66682e-13 -5.67971e-11
0.566483 -6.52206e-13 -5.59296e-11 0 0 0 0 0 0 -6.52206e-13 -5.59296e-11
0.566721 -6.38108e-13 -5.50803e-11 0 0 0 0 0 0 -6.38108e-13 -5.50803e-11
0.566959 -6.24328e-13 -5.42443e-11 0 0 0 0 0 0 -6.24328e-13 -5.42443e-11
0.567198 -6.10906e-13 -5.34258e-11 0 0 0 0 0 0 -6.10906e-13 -5.34258e-11
0.567436 -5.97783e-13 -5.262e-11 0 0 0 0 0 0 -5.97783e-13 -5.262e-11
0.567675 -5.85001e-13 -5.1831e-11 0 0 0 0 0 0 -5.85001e-13 -5.1831e-11
0.567913 -5.725e-13 -5.10541e-11 0 0 0 0 0 0 -5.725e-13 -5.10541e-11
0.568151 -5.60322e-13 -5.02934e-11 0 0 0 0 0 0 -5.60322e-13 -5.02934e-11
0.56839 -5.4841e-13 -4.95441e-11 0 0 0 0 0 0 -5.4841e-13 -4.95441e-11
0.568628 -5.36805e-13 -4.88104e-11 0 0 0 0 0 0 -5.36805e-13 -4.88104e-11
0.568867 -5.25451e-13 -4.80877e-11 0 0 0 0 0 0 -5.25451e-13 -4.80877e-11
0.569105 -5.14387e-13 -4.73799e-11 0 0 0 0 0 0 -5.14387e-13 -4.73799e-11
0.569344 -5.03561e-13 -4.66826e-11 0 0 0 0 0 0 -5.03561e-13 -4.66826e-11
0.569582 -4.93011e-13 -4.59997e-11 0 0 0 0 0 0 -4.93011e-13 -4.59997e-11
0.56982 -4.82685e-13 -4.53266e-11 0 0 0 0 0 0 -4.82685e-13 -4.53266e-11
0.570059 -4.72621e-13 -4.46676e-11 0 0 0 0 0 0 -4.72621e-13 -4.46676e-11
0.570297 -4.62769e-13 -4.40179e-11 0 0 0 0 0 0 -4.62769e-13 -4.40179e-11
0.570536 -4.53167e-13 -4.33816e-11 0 0 0 0 0 0 -4.53167e-13 -4.33816e-11
0.570774 -4.43765e-13 -4.27543e-11 0 0 0 0 0 0 -4.43765e-13 -4.27543e-11
0.571012 -4.346e-13 -4.214e-11 0 0 0 0 0 0 -4.346e-13 -4.214e-11
0.571251 -4.25624e-13 -4.15341e-11 0 0 0 0 0 0 -4.25624e-13 -4.15341e-11
0.571489 -4.16875e-13 -4.09408e-11 0 0 0 0 0 0 -4.16875e-13 -4.09408e-11
0.571728 -4.08303e-13 -4.03556e-11 0 0 0 0 0 0 -4.08303e-13 -4.03556e-11
0.571966 -3.99947e-13 -3.97825e-11 0 0 0 0 0 0 -3.99947e-13 -3.97825e-11
0.572205 -3.9176e-13 -3.9217e-11 0 0 0 0 0 0 -3.9176e-13 -3.9217e-11
0.572443 -3.83778e-13 -3.86632e-11 0 0 0 0 0 0 -3.83778e-13 -3.86632e-11
0.572681 -3.75956e-13 -3.81168e-11 0 0 0 0 0 0 -3.75956e-13 -3.81168e-11
0.57292 -3.68329e-13 -3.75816e-11 0 0 0 0 0 0 -3.68329e-13 -3.75816e-11
0.573158 -3.60853e-13 -3.70534e-11 0 0 0 0 0 0 -3.60853e-13 -3.70534e-11
0.573397 -3.53563e-13 -3.65361e-11 0 0 0 0 0 0 -3.53563e-13 -3.65361e-11
0.573635 -3.46416e-13 -3.60253e-11 0 0 0 0 0 0 -3.46416e-13 -3.60253e-11
0.573874 -3.39448e-13 -3.55252e-11 0 0 0 0 0 0 -3.39448e-13 -3.55252e-11
0.574112 -3.32613e-13 -3.50313e-11 0 0 0 0 0 0 -3.32613e-13 -3.50313e-11
0.57435 -3.25949e-13 -3.45477e-11 0 0 0 0 0 0 -3.25949e-13 -3.45477e-11
0.574589 -3.19413e-13 -3.40699e-11 0 0 0 0 0 0 -3.19413e-13 -3.40699e-11
0.574827 -3.13039e-13 -3.36022e-11 0 0 0 0 0 0 -3.13039e-13 -3.36022e-11
0.575066 -3.06785e-13 -3.314e-11 0 0 0 0 0 0 -3.06785e-13 -3.314e-11
0.575304 -3.00686e-13 -3.26875e-11 0 0 0 0 0 0 -3.00686e-13 -3.26875e-11
0.575542 -2.94702e-13 -3.22402e-11 0 0 0 0 0 0 -2.94702e-13 -3.22402e-11
0.575781 -2.88866e-13 -3.18024e-11 0 0 0 0 0 0 -2.88866e-13 -3.18024e-11
0.576019 -2.83137e-13 -3.13695e-11 0 0 0 0 0 0 -2.83137e-13 -3.13695e-11
0.576258 -2.77551e-13 -3.09457e-11 0 0 0 0 0 0 -2.77551e-13 -3.09457e-11
0.576496 -2.72066e-13 -3.05267e-11 0 0 0 0 0 0 -2.72066e-13 -3.05267e-11
0.576735 -2.66718e-13 -3.01165e-11 0 0 0 0 0 0 -2.66718e-13 -3.01165e-11
0.576973 -2.61465e-13 -2.97108e-11 0 0 0 0 0 0 -2.61465e-13 -2.97108e-11
0.577211 -2.56343e-13 -2.93137e-11 0 0 0 0 0 0 -2.56343e-13 -2.93137e-11
0.57745 -2.51312e-13 -2.89208e-11 0 0 0 0 0 0 -2.51312e-13 -2.89208e-11
0.577688 -2.46406e-13 -2.85362e-11 0 0 0 0 0 0 -2.46406e-13 -2.85362e-11
0.577927 -2.41586e-13 -2.81557e-11 0 0 0 0 0 0 -2.41586e-13 -2.81557e-11
0.578165 -2.36885e-13 -2.77832e-11 0 0 0 0 0 0 -2.36885e-13 -2.77832e-11
0.578403 -2.32266e-13 -2.74146e-11 0 0 0 0 0 0 -2.32266e-13 -2.74146e-11
0.578642 -2.27761e-13 -2.70538e-11 0 0 0 0 0 0 -2.27761e-13 -2.70538e-11
0.57888 -2.23333e-13 -2.66966e-11 0 0 0 0 0 0 -2.23333e-13 -2.66966e-11
0.579119 -2.19015e-13 -2.6347e-11 0 0 0 0 0 0 -2.19015e-13 -2.6347e-11
0.579357 -2.1477e-13 -2.60008e-11 0 0 0 0 0 0 -2.1477e-13 -2.60008e-11
0.579596 -2.10631e-13 -2.5662e-11 0 0 0 0 0 0 -2.10631e-13 -2.5662e-11
0.579834 -2.0656e-13 -2.53265e-11 0 0 0 0 0 0 -2.0656e-13 -2.53265e-11
0.580072 -2.0259e-13 -2.49981e-11 0 0 0 0 0 0 -2.0259e-13 -2.49981e-11
0.580311 -1.98686e-13 -2.46728e-11 0 0 0 0 0 0 -1.98686e-13 -2.46728e-11
0.580549 -1.94879e-13 -2.43545e-11 0 0 0 0 0 0 -1.94879e-13 -2.43545e-11
0.580788 -1.91134e-13 -2.40391e-11 0 0 0 0 0 0 -1.91134e-13 -2.40391e-11
0.581026 -1.87481e-13 -2.37305e-11 0 0 0 0 0 0 -1.87481e-13 -2.37305e-11
0.581264 -1.83887e-13 -2.34246e-11 0 0 0 0 0 0 -1.83887e-13 -2.34246e-11
0.581503 -1.80383e-13 -2.31253e-11 0 0 0 0 0 0 -1.80383e-13 -2.31253e-11
0.581741 -1.76934e-13 -2.28286e-11 0 0 0 0 0 0 -1.76934e-13 -2.28286e-11
0.58198 -1.7357e-13 -2.25383e-11 0 0 0 0 0 0 -1.7357e-13 -2.25383e-11
0.582218 -1.7026e-13 -2.22504e-11 0 0 0 0 0 0 -1.7026e-13 -2.22504e-11
0.582457 -1.67031e-13 -2.19689e-11 0 0 0 0 0 0 -1.67031e-13 -2.19689e-11
0.582695 -1.63853e-13 -2.16895e-11 0 0 0 0 0 0 -1.63853e-13 -2.16895e-11
0.582933 -1.60753e-13 -2.14163e-11 0 0 0 0 0 0 -1.60753e-13 -2.14163e-11
0.583172 -1.57701e-13 -2.11452e-11 0 0 0 0 0 0 -1.57701e-13 -2.11452e-11
0.58341 -1.54725e-13 -2.08802e-11 0 0 0 0 0 0 -1.54725e-13 -2.08802e-11
0.583649 -1.51793e-13 -2.0617e-11 0 0 0 0 0 0 -1.51793e-13 -2.0617e-11
0.583887 -1.48935e-13 -2.03598e-11 0 0 0 0 0 0 -1.48935e-13 -2.03598e-11
0.584126 -1.46118e-13 -2.01043e-11 0 0 0 0 0 0 -1.46118e-13 -2.01043e-11
0.584364 -1.43373e-13 -1.98546e-11 0 0 0 0 0 0 -1.43373e-13 -1.98546e-11
0.584602 -1.40667e-13 -1.96066e-11 0 0 0 0 0 0 -1.40667e-13 -1.96066e-11
0.584841 -1.38029e-13 -1.93642e-11 0 0 0 0 0 0 -1.38029e-13 -1.93642e-11
0.585079 -1.35429e-13 -1.91233e-11 0 0 0 0 0 0 -1.35429e-13 -1.91233e-11
0.585318 -1.32894e-13 -1.88879e-11 0 0 0 0 0 0 -1.32894e-13 -1.88879e-11
0.585556 -1.30395e-13 -1.8654e-11 0 0 0 0 0 0 -1.30395e-13 -1.8654e-11
0.585794 -1.27959e-13 -1.84254e-11 0 0 0 0 0 0 -1.27959e-13 -1.84254e-11
0.586033 -1.25557e-13 -1.81981e-11 0 0 0 0 0 0 -1.25557e-13 -1.81981e-11
0.586271 -1.23215e-13 -1.79761e-11 0 0 0 0 0 0 -1.23215e-13 -1.79761e-11
0.58651 -1.20905e-13 -1.77553e-11 0 0 0 0 0 0 -1.20905e-13 -1.77553e-11
0.586748 -1.18654e-13 -1.75396e-11 0 0 0 0 0 0 -1.18654e-13 -1.75396e-11
0.586987 -1.16433e-13 -1.73251e-11 0 0 0 0 0 0 -1.16433e-13 -1.73251e-11
0.587225 -1.14268e-13 -1.71156e-11 0 0 0 0 0 0 -1.14268e-13 -1.71156e-11
0.587463 -1.12132e-13 -1.6907e-11 0 0 0 0 0 0 -1.12132e-13 -1.6907e-11
0.587702 -1.1005e-13 -1.67034e-11 0 0 0 0 0 0 -1.1005e-13 -1.67034e-11
0.58794 -1.07995e-13 -1.65008e-11 0 0 0 0 0 0 -1.07995e-13 -1.65008e-11
0.588179 -1.05993e-13 -1.63029e-11 0 0 0 0 0 0 -1.05993e-13 -1.63029e-11
0.588417 -1.04016e-13 -1.61059e-11 0 0 0 0 0 0 -1.04016e-13 -1.61059e-11
0.588655 -1.0209e-13 -1.59136e-11 0 0 0 0 0 0 -1.0209e-13 -1.59136e-11
0.588894 -1.00188e-13 -1.5722e-11 0 0 0 0 0 0 -1.00188e-13 -1.5722e-11
0.589132 -9.83342e-14 -1.55351e-11 0 0 0 0 0 0 -9.83342e-14 -1.55351e-11
0.589371 -9.65038e-14 -1.53488e-11 0 0 0 0 0 0 -9.65038e-14 -1.53488e-11
0.589609 -9.47203e-14 -1.5167e-11 0 0 0 0 0 0 -9.47203e-14 -1.5167e-11
0.589848 -9.29585e-14 -1.49859e-11 0 0 0 0 0 0 -9.29585e-14 -1.49859e-11
0.590086 -9.1242e-14 -1.48091e-11 0 0 0 0 0 0 -9.1242e-14 -1.48091e-11
0.590324 -8.95461e-14 -1.46329e-11 0 0 0 0 0 0 -8.95461e-14 -1.46329e-11
0.590563 -8.78938e-14 -1.4461e-11 0 0 0 0 0 0 -8.78938e-14 -1.4461e-11
0.590801 -8.62611e-14 -1.42896e-11 0 0 0 0 0 0 -8.62611e-14 -1.42896e-11
0.59104 -8.46705e-14 -1.41224e-11 0 0 0 0 0 0 -8.46705e-14 -1.41224e-11
0.591278 -8.30983e-14 -1.39556e-11 0 0 0 0 0 0 -8.30983e-14 -1.39556e-11
0.591516 -8.1567e-14 -1.3793e-11 0 0 0 0 0 0 -8.1567e-14 -1.3793e-11
0.591755 -8.00529e-14 -1.36307e-11 0 0 0 0 0 0 -8.00529e-14 -1.36307e-11
0.591993 -7.85783e-14 -1.34725e-11 0 0 0 0 0 0 -7.85783e-14 -1.34725e-11
0.592232 -7.71201e-14 -1.33146e-11 0 0 0 0 0 0 -7.71201e-14 -1.33146e-11
0.59247 -7.56999e-14 -1.31606e-11 0 0 0 0 0 0 -7.56999e-14 -1.31606e-11
0.592709 -7.42953e-14 -1.30069e-11 0 0 0 0 0 0 -7.42953e-14 -1.30069e-11
0.592947 -7.29274e-14 -1.28571e-11 0 0 0 0 0 0 -7.29274e-14 -1.28571e-11
0.593185 -7.15742e-14 -1.27074e-11 0 0 0 0 0 0 -7.15742e-14 -1.27074e-11
0.593424 -7.02565e-14 -1.25616e-11 0 0 0 0 0 0 -7.02565e-14 -1.25616e-11
0.593662 -6.89527e-14 -1.24159e-11 0 0 0 0 0 0 -6.89527e-14 -1.24159e-11
0.593901 -6.76832e-14 -1.2274e-11 0 0 0 0 0 0 -6.76832e-14 -1.2274e-11
0.594139 -6.64268e-14 -1.21321e-11 0 0 0 0 0 0 -6.64268e-14 -1.21321e-11
0.594378 -6.52036e-14 -1.1994e-11 0 0 0 0 0 0 -6.52036e-14 -1.1994e-11
0.594616 -6.39927e-14 -1.18558e-11 0 0 0 0 0 0 -6.39927e-14 -1.18558e-11
0.594854 -6.2814e-14 -1.17213e-11 0 0 0 0 0 0 -6.2814e-14 -1.17213e-11
0.595093 -6.16469e-14 -1.15867e-11 0 0 0 0 0 0 -6.16469e-14 -1.15867e-11
0.595331 -6.0511e-14 -1.14558e-11 0 0 0 0 0 0 -6.0511e-14 -1.14558e-11
0.59557 -5.93858e-14 -1.13246e-11 0 0 0 0 0 0 -5.93858e-14 -1.13246e-11
0.595808 -5.8291e-14 -1.11971e-11 0 0 0 0 0 0 -5.8291e-14 -1.11971e-11
0.596046 -5.72063e-14 -1.10694e-11 0 0 0 0 0 0 -5.72063e-14 -1.10694e-11
0.596285 -5.61509e-14 -1.09452e-11 0 0 0 0 0 0 -5.61509e-14 -1.09452e-11
0.596523 -5.51051e-14 -1.08207e-11 0 0 0 0 0 0 -5.51051e-14 -1.08207e-11
0.596762 -5.40876e-14 -1.06998e-11 0 0 0 0 0 0 -5.40876e-14 -1.06998e-11
0.597 -5.30792e-14 -1.05785e-11 0 0 0 0 0 0 -5.30792e-14 -1.05785e-11
0.597239 -5.20982e-14 -1.04606e-11 0 0 0 0 0 0 -5.20982e-14 -1.04606e-11
0.597477 -5.11257e-14 -1.03424e-11 0 0 0 0 0 0 -5.11257e-14 -1.03424e-11
0.597715 -5.01798e-14 -1.02276e-11 0 0 0 0 0 0 -5.01798e-14 -1.02276e-11
0.597954 -4.92419e-14 -1.01124e-11 0 0 0 0 0 0 -4.92419e-14 -1.01124e-11
0.598192 -4.83297e-14 -1.00006e-11 0 0 0 0 0 0 -4.83297e-14 -1.00006e-11
0.598431 -4.7425e-14 -9.88827e-12 0 0 0 0 0 0 -4.7425e-14 -9.88827e-12
0.598669 -4.65453e-14 -9.77924e-12 0 0 0 0 0 0 -4.65453e-14 -9.77924e-12
0.598907 -4.56725e-14 -9.66977e-12 0 0 0 0 0 0 -4.56725e-14 -9.66977e-12
0.599146 -4.4824e-14 -9.56352e-12 0 0 0 0 0 0 -4.4824e-14 -9.56352e-12
0.599384 -4.3982e-14 -9.45677e-12 0 0 0 0 0 0 -4.3982e-14 -9.45677e-12
0.599623 -4.31635e-14 -9.35321e-12 0 0 0 0 0 0 -4.31635e-14 -9.35321e-12
