0.399828 4.47848e-11 9.86479e-12 2.27384e-10 1.53812e-09 -2.9991e-18 -1.4656e-17 1.44992e-09 7.66431e-09 1.4947e-09 7.67418e-09
0.400186 4.59758e-11 1.01572e-11 2.33514e-10 1.57467e-09 -3.13798e-18 -1.52775e-17 1.489e-09 7.84623e-09 1.53498e-09 7.85639e-09
0.400543 4.72024e-11 1.04592e-11 2.39829e-10 1.61219e-09 -3.2838e-18 -1.59276e-17 1.52926e-09 8.03301e-09 1.57647e-09 8.04347e-09
0.400901 4.84658e-11 1.07712e-11 2.46335e-10 1.65072e-09 -3.43692e-18 -1.66077e-17 1.57074e-09 8.22481e-09 1.6192e-09 8.23558e-09
0.401258 4.97672e-11 1.10936e-11 2.53037e-10 1.69028e-09 -3.59774e-18 -1.73192e-17 1.61347e-09 8.42176e-09 1.66323e-09 8.43285e-09
0.401616 5.11078e-11 1.14267e-11 2.59943e-10 1.73092e-09 -3.76667e-18 -1.80638e-17 1.65749e-09 8.62402e-09 1.7086e-09 8.63544e-09
0.401974 5.24891e-11 1.17711e-11 2.67059e-10 1.77265e-09 -3.94416e-18 -1.8843e-17 1.70286e-09 8.83175e-09 1.75535e-09 8.84352e-09
0.402331 5.39123e-11 1.21269e-11 2.74393e-10 1.81552e-09 -4.13067e-18 -1.96587e-17 1.74962e-09 9.04512e-09 1.80353e-09 9.05725e-09
0.402689 5.53789e-11 1.24948e-11 2.81952e-10 1.85955e-09 -4.32668e-18 -2.05127e-17 1.79781e-09 9.2643e-09 1.85319e-09 9.27679e-09
0.403047 5.68903e-11 1.28751e-11 2.89743e-10 1.90479e-09 -4.53273e-18 -2.14068e-17 1.84748e-09 9.48946e-09 1.90437e-09 9.50233e-09
0.403404 5.84481e-11 1.32683e-11 2.97775e-10 1.95128e-09 -4.74935e-18 -2.23432e-17 1.89868e-09 9.72078e-09 1.95713e-09 9.73405e-09
0.403762 6.00538e-11 1.36748e-11 3.06055e-10 1.99903e-09 -4.97714e-18 -2.3324e-17 1.95147e-09 9.95846e-09 2.01152e-09 9.97214e-09
0.404119 6.17092e-11 1.40953e-11 3.14592e-10 2.04811e-09 -5.2167e-18 -2.43514e-17 2.0059e-09 1.02027e-08 2.06761e-09 1.02168e-08
0.404477 6.34158e-11 1.45302e-11 3.23395e-10 2.09854e-09 -5.4687e-18 -2.54279e-17 2.06202e-09 1.04537e-08 2.12543e-09 1.04682e-08
0.404835 6.51755e-11 1.498e-11 3.32474e-10 2.15038e-09 -5.73382e-18 -2.65559e-17 2.11989e-09 1.07116e-08 2.18507e-09 1.07266e-08
0.405192 6.699e-11 1.54454e-11 3.41836e-10 2.20365e-09 -6.0128e-18 -2.77382e-17 2.17958e-09 1.09767e-08 2.24657e-09 1.09921e-08
0.40555 6.88614e-11 1.59268e-11 3.51494e-10 2.25842e-09 -6.30642e-18 -2.89775e-17 2.24115e-09 1.12492e-08 2.31001e-09 1.12651e-08
0.405908 7.07915e-11 1.6425e-11 3.61456e-10 2.31471e-09 -6.61549e-18 -3.02768e-17 2.30466e-09 1.15293e-08 2.37545e-09 1.15457e-08
0.406265 7.27825e-11 1.69406e-11 3.71733e-10 2.37259e-09 -6.9409e-18 -3.16392e-17 2.37018e-09 1.18173e-08 2.44296e-09 1.18342e-08
0.406623 7.48364e-11 1.74742e-11 3.82337e-10 2.43211e-09 -7.28356e-18 -3.30681e-17 2.43778e-09 1.21134e-08 2.51261e-09 1.21309e-08
0.406981 7.69555e-11 1.80265e-11 3.93278e-10 2.4933e-09 -7.64446e-18 -3.45669e-17 2.50753e-09 1.24178e-08 2.58449e-09 1.24359e-08
0.407338 7.9142e-11 1.85983e-11 4.04569e-10 2.55623e-09 -8.02464e-18 -3.61392e-17 2.57951e-09 1.27309e-08 2.65865e-09 1.27495e-08
0.407696 8.13983e-11 1.91904e-11 4.16223e-10 2.62095e-09 -8.42521e-18 -3.77891e-17 2.6538e-09 1.30529e-08 2.7352e-09 1.30721e-08
0.408053 8.3727e-11 1.98034e-11 4.28251e-10 2.68752e-09 -8.84733e-18 -3.95206e-17 2.73049e-09 1.33841e-08 2.81421e-09 1.34039e-08
0.408411 8.61306e-11 2.04383e-11 4.40668e-10 2.75599e-09 -9.29226e-18 -4.1338e-17 2.80964e-09 1.37247e-08 2.89577e-09 1.37451e-08
0.408769 8.86118e-11 2.10959e-11 4.53487e-10 2.82644e-09 -9.76131e-18 -4.3246e-17 2.89136e-09 1.40751e-08 2.97997e-09 1.40962e-08
0.409126 9.11733e-11 2.1777e-11 4.66722e-10 2.89891e-09 -1.02559e-17 -4.52494e-17 2.97574e-09 1.44356e-08 3.06691e-09 1.44573e-08
0.409484 9.38181e-11 2.24827e-11 4.80389e-10 2.97347e-09 -1.07775e-17 -4.73534e-17 3.06287e-09 1.48064e-08 3.15668e-09 1.48289e-08
0.409842 9.65492e-11 2.32139e-11 4.94503e-10 3.05021e-09 -1.13277e-17 -4.95633e-17 3.15284e-09 1.51881e-08 3.24939e-09 1.52113e-08
0.410199 9.93697e-11 2.39715e-11 5.0908e-10 3.12917e-09 -1.19081e-17 -5.1885e-17 3.24577e-09 1.55808e-08 3.34514e-09 1.56048e-08
0.410557 1.02283e-10 2.47568e-11 5.24138e-10 3.21044e-09 -1.25207e-17 -5.43245e-17 3.34177e-09 1.5985e-08 3.44405e-09 1.60097e-08
0.410914 1.05292e-10 2.55707e-11 5.39693e-10 3.29409e-09 -1.31672e-17 -5.68882e-17 3.44093e-09 1.6401e-08 3.54622e-09 1.64265e-08
0.411272 1.08401e-10 2.64145e-11 5.55763e-10 3.38019e-09 -1.38496e-17 -5.9583e-17 3.54338e-09 1.68292e-08 3.65178e-09 1.68556e-08
0.41163 1.11612e-10 2.72893e-11 5.72369e-10 3.46884e-09 -1.45703e-17 -6.24161e-17 3.64925e-09 1.727e-08 3.76086e-09 1.72973e-08
0.411987 1.14931e-10 2.81965e-11 5.89529e-10 3.56011e-09 -1.53313e-17 -6.53951e-17 3.75864e-09 1.77238e-08 3.87357e-09 1.7752e-08
0.412345 1.18361e-10 2.91372e-11 6.07264e-10 3.65408e-09 -1.61352e-17 -6.85281e-17 3.8717e-09 1.81911e-08 3.99006e-09 1.82202e-08
0.412703 1.21906e-10 3.0113e-11 6.25595e-10 3.75086e-09 -1.69845e-17 -7.18238e-17 3.98856e-09 1.86723e-08 4.11047e-09 1.87024e-08
0.41306 1.25571e-10 3.11252e-11 6.44545e-10 3.85053e-09 -1.78821e-17 -7.52911e-17 4.10937e-09 1.91678e-08 4.23494e-09 1.91989e-08
0.413418 1.29359e-10 3.21753e-11 6.64136e-10 3.95318e-09 -1.88307e-17 -7.89397e-17 4.23426e-09 1.96781e-08 4.36362e-09 1.97103e-08
0.413775 1.33275e-10 3.3265e-11 6.84392e-10 4.05892e-09 -1.98337e-17 -8.27798e-17 4.3634e-09 2.02038e-08 4.49668e-09 2.02371e-08
0.414133 1.37326e-10 3.43958e-11 7.05339e-10 4.16785e-09 -2.08941e-17 -8.68222e-17 4.49694e-09 2.07453e-08 4.63426e-09 2.07797e-08
0.414491 1.41514e-10 3.55694e-11 7.27003e-10 4.28008e-09 -2.20158e-17 -9.10785e-17 4.63505e-09 2.13032e-08 4.77656e-09 2.13388e-08
0.414848 1.45846e-10 3.67878e-11 7.4941e-10 4.39572e-09 -2.32023e-17 -9.55608e-17 4.77789e-09 2.1878e-08 4.92374e-09 2.19148e-08
0.415206 1.50328e-10 3.80526e-11 7.72589e-10 4.51488e-09 -2.44577e-17 -1.00282e-16 4.92566e-09 2.24703e-08 5.07599e-09 2.25084e-08
0.415564 1.54964e-10 3.9366e-11 7.9657e-10 4.63769e-09 -2.57864e-17 -1.05256e-16 5.07854e-09 2.30807e-08 5.23351e-09 2.31201e-08
0.415921 1.59761e-10 4.07299e-11 8.21382e-10 4.76427e-09 -2.71929e-17 -1.10497e-16 5.23672e-09 2.37098e-08 5.39649e-09 2.37505e-08
0.416279 1.64725e-10 4.21465e-11 8.47058e-10 4.89475e-09 -2.8682e-17 -1.1602e-16 5.40042e-09 2.43582e-08 5.56514e-09 2.44004e-08
0.416636 1.69862e-10 4.36181e-11 8.73632e-10 5.02925e-09 -3.02591e-17 -1.21843e-16 5.56983e-09 2.50267e-08 5.73969e-09 2.50703e-08
0.416994 1.7518e-10 4.5147e-11 9.01137e-10 5.16793e-09 -3.19296e-17 -1.27982e-16 5.74518e-09 2.57158e-08 5.92036e-09 2.5761e-08
0.417352 1.80685e-10 4.67357e-11 9.29611e-10 5.31093e-09 -3.36995e-17 -1.34456e-16 5.9267e-09 2.64264e-08 6.10739e-09 2.64731e-08
0.417709 1.86384e-10 4.83867e-11 9.5909e-10 5.45838e-09 -3.55752e-17 -1.41284e-16 6.11464e-09 2.7159e-08 6.30102e-09 2.72074e-08
0.418067 1.92286e-10 5.01028e-11 9.89615e-10 5.61046e-09 -3.75634e-17 -1.48488e-16 6.30924e-09 2.79146e-08 6.50153e-09 2.79647e-08
0.418425 1.98398e-10 5.18867e-11 1.02122e-09 5.76732e-09 -3.96713e-17 -1.5609e-16 6.51076e-09 2.8694e-08 6.70916e-09 2.87458e-08
0.418782 2.04728e-10 5.37415e-11 1.05396e-09 5.92913e-09 -4.19068e-17 -1.64113e-16 6.71948e-09 2.94978e-08 6.92421e-09 2.95516e-08
0.41914 2.11286e-10 5.56702e-11 1.08788e-09 6.09606e-09 -4.4278e-17 -1.72583e-16 6.93569e-09 3.03271e-08 7.14697e-09 3.03828e-08
0.419497 2.18079e-10 5.76762e-11 1.12301e-09 6.2683e-09 -4.67938e-17 -1.81526e-16 7.15967e-09 3.11827e-08 7.37775e-09 3.12403e-08
0.419855 2.25119e-10 5.97628e-11 1.15941e-09 6.44603e-09 -4.94637e-17 -1.9097e-16 7.39174e-09 3.20655e-08 7.61686e-09 3.21252e-08
0.420213 2.32414e-10 6.19335e-11 1.19713e-09 6.62944e-09 -5.22977e-17 -2.00947e-16 7.63222e-09 3.29765e-08 7.86463e-09 3.30384e-08
0.42057 2.39974e-10 6.41923e-11 1.23622e-09 6.81874e-09 -5.53067e-17 -2.11488e-16 7.88145e-09 3.39167e-08 8.12142e-09 3.39808e-08
0.420928 2.47812e-10 6.65429e-11 1.27674e-09 7.01415e-09 -5.85023e-17 -2.22627e-16 8.13977e-09 3.48871e-08 8.38759e-09 3.49536e-08
0.421286 2.55937e-10 6.89895e-11 1.31875e-09 7.21587e-09 -6.18969e-17 -2.34401e-16 8.40757e-09 3.58889e-08 8.66351e-09 3.59578e-08
0.421643 2.64362e-10 7.15365e-11 1.3623e-09 7.42415e-09 -6.55038e-17 -2.4685e-16 8.68522e-09 3.69231e-08 8.94958e-09 3.69946e-08
0.422001 2.73099e-10 7.41883e-11 1.40745e-09 7.6392e-09 -6.93371e-17 -2.60014e-16 8.97312e-09 3.79909e-08 9.24622e-09 3.80651e-08
0.422359 2.82161e-10 7.69498e-11 1.45428e-09 7.86129e-09 -7.34122e-17 -2.73938e-16 9.2717e-09 3.90936e-08 9.55386e-09 3.91706e-08
0.422716 2.91561e-10 7.9826e-11 1.50286e-09 8.09067e-09 -7.77454e-17 -2.8867e-16 9.58138e-09 4.02324e-08 9.87294e-09 4.03122e-08
0.423074 3.01313e-10 8.28221e-11 1.55324e-09 8.32759e-09 -8.23541e-17 -3.04258e-16 9.90263e-09 4.14086e-08 1.02039e-08 4.14915e-08
0.423431 3.11432e-10 8.59436e-11 1.60552e-09 8.57235e-09 -8.72573e-17 -3.20758e-16 1.02359e-08 4.26237e-08 1.05474e-08 4.27096e-08
0.423789 3.21933e-10 8.91964e-11 1.65976e-09 8.82523e-09 -9.2475e-17 -3.38226e-16 1.05818e-08 4.38789e-08 1.09037e-08 4.39681e-08
0.424147 3.32832e-10 9.25865e-11 1.71606e-09 9.08653e-09 -9.80289e-17 -3.56723e-16 1.09407e-08 4.51759e-08 1.12735e-08 4.52684e-08
0.424504 3.44147e-10 9.61203e-11 1.77448e-09 9.35656e-09 -1.03942e-16 -3.76315e-16 1.13132e-08 4.65161e-08 1.16573e-08 4.66122e-08
0.424862 3.55894e-10 9.98046e-11 1.83513e-09 9.63564e-09 -1.1024e-16 -3.97072e-16 1.16999e-08 4.79011e-08 1.20558e-08 4.80009e-08
0.42522 3.68092e-10 1.03646e-10 1.8981e-09 9.92412e-09 -1.16948e-16 -4.19067e-16 1.21014e-08 4.93327e-08 1.24695e-08 4.94363e-08
0.425577 3.8076e-10 1.07653e-10 1.96349e-09 1.02224e-08 -1.24097e-16 -4.4238e-16 1.25183e-08 5.08126e-08 1.2899e-08 5.09202e-08
0.425935 3.93919e-10 1.11833e-10 2.03139e-09 1.05307e-08 -1.31716e-16 -4.67097e-16 1.29512e-08 5.23425e-08 1.33452e-08 5.24543e-08
0.426292 4.07589e-10 1.16193e-10 2.10192e-09 1.08495e-08 -1.3984e-16 -4.93308e-16 1.34009e-08 5.39244e-08 1.38085e-08 5.40406e-08
0.42665 4.21792e-10 1.20744e-10 2.17519e-09 1.11793e-08 -1.48503e-16 -5.2111e-16 1.38681e-08 5.55602e-08 1.42899e-08 5.5681e-08
0.427008 4.36552e-10 1.25493e-10 2.25131e-09 1.15203e-08 -1.57744e-16 -5.50607e-16 1.43535e-08 5.7252e-08 1.479e-08 5.73775e-08
0.427365 4.51893e-10 1.3045e-10 2.33041e-09 1.18731e-08 -1.67605e-16 -5.81911e-16 1.48579e-08 5.90019e-08 1.53097e-08 5.91324e-08
0.427723 4.67841e-10 1.35626e-10 2.41262e-09 1.22381e-08 -1.78129e-16 -6.15139e-16 1.5382e-08 6.08122e-08 1.58499e-08 6.09478e-08
0.428081 4.84421e-10 1.41031e-10 2.49807e-09 1.26157e-08 -1.89366e-16 -6.50419e-16 1.59269e-08 6.26851e-08 1.64113e-08 6.28261e-08
0.428438 5.01662e-10 1.46676e-10 2.5869e-09 1.30065e-08 -2.01366e-16 -6.87888e-16 1.64934e-08 6.46231e-08 1.6995e-08 6.47698e-08
0.428796 5.19593e-10 1.52573e-10 2.67927e-09 1.34109e-08 -2.14185e-16 -7.27692e-16 1.70824e-08 6.66286e-08 1.76019e-08 6.67812e-08
0.429153 5.38245e-10 1.58735e-10 2.77532e-09 1.38296e-08 -2.27884e-16 -7.69986e-16 1.76949e-08 6.87044e-08 1.82331e-08 6.88631e-08
0.429511 5.5765e-10 1.65174e-10 2.87523e-09 1.42629e-08 -2.42525e-16 -8.14939e-16 1.83319e-08 7.0853e-08 1.88896e-08 7.10182e-08
0.429869 5.77841e-10 1.71905e-10 2.97915e-09 1.47116e-08 -2.58181e-16 -8.62729e-16 1.89946e-08 7.30775e-08 1.95725e-08 7.32494e-08
0.430226 5.98855e-10 1.78942e-10 3.08727e-09 1.51763e-08 -2.74924e-16 -9.1355e-16 1.96841e-08 7.53807e-08 2.0283e-08 7.55597e-08
0.430584 6.20727e-10 1.863e-10 3.19978e-09 1.56575e-08 -2.92837e-16 -9.67607e-16 2.04016e-08 7.77658e-08 2.10223e-08 7.79521e-08
0.430942 6.43499e-10 1.93995e-10 3.31687e-09 1.61559e-08 -3.12007e-16 -1.02512e-15 2.11483e-08 8.0236e-08 2.17918e-08 8.043e-08
0.431299 6.67209e-10 2.02045e-10 3.43876e-09 1.66722e-08 -3.32528e-16 -1.08633e-15 2.19255e-08 8.27946e-08 2.25928e-08 8.29967e-08
0.431657 6.91902e-10 2.10468e-10 3.56565e-09 1.72071e-08 -3.54503e-16 -1.1515e-15 2.27348e-08 8.54452e-08 2.34267e-08 8.56557e-08
0.432014 7.17622e-10 2.19282e-10 3.69777e-09 1.77613e-08 -3.78041e-16 -1.22088e-15 2.35773e-08 8.81916e-08 2.4295e-08 8.84108e-08
0.432372 7.44417e-10 2.28508e-10 3.83536e-09 1.83357e-08 -4.03263e-16 -1.29479e-15 2.44548e-08 9.10374e-08 2.51993e-08 9.12659e-08
0.43273 7.72337e-10 2.38167e-10 3.97868e-09 1.89311e-08 -4.30296e-16 -1.37353e-15 2.53689e-08 9.39867e-08 2.61412e-08 9.42249e-08
0.433087 8.01434e-10 2.48281e-10 4.12798e-09 1.95482e-08 -4.5928e-16 -1.45745e-15 2.63211e-08 9.70437e-08 2.71225e-08 9.7292e-08
0.433445 8.31763e-10 2.58874e-10 4.28354e-09 2.01881e-08 -4.90367e-16 -1.54691e-15 2.73132e-08 1.00213e-07 2.8145e-08 1.00472e-07
0.433803 8.63383e-10 2.69972e-10 4.44565e-09 2.08515e-08 -5.23719e-16 -1.6423e-15 2.83472e-08 1.03499e-07 2.92105e-08 1.03769e-07
0.43416 8.96354e-10 2.816e-10 4.61462e-09 2.15396e-08 -5.59512e-16 -1.74404e-15 2.94249e-08 1.06906e-07 3.03212e-08 1.07187e-07
0.434518 9.30741e-10 2.93786e-10 4.79077e-09 2.22532e-08 -5.9794e-16 -1.8526e-15 3.05483e-08 1.10439e-07 3.14791e-08 1.10733e-07
0.434875 9.6661e-10 3.06561e-10 4.97442e-09 2.29935e-08 -6.39208e-16 -1.96845e-15 3.17198e-08 1.14104e-07 3.26864e-08 1.14411e-07
0.435233 1.00403e-09 3.19955e-10 5.16595e-09 2.37616e-08 -6.83543e-16 -2.09213e-15 3.29414e-08 1.17907e-07 3.39454e-08 1.18227e-07
0.435591 1.04308e-09 3.34002e-10 5.36571e-09 2.45586e-08 -7.31187e-16 -2.22421e-15 3.42156e-08 1.21851e-07 3.52587e-08 1.22185e-07
0.435948 1.08384e-09 3.48737e-10 5.5741e-09 2.53857e-08 -7.82406e-16 -2.36529e-15 3.55449e-08 1.25945e-07 3.66287e-08 1.26294e-07
0.436306 1.12639e-09 3.64197e-10 5.79153e-09 2.62442e-08 -8.37486e-16 -2.51603e-15 3.69318e-08 1.30193e-07 3.80582e-08 1.30558e-07
0.436664 1.17082e-09 3.8042e-10 6.01843e-09 2.71354e-08 -8.96733e-16 -2.67721e-15 3.83793e-08 1.34603e-07 3.95501e-08 1.34984e-07
0.437021 1.21721e-09 3.9745e-10 6.25527e-09 2.80607e-08 -9.60497e-16 -2.84947e-15 3.98901e-08 1.39181e-07 4.11073e-08 1.39579e-07
0.437379 1.26567e-09 4.15329e-10 6.50251e-09 2.90216e-08 -1.02914e-15 -3.0337e-15 4.14673e-08 1.43935e-07 4.2733e-08 1.4435e-07
0.437737 1.3163e-09 4.34106e-10 6.76066e-09 3.00195e-08 -1.10306e-15 -3.23079e-15 4.31142e-08 1.48871e-07 4.44305e-08 1.49305e-07
0.438094 1.3692e-09 4.53829e-10 7.03025e-09 3.10561e-08 -1.1827e-15 -3.44169e-15 4.48341e-08 1.53997e-07 4.62033e-08 1.54451e-07
0.438452 1.42449e-09 4.74551e-10 7.31185e-09 3.2133e-08 -1.26852e-15 -3.66745e-15 4.66307e-08 1.59322e-07 4.80552e-08 1.59797e-07
0.438809 1.48229e-09 4.96327e-10 7.60604e-09 3.3252e-08 -1.36104e-15 -3.9092e-15 4.85077e-08 1.64855e-07 4.99899e-08 1.65351e-07
0.439167 1.54272e-09 5.19218e-10 7.91345e-09 3.44148e-08 -1.46082e-15 -4.16813e-15 5.0469e-08 1.70603e-07 5.20117e-08 1.71123e-07
0.439525 1.60593e-09 5.43286e-10 8.23472e-09 3.56234e-08 -1.56847e-15 -4.44558e-15 5.25188e-08 1.76578e-07 5.41247e-08 1.77121e-07
0.439882 1.67204e-09 5.68597e-10 8.57054e-09 3.68797e-08 -1.68466e-15 -4.74294e-15 5.46616e-08 1.82787e-07 5.63336e-08 1.83356e-07
0.44024 1.7412e-09 5.95223e-10 8.92165e-09 3.81859e-08 -1.8101e-15 -5.06176e-15 5.6902e-08 1.89242e-07 5.86432e-08 1.89837e-07
0.440598 1.81358e-09 6.23239e-10 9.28881e-09 3.95442e-08 -1.94549e-15 -5.40372e-15 5.92448e-08 1.95953e-07 6.10584e-08 1.96576e-07
0.440955 1.88934e-09 6.52724e-10 9.67282e-09 4.09569e-08 -2.09188e-15 -5.77057e-15 6.16953e-08 2.02932e-07 6.35846e-08 2.03584e-07
0.441313 1.96865e-09 6.83764e-10 1.00745e-08 4.24263e-08 -2.25011e-15 -6.16426e-15 6.42589e-08 2.1019e-07 6.62275e-08 2.10873e-07
0.44167 2.0517e-09 7.16449e-10 1.04949e-08 4.39549e-08 -2.4212e-15 -6.58692e-15 6.69413e-08 2.17739e-07 6.8993e-08 2.18456e-07
0.442028 2.13868e-09 7.50876e-10 1.09347e-08 4.55456e-08 -2.60629e-15 -7.04081e-15 6.97486e-08 2.25594e-07 7.18873e-08 2.26345e-07
0.442386 2.2298e-09 7.87145e-10 1.13952e-08 4.72009e-08 -2.80659e-15 -7.52841e-15 7.26873e-08 2.33766e-07 7.49171e-08 2.34553e-07
0.442743 2.32528e-09 8.25367e-10 1.18772e-08 4.89238e-08 -3.02344e-15 -8.05239e-15 7.5764e-08 2.42271e-07 7.80893e-08 2.43097e-07
0.443101 2.42534e-09 8.65656e-10 1.2382e-08 5.07174e-08 -3.25829e-15 -8.61568e-15 7.89859e-08 2.51123e-07 8.14112e-08 2.51989e-07
0.443459 2.53024e-09 9.08137e-10 1.29107e-08 5.25849e-08 -3.51276e-15 -9.22141e-15 8.23605e-08 2.60339e-07 8.48908e-08 2.61247e-07
0.443816 2.64023e-09 9.5294e-10 1.34646e-08 5.45296e-08 -3.78859e-15 -9.873e-15 8.58959e-08 2.69934e-07 8.85361e-08 2.70887e-07
0.444174 2.75558e-09 1.00021e-09 1.40449e-08 5.6555e-08 -4.08769e-15 -1.05742e-14 8.96004e-08 2.79925e-07 9.23559e-08 2.80925e-07
0.444531 2.87659e-09 1.05008e-09 1.4653e-08 5.86649e-08 -4.41216e-15 -1.1329e-14 9.34828e-08 2.90331e-07 9.63594e-08 2.91381e-07
0.444889 3.00356e-09 1.10273e-09 1.52905e-08 6.08632e-08 -4.76432e-15 -1.21418e-14 9.75527e-08 3.01171e-07 1.00556e-07 3.02274e-07
0.445247 3.13681e-09 1.15832e-09 1.59589e-08 6.31538e-08 -5.14666e-15 -1.30174e-14 1.0182e-07 3.12464e-07 1.04957e-07 3.13623e-07
0.445604 3.27669e-09 1.21702e-09 1.66598e-08 6.55412e-08 -5.56201e-15 -1.39609e-14 1.06295e-07 3.24232e-07 1.09572e-07 3.25449e-07
0.445962 3.42356e-09 1.27904e-09 1.7395e-08 6.80298e-08 -6.01333e-15 -1.4978e-14 1.10989e-07 3.36496e-07 1.14413e-07 3.37775e-07
0.44632 3.57782e-09 1.34458e-09 1.81662e-08 7.06242e-08 -6.50398e-15 -1.60748e-14 1.15914e-07 3.4928e-07 1.19492e-07 3.50624e-07
0.446677 3.73986e-09 1.41386e-09 1.89755e-08 7.33296e-08 -7.03762e-15 -1.7258e-14 1.21082e-07 3.62607e-07 1.24822e-07 3.64021e-07
0.447035 3.91013e-09 1.48711e-09 1.98249e-08 7.6151e-08 -7.61827e-15 -1.85349e-14 1.26506e-07 3.76503e-07 1.30416e-07 3.7799e-07
0.447392 4.08909e-09 1.56458e-09 2.07165e-08 7.9094e-08 -8.25037e-15 -1.99133e-14 1.32201e-07 3.90994e-07 1.3629e-07 3.92559e-07
0.44775 4.27722e-09 1.64655e-09 2.16527e-08 8.21643e-08 -8.93877e-15 -2.14019e-14 1.3818e-07 4.06109e-07 1.42458e-07 4.07756e-07
0.448108 4.47505e-09 1.7333e-09 2.2636e-08 8.53679e-08 -9.68882e-15 -2.301e-14 1.44461e-07 4.21877e-07 1.48936e-07 4.23611e-07
0.448465 4.68312e-09 1.82513e-09 2.36688e-08 8.87113e-08 -1.05064e-14 -2.4748e-14 1.51058e-07 4.38329e-07 1.55741e-07 4.40154e-07
0.448823 4.90203e-09 1.92237e-09 2.47539e-08 9.2201e-08 -1.13981e-14 -2.6627e-14 1.5799e-07 4.55497e-07 1.62892e-07 4.5742e-07
0.449181 5.13239e-09 2.02538e-09 2.58943e-08 9.58442e-08 -1.23709e-14 -2.86591e-14 1.65276e-07 4.73416e-07 1.70408e-07 4.75441e-07
0.449538 5.37488e-09 2.13453e-09 2.7093e-08 9.96481e-08 -1.34328e-14 -3.08577e-14 1.72935e-07 4.9212e-07 1.78309e-07 4.94255e-07
0.449896 5.63018e-09 2.25022e-09 2.83532e-08 1.03621e-07 -1.45926e-14 -3.32373e-14 1.80987e-07 5.11648e-07 1.86617e-07 5.13899e-07
0.450253 5.89905e-09 2.37288e-09 2.96785e-08 1.0777e-07 -1.58596e-14 -3.58138e-14 1.89455e-07 5.3204e-07 1.95354e-07 5.34413e-07
0.450611 6.18228e-09 2.50297e-09 3.10724e-08 1.12104e-07 -1.72447e-14 -3.86045e-14 1.98363e-07 5.53337e-07 2.04546e-07 5.5584e-07
0.450969 6.48073e-09 2.641e-09 3.25388e-08 1.16633e-07 -1.87595e-14 -4.16284e-14 2.07736e-07 5.75582e-07 2.14216e-07 5.78223e-07
0.451326 6.79528e-09 2.78748e-09 3.4082e-08 1.21366e-07 -2.04169e-14 -4.49061e-14 2.17599e-07 5.98822e-07 2.24394e-07 6.01609e-07
0.451684 7.1269e-09 2.943e-09 3.57061e-08 1.26313e-07 -2.22313e-14 -4.84604e-14 2.27981e-07 6.23105e-07 2.35108e-07 6.26048e-07
0.452042 7.4766e-09 3.10815e-09 3.74159e-08 1.31484e-07 -2.42185e-14 -5.2316e-14 2.38911e-07 6.48481e-07 2.46388e-07 6.5159e-07
0.452399 7.84548e-09 3.2836e-09 3.92162e-08 1.3689e-07 -2.6396e-14 -5.65001e-14 2.50421e-07 6.75005e-07 2.58267e-07 6.78289e-07
0.452757 8.23469e-09 3.47005e-09 4.11123e-08 1.42543e-07 -2.87832e-14 -6.10423e-14 2.62545e-07 7.02732e-07 2.7078e-07 7.06202e-07
0.453115 8.64545e-09 3.66826e-09 4.31098e-08 1.48456e-07 -3.14016e-14 -6.59752e-14 2.75318e-07 7.31721e-07 2.83964e-07 7.3539e-07
0.453472 9.07909e-09 3.87904e-09 4.52144e-08 1.54641e-07 -3.42751e-14 -7.13345e-14 2.88778e-07 7.62035e-07 2.97857e-07 7.65914e-07
0.45383 9.53701e-09 4.10327e-09 4.74324e-08 1.61112e-07 -3.74302e-14 -7.71591e-14 3.02964e-07 7.93738e-07 3.12501e-07 7.97841e-07
0.454187 1.00207e-08 4.34188e-09 4.97705e-08 1.67882e-07 -4.08961e-14 -8.3492e-14 3.1792e-07 8.26899e-07 3.27941e-07 8.31241e-07
0.454545 1.05317e-08 4.59589e-09 5.22356e-08 1.74968e-07 -4.47055e-14 -9.03801e-14 3.33691e-07 8.61591e-07 3.44222e-07 8.66187e-07
0.454903 1.10718e-08 4.86638e-09 5.48352e-08 1.82384e-07 -4.88945e-14 -9.78749e-14 3.50324e-07 8.97889e-07 3.61395e-07 9.02755e-07
0.45526 1.16428e-08 5.15453e-09 5.75773e-08 1.90148e-07 -5.35033e-14 -1.06033e-13 3.6787e-07 9.35872e-07 3.79513e-07 9.41027e-07
0.455618 1.22466e-08 5.4616e-09 6.04703e-08 1.98277e-07 -5.85768e-14 -1.14916e-13 3.86385e-07 9.75625e-07 3.98631e-07 9.81087e-07
0.455976 1.28852e-08 5.78895e-09 6.35232e-08 2.0679e-07 -6.41645e-14 -1.24593e-13 4.05925e-07 1.01724e-06 4.1881e-07 1.02302e-06
0.456333 1.35609e-08 6.13804e-09 6.67453e-08 2.15704e-07 -7.0322e-14 -1.35137e-13 4.26552e-07 1.0608e-06 4.40112e-07 1.06693e-06
0.456691 1.42761e-08 6.51046e-09 7.01469e-08 2.25042e-07 -7.71109e-14 -1.46632e-13 4.4833e-07 1.1064e-06 4.62606e-07 1.11291e-06
0.457048 1.50332e-08 6.90791e-09 7.37386e-08 2.34825e-07 -8.45999e-14 -1.59167e-13 4.71329e-07 1.15416e-06 4.86362e-07 1.16107e-06
0.457406 1.58349e-08 7.33223e-09 7.75319e-08 2.45074e-07 -9.28655e-14 -1.72842e-13 4.95622e-07 1.20417e-06 5.11457e-07 1.21151e-06
0.457764 1.66842e-08 7.78541e-09 8.15389e-08 2.55814e-07 -1.01993e-13 -1.87766e-13 5.21288e-07 1.25656e-06 5.37973e-07 1.26434e-06
0.458121 1.75841e-08 8.26957e-09 8.57723e-08 2.6707e-07 -1.12079e-13 -2.04058e-13 5.4841e-07 1.31143e-06 5.65994e-07 1.3197e-06
0.458479 1.85378e-08 8.78705e-09 9.0246e-08 2.78868e-07 -1.23228e-13 -2.2185e-13 5.77075e-07 1.36891e-06 5.95613e-07 1.3777e-06
0.458837 1.95489e-08 9.34035e-09 9.49744e-08 2.91234e-07 -1.3556e-13 -2.41287e-13 6.07377e-07 1.42913e-06 6.26926e-07 1.43847e-06
0.459194 2.06213e-08 9.93215e-09 9.99729e-08 3.04199e-07 -1.49208e-13 -2.62529e-13 6.39417e-07 1.49223e-06 6.60038e-07 1.50216e-06
0.459552 2.17588e-08 1.05654e-08 1.05258e-07 3.17792e-07 -1.6432e-13 -2.8575e-13 6.73299e-07 1.55835e-06 6.95058e-07 1.56892e-06
0.459909 2.29658e-08 1.12433e-08 1.10847e-07 3.32045e-07 -1.81063e-13 -3.11144e-13 7.09138e-07 1.62765e-06 7.32103e-07 1.63889e-06
0.460267 2.42469e-08 1.19691e-08 1.16758e-07 3.46992e-07 -1.99622e-13 -3.38923e-13 7.47051e-07 1.70027e-06 7.71298e-07 1.71224e-06
0.460625 2.56072e-08 1.27467e-08 1.23012e-07 3.62668e-07 -2.20206e-13 -3.69321e-13 7.87166e-07 1.77638e-06 8.12774e-07 1.78913e-06
0.460982 2.70518e-08 1.35801e-08 1.29628e-07 3.79109e-07 -2.43048e-13 -4.02594e-13 8.29619e-07 1.85616e-06 8.56671e-07 1.86974e-06
0.46134 2.85864e-08 1.44735e-08 1.36629e-07 3.96354e-07 -2.6841e-13 -4.39025e-13 8.74552e-07 1.93978e-06 9.03138e-07 1.95425e-06
0.461698 3.02171e-08 1.54317e-08 1.44038e-07 4.14443e-07 -2.96585e-13 -4.78926e-13 9.22117e-07 2.02743e-06 9.52334e-07 2.04286e-06
0.462055 3.19505e-08 1.64598e-08 1.51881e-07 4.33419e-07 -3.27901e-13 -5.22638e-13 9.72476e-07 2.11931e-06 1.00443e-06 2.13577e-06
0.462413 3.37935e-08 1.75633e-08 1.60183e-07 4.53325e-07 -3.62729e-13 -5.70538e-13 1.0258e-06 2.21562e-06 1.05959e-06 2.23318e-06
0.46277 3.57536e-08 1.87483e-08 1.68972e-07 4.74207e-07 -4.01483e-13 -6.2304e-13 1.08227e-06 2.31657e-06 1.11802e-06 2.33532e-06
0.463128 3.78388e-08 2.00211e-08 1.78278e-07 4.96114e-07 -4.44628e-13 -6.806e-13 1.14208e-06 2.42239e-06 1.17992e-06 2.44241e-06
0.463486 4.00577e-08 2.1389e-08 1.88133e-07 5.19095e-07 -4.92687e-13 -7.43718e-13 1.20543e-06 2.53331e-06 1.24549e-06 2.5547e-06
0.463843 4.24195e-08 2.28596e-08 1.98568e-07 5.43203e-07 -5.46249e-13 -8.12944e-13 1.27254e-06 2.64955e-06 1.31496e-06 2.67241e-06
0.464201 4.49341e-08 2.44412e-08 2.0962e-07 5.68493e-07 -6.05974e-13 -8.88884e-13 1.34363e-06 2.77138e-06 1.38856e-06 2.79582e-06
0.464559 4.76122e-08 2.61428e-08 2.21325e-07 5.95019e-07 -6.72608e-13 -9.722e-13 1.41895e-06 2.89905e-06 1.46656e-06 2.92519e-06
0.464916 5.0465e-08 2.79743e-08 2.33721e-07 6.22841e-07 -7.46987e-13 -1.06362e-12 1.49876e-06 3.03281e-06 1.54922e-06 3.06078e-06
0.465274 5.35047e-08 2.99464e-08 2.4685e-07 6.5202e-07 -8.30053e-13 -1.16394e-12 1.58331e-06 3.17294e-06 1.63681e-06 3.20288e-06
0.465631 5.67444e-08 3.20707e-08 2.60756e-07 6.82617e-07 -9.22868e-13 -1.27405e-12 1.6729e-06 3.31971e-06 1.72964e-06 3.35178e-06
0.465989 6.01981e-08 3.43598e-08 2.75482e-07 7.14697e-07 -1.02663e-12 -1.39488e-12 1.76782e-06 3.47342e-06 1.82802e-06 3.50778e-06
0.466347 6.38809e-08 3.68275e-08 2.91077e-07 7.48326e-07 -1.14268e-12 -1.52751e-12 1.86838e-06 3.63435e-06 1.93227e-06 3.67118e-06
0.466704 6.78087e-08 3.94887e-08 3.07591e-07 7.83571e-07 -1.27253e-12 -1.67306e-12 1.97492e-06 3.8028e-06 2.04273e-06 3.84229e-06
0.467062 7.19989e-08 4.23598e-08 3.25075e-07 8.20502e-07 -1.4179e-12 -1.83279e-12 2.08778e-06 3.97906e-06 2.15978e-06 4.02142e-06
0.46742 7.647e-08 4.54583e-08 3.43583e-07 8.59189e-07 -1.58072e-12 -2.00806e-12 2.20732e-06 4.16343e-06 2.28379e-06 4.20889e-06
0.467777 8.12416e-08 4.88035e-08 3.63173e-07 8.99703e-07 -1.76315e-12 -2.20034e-12 2.33391e-06 4.35621e-06 2.41515e-06 4.40501e-06
0.468135 8.63351e-08 5.24165e-08 3.83902e-07 9.42116e-07 -1.96765e-12 -2.41126e-12 2.46795e-06 4.5577e-06 2.55428e-06 4.61012e-06
0.468493 9.17731e-08 5.632e-08 4.05831e-07 9.86498e-07 -2.19697e-12 -2.64254e-12 2.60983e-06 4.76819e-06 2.70161e-06 4.82451e-06
0.46885 9.75799e-08 6.05389e-08 4.29022e-07 1.03292e-06 -2.45422e-12 -2.89606e-12 2.75999e-06 4.98795e-06 2.85757e-06 5.04849e-06
0.469208 1.03781e-07 6.51003e-08 4.53539e-07 1.08146e-06 -2.74292e-12 -3.17385e-12 2.91885e-06 5.21727e-06 3.02263e-06 5.28237e-06
0.469565 1.10406e-07 7.00336e-08 4.79446e-07 1.13217e-06 -3.06702e-12 -3.47809e-12 3.08684e-06 5.45639e-06 3.19725e-06 5.52642e-06
0.469923 1.17482e-07 7.53709e-08 5.0681e-07 1.18512e-06 -3.43096e-12 -3.81109e-12 3.26443e-06 5.70554e-06 3.38191e-06 5.78091e-06
0.470281 1.25042e-07 8.1147e-08 5.35695e-07 1.24038e-06 -3.83977e-12 -4.17532e-12 3.45206e-06 5.96492e-06 3.5771e-06 6.04607e-06
0.470638 1.3312e-07 8.73999e-08 5.66168e-07 1.298e-06 -4.29909e-12 -4.57341e-12 3.6502e-06 6.2347e-06 3.78332e-06 6.3221e-06
0.470996 1.41752e-07 9.41711e-08 5.98292e-07 1.35803e-06 -4.81528e-12 -5.0081e-12 3.85929e-06 6.51501e-06 4.00104e-06 6.60918e-06
0.471354 1.50976e-07 1.01505e-07 6.3213e-07 1.42051e-06 -5.39548e-12 -5.48226e-12 4.07977e-06 6.80592e-06 4.23075e-06 6.90742e-06
0.471711 1.60833e-07 1.09452e-07 6.6774e-07 1.48547e-06 -6.04773e-12 -5.99887e-12 4.31209e-06 7.10743e-06 4.47293e-06 7.21688e-06
0.472069 1.71366e-07 1.18063e-07 7.05177e-07 1.55293e-06 -6.78105e-12 -6.56094e-12 4.55665e-06 7.41948e-06 4.72801e-06 7.53754e-06
0.472426 1.82621e-07 1.27398e-07 7.44488e-07 1.62289e-06 -7.60556e-12 -7.17152e-12 4.81381e-06 7.74191e-06 4.99643e-06 7.8693e-06
0.472784 1.94648e-07 1.37518e-07 7.85712e-07 1.69533e-06 -8.5326e-12 -7.83363e-12 5.08391e-06 8.07446e-06 5.27855e-06 8.21198e-06
0.473142 2.07497e-07 1.48492e-07 8.28878e-07 1.77023e-06 -9.57487e-12 -8.55015e-12 5.36721e-06 8.41675e-06 5.57471e-06 8.56524e-06
0.473499 2.21222e-07 1.60393e-07 8.74001e-07 1.84751e-06 -1.07466e-11 -9.32374e-12 5.66391e-06 8.76826e-06 5.88513e-06 8.92865e-06
0.473857 2.35882e-07 1.73303e-07 9.21078e-07 1.92709e-06 -1.20635e-11 -1.01567e-11 5.97411e-06 9.12829e-06 6.20999e-06 9.30159e-06
0.474215 2.51535e-07 1.87306e-07 9.70089e-07 2.00883e-06 -1.35433e-11 -1.10509e-11 6.29778e-06 9.49596e-06 6.54931e-06 9.68326e-06
0.474572 2.68246e-07 2.02498e-07 1.02099e-06 2.09259e-06 -1.52056e-11 -1.20075e-11 6.63476e-06 9.87017e-06 6.903e-06 1.00727e-05
0.47493 2.86079e-07 2.18978e-07 1.07369e-06 2.17814e-06 -1.7072e-11 -1.30266e-11 6.98471e-06 1.02496e-05 7.27079e-06 1.04685e-05
0.475287 3.05102e-07 2.36857e-07 1.12809e-06 2.26522e-06 -1.91666e-11 -1.41071e-11 7.34708e-06 1.06325e-05 7.65218e-06 1.08694e-05
0.475645 3.25385e-07 2.56251e-07 1.18402e-06 2.3535e-06 -2.15158e-11 -1.52464e-11 7.72105e-06 1.1017e-05 8.04644e-06 1.12733e-05
0.476003 3.47002e-07 2.77287e-07 1.24128e-06 2.44259e-06 -2.41484e-11 -1.64399e-11 8.10552e-06 1.14007e-05 8.45252e-06 1.1678e-05
0.47636 3.70026e-07 3.00101e-07 1.2996e-06 2.53201e-06 -2.70962e-11 -1.76802e-11 8.49901e-06 1.17809e-05 8.86903e-06 1.2081e-05
0.476718 3.94532e-07 3.24836e-07 1.35864e-06 2.62121e-06 -3.03936e-11 -1.8957e-11 8.89961e-06 1.21543e-05 9.29415e-06 1.24791e-05
0.477076 4.20596e-07 3.51647e-07 1.41797e-06 2.7095e-06 -3.40775e-11 -2.0256e-11 9.30494e-06 1.25171e-05 9.72553e-06 1.28687e-05
0.477433 4.48292e-07 3.80698e-07 1.47707e-06 2.79611e-06 -3.81879e-11 -2.15582e-11 9.71199e-06 1.28648e-05 1.01603e-05 1.32455e-05
0.477791 4.77694e-07 4.12162e-07 1.5353e-06 2.88013e-06 -4.27668e-11 -2.28387e-11 1.01171e-05 1.31926e-05 1.05948e-05 1.36047e-05
0.478148 5.08874e-07 4.46223e-07 1.5919e-06 2.9605e-06 -4.78589e-11 -2.4066e-11 1.05158e-05 1.34944e-05 1.10247e-05 1.39406e-05
0.478506 5.41896e-07 4.83073e-07 1.64595e-06 3.03599e-06 -5.35102e-11 -2.52002e-11 1.09028e-05 1.37637e-05 1.14447e-05 1.42468e-05
0.478864 5.76823e-07 5.22911e-07 1.69635e-06 3.10521e-06 -5.97679e-11 -2.6192e-11 1.12715e-05 1.39928e-05 1.18483e-05 1.45157e-05
0.479221 6.13708e-07 5.65944e-07 1.7418e-06 3.16656e-06 -6.6679e-11 -2.69806e-11 1.16143e-05 1.41732e-05 1.2228e-05 1.47391e-05
0.479579 6.52591e-07 6.12384e-07 1.78079e-06 3.2182e-06 -7.42895e-11 -2.74923e-11 1.19222e-05 1.4295e-05 1.25748e-05 1.49074e-05
0.479937 6.93504e-07 6.62447e-07 1.81152e-06 3.25808e-06 -8.26423e-11 -2.76385e-11 1.21845e-05 1.43474e-05 1.2878e-05 1.50099e-05
0.480294 7.36457e-07 7.16349e-07 1.83192e-06 3.28387e-06 -9.1775e-11 -2.73134e-11 1.23888e-05 1.43181e-05 1.31253e-05 1.50344e-05
0.480652 7.81443e-07 7.743e-07 1.83956e-06 3.29295e-06 -1.01718e-10 -2.63925e-11 1.25206e-05 1.41932e-05 1.3302e-05 1.49675e-05
0.481009 8.28429e-07 8.36506e-07 1.83166e-06 3.28238e-06 -1.12488e-10 -2.47299e-11 1.25631e-05 1.39577e-05 1.33915e-05 1.47942e-05
0.481367 8.77354e-07 9.03158e-07 1.80501e-06 3.24892e-06 -1.24091e-10 -2.21572e-11 1.2497e-05 1.35946e-05 1.33744e-05 1.44978e-05
0.481725 9.28122e-07 9.74424e-07 1.75592e-06 3.18893e-06 -1.36508e-10 -1.84814e-11 1.23001e-05 1.30854e-05 1.32282e-05 1.40598e-05
0.482082 9.80594e-07 1.05045e-06 1.6802e-06 3.09843e-06 -1.49697e-10 -1.34843e-11 1.1947e-05 1.24097e-05 1.29276e-05 1.34601e-05
0.48244 1.03459e-06 1.13133e-06 1.57308e-06 2.97304e-06 -1.63582e-10 -6.92239e-12 1.14087e-05 1.15452e-05 1.24433e-05 1.26765e-05
0.482798 1.08986e-06 1.21711e-06 1.42918e-06 2.80798e-06 -1.78048e-10 1.47215e-12 1.06528e-05 1.0468e-05 1.17426e-05 1.16851e-05
0.483155 1.14611e-06 1.3078e-06 1.24245e-06 2.59806e-06 -1.92931e-10 1.19886e-11 9.64221e-06 9.1522e-06 1.07883e-05 1.046e-05
0.483513 1.20298e-06 1.40327e-06 1.00611e-06 2.33768e-06 -2.08013e-10 2.49329e-11 8.33587e-06 7.5701e-06 9.53884e-06 8.97337e-06
0.483871 1.26e-06 1.50335e-06 7.12637e-07 2.02087e-06 -2.23007e-10 4.06202e-11 6.6878e-06 5.69239e-06 7.9478e-06 7.19574e-06
0.484228 1.31665e-06 1.6077e-06 3.53698e-07 1.64125e-06 -2.37555e-10 5.93637e-11 4.64716e-06 3.48826e-06 5.96381e-06 5.09597e-06
0.484586 1.3723e-06 1.71586e-06 -7.98463e-08 1.19214e-06 -2.51217e-10 8.14602e-11 2.15805e-06 9.25685e-07 3.53035e-06 2.64155e-06
0.484943 1.42622e-06 1.82718e-06 -5.97961e-07 6.66563e-07 -2.63465e-10 1.0717e-10 -8.40542e-07 -2.02825e-06 5.85678e-07 -2.01067e-07
0.485301 1.47757e-06 1.94081e-06 -1.21142e-06 5.73376e-08 -2.73685e-10 1.36694e-10 -4.41466e-06 -5.40685e-06 -2.93709e-06 -3.46604e-06
0.485659 1.52539e-06 2.05565e-06 -1.93174e-06 -6.4283e-07 -2.81176e-10 1.70139e-10 -8.63511e-06 -9.24326e-06 -7.10972e-06 -7.18761e-06
0.486016 1.56863e-06 2.17033e-06 -2.77115e-06 -1.44123e-06 -2.85162e-10 2.07487e-10 -1.3577e-05 -1.35698e-05 -1.20084e-05 -1.13994e-05
0.486374 1.60609e-06 2.28316e-06 -3.74243e-06 -2.345e-06 -2.8481e-10 2.48551e-10 -1.93191e-05 -1.84169e-05 -1.7713e-05 -1.61338e-05
0.486732 1.63649e-06 2.39211e-06 -4.85872e-06 -3.36094e-06 -2.79261e-10 2.9293e-10 -2.59425e-05 -2.38126e-05 -2.4306e-05 -2.14205e-05
0.487089 1.65843e-06 2.49473e-06 -6.13336e-06 -4.49536e-06 -2.67676e-10 3.39958e-10 -3.35298e-05 -2.97808e-05 -3.18713e-05 -2.7286e-05
0.487447 1.67041e-06 2.58816e-06 -7.57952e-06 -5.75376e-06 -2.49295e-10 3.88662e-10 -4.21625e-05 -3.63403e-05 -4.04921e-05 -3.37522e-05
0.487804 1.67089e-06 2.66905e-06 -9.20986e-06 -7.14068e-06 -2.23519e-10 4.37714e-10 -5.19195e-05 -4.35037e-05 -5.02486e-05 -4.08347e-05
0.488162 1.65827e-06 2.73356e-06 -1.1036e-05 -8.6593e-06 -1.90008e-10 4.85402e-10 -6.28737e-05 -5.12753e-05 -6.12154e-05 -4.85418e-05
0.48852 1.63095e-06 2.77736e-06 -1.30682e-05 -1.03113e-05 -1.488e-10 5.29614e-10 -7.50889e-05 -5.96499e-05 -7.3458e-05 -5.68726e-05
0.488877 1.58737e-06 2.79554e-06 -1.53143e-05 -1.20963e-05 -1.0045e-10 5.6785e-10 -8.8616e-05 -6.86113e-05 -8.70286e-05 -6.58157e-05
0.489235 1.52608e-06 2.78273e-06 -1.77794e-05 -1.40119e-05 -4.61728e-11 5.97269e-10 -0.000103488 -7.81304e-05 -0.000101962 -7.53477e-05
0.489593 1.44576e-06 2.73302e-06 -2.04647e-05 -1.6053e-05 1.2005e-11 6.14787e-10 -0.000119716 -8.81645e-05 -0.00011827 -8.54315e-05
0.48995 1.34537e-06 2.64008e-06 -2.33671e-05 -1.8212e-05 7.11057e-11 6.17227e-10 -0.000137283 -9.86555e-05 -0.000135937 -9.60154e-05
0.490308 1.22417e-06 2.49723e-06 -2.64775e-05 -2.0478e-05 1.27088e-10 6.01527e-10 -0.000156137 -0.000109529 -0.000154912 -0.000107032
0.490665 1.08182e-06 2.29752e-06 -2.97808e-05 -2.28373e-05 1.74787e-10 5.65029e-10 -0.000176187 -0.000120696 -0.000175106 -0.000118399
0.491023 9.18477e-07 2.03392e-06 -3.3254e-05 -2.5273e-05 2.07918e-10 5.0582e-10 -0.000197299 -0.00013205 -0.000196381 -0.000130016
0.491381 7.3491e-07 1.69945e-06 -3.6866e-05 -2.7765e-05 2.19198e-10 4.2313e-10 -0.000219285 -0.00014347 -0.00021855 -0.000141771
0.491738 5.32542e-07 1.28749e-06 -4.05766e-05 -3.02905e-05 2.0057e-10 3.17767e-10 -0.000241902 -0.000154822 -0.00024137 -0.000153534
0.492096 3.1355e-07 7.91966e-07 -4.43362e-05 -3.28242e-05 1.43595e-10 1.92543e-10 -0.000264851 -0.000165961 -0.000264538 -0.000165169
0.492454 8.09122e-08 2.07675e-07 -4.8085e-05 -3.53388e-05 3.99837e-11 5.26636e-11 -0.00028777 -0.000176737 -0.000287689 -0.000176529
0.492811 -1.61557e-07 -4.69374e-07 -5.17538e-05 -3.7806e-05 -1.17708e-10 -9.39874e-11 -0.000310238 -0.000186995 -0.000310399 -0.000187465
0.493169 -4.09213e-07 -1.24163e-06 -5.52638e-05 -4.0197e-05 -3.3526e-10 -2.3673e-10 -0.000331776 -0.000196587 -0.000332185 -0.000197829
0.493526 -6.56617e-07 -2.10966e-06 -5.85282e-05 -4.24838e-05 -6.15875e-10 -3.62192e-10 -0.000351855 -0.000205371 -0.000352511 -0.000207481
0.493884 -8.97624e-07 -3.07179e-06 -6.14534e-05 -4.46401e-05 -9.59263e-10 -4.54704e-10 -0.000369903 -0.000213223 -0.0003708 -0.000216294
0.494242 -1.12551e-06 -4.12382e-06 -6.39409e-05 -4.66427e-05 -1.36078e-09 -4.97011e-10 -0.000385319 -0.00022004 -0.000386445 -0.000224164
0.494599 -1.33315e-06 -5.25874e-06 -6.58905e-05 -4.84727e-05 -1.8108e-09 -4.71327e-10 -0.00039749 -0.000225751 -0.000398823 -0.00023101
0.494957 -1.51327e-06 -6.4666e-06 -6.72029e-05 -5.01163e-05 -2.29429e-09 -3.60697e-10 -0.000405806 -0.000230318 -0.000407319 -0.000236784
0.495315 -1.65867e-06 -7.73437e-06 -6.77837e-05 -5.15659e-05 -2.79097e-09 -1.50592e-10 -0.000409688 -0.000233744 -0.000411346 -0.000241478
0.495672 -1.7626e-06 -9.04603e-06 -6.75471e-05 -5.28211e-05 -3.27575e-09 1.69369e-10 -0.000408607 -0.000236076 -0.00041037 -0.000245122
0.49603 -1.819e-06 -1.03827e-05 -6.64201e-05 -5.38886e-05 -3.71993e-09 6.03751e-10 -0.000402114 -0.000237405 -0.000403933 -0.000247787
0.496387 -1.8229e-06 -1.1723e-05 -6.43465e-05 -5.47823e-05 -4.09281e-09 1.14987e-09 -0.00038986 -0.000237864 -0.000391683 -0.000249587
0.496745 -1.7707e-06 -1.30433e-05 -6.12907e-05 -5.55231e-05 -4.36379e-09 1.79678e-09 -0.000371621 -0.000237629 -0.000373392 -0.000250673
0.497103 -1.66045e-06 -1.43188e-05 -5.72409e-05 -5.61377e-05 -4.50476e-09 2.52495e-09 -0.000347321 -0.000236906 -0.000348982 -0.000251225
0.49746 -1.49211e-06 -1.55236e-05 -5.22117e-05 -5.66571e-05 -4.49271e-09 3.30662e-09 -0.000317044 -0.000235926 -0.000318536 -0.000251449
0.497818 -1.26764e-06 -1.66322e-05 -4.62458e-05 -5.71153e-05 -4.31203e-09 4.10707e-09 -0.000281046 -0.000234932 -0.000282313 -0.000251564
0.498176 -9.91112e-07 -1.76196e-05 -3.94142e-05 -5.75468e-05 -3.95653e-09 4.88665e-09 -0.000239756 -0.00023417 -0.000240747 -0.00025179
0.498533 -6.68632e-07 -1.84631e-05 -3.18154e-05 -5.79845e-05 -3.43073e-09 5.60353e-09 -0.000193776 -0.000233869 -0.000194444 -0.000252332
0.498891 -3.08219e-07 -1.91425e-05 -2.35737e-05 -5.84577e-05 -2.75033e-09 6.21688e-09 -0.00014386 -0.000234233 -0.000144168 -0.000253375
0.499249 8.04633e-08 -1.96409e-05 -1.48352e-05 -5.89895e-05 -1.94171e-09 6.69017e-09 -9.09031e-05 -0.000235425 -9.08226e-05 -0.000255066
0.499606 4.86445e-07 -1.99461e-05 -5.76404e-06 -5.95955e-05 -1.04038e-09 6.99432e-09 -3.5906e-05 -0.000237557 -3.54196e-05 -0.000257503
0.499964 8.97877e-07 -2.00502e-05 3.46368e-06 -6.02819e-05 -8.86516e-11 7.11024e-09 2.00536e-05 -0.000240683 2.09515e-05 -0.000260734
0.500321 1.30251e-06 -1.99507e-05 1.26655e-05 -6.10452e-05 8.67417e-10 7.03058e-09 7.58602e-05 -0.000244793 7.71627e-05 -0.000264744
0.500679 1.68818e-06 -1.96499e-05 2.16594e-05 -6.18718e-05 1.78144e-09 6.76039e-09 0.0001304 -0.000249812 0.000132088 -0.000269462
0.501037 2.04335e-06 -1.91555e-05 3.02698e-05 -6.27386e-05 2.61016e-09 6.31664e-09 0.0001826 -0.000255602 0.000184643 -0.000274757
0.501394 2.35755e-06 -1.84798e-05 3.83341e-05 -6.36139e-05 3.31657e-09 5.72671e-09 0.000231465 -0.00026197 0.000233823 -0.00028045
0.501752 2.62179e-06 -1.76395e-05 4.57079e-05 -6.44594e-05 3.87243e-09 5.02597e-09 0.000276115 -0.000268678 0.000278737 -0.000286318
0.50211 2.82891e-06 -1.66547e-05 5.22695e-05 -6.52321e-05 4.25996e-09 4.25472e-09 0.000315806 -0.000275454 0.000318634 -0.000292109
0.502467 2.9738e-06 -1.55484e-05 5.79232e-05 -6.5887e-05 4.47257e-09 3.45488e-09 0.000349955 -0.000282006 0.000352929 -0.000297554
0.502825 3.05355e-06 -1.43454e-05 6.26015e-05 -6.63789e-05 4.5145e-09 2.66675e-09 0.000378155 -0.000288037 0.000381208 -0.000302382
0.503182 3.06742e-06 -1.30716e-05 6.6266e-05 -6.66657e-05 4.39976e-09 1.92619e-09 0.000400172 -0.000293261 0.000403239 -0.000306333
0.50354 3.01682e-06 -1.17528e-05 6.89065e-05 -6.67097e-05 4.15019e-09 1.26241e-09 0.00041595 -0.000297415 0.000418967 -0.000309168
0.503898 2.90508e-06 -1.04143e-05 7.05399e-05 -6.64801e-05 3.79316e-09 6.96564e-10 0.000425597 -0.000300271 0.000428502 -0.000310685
0.504255 2.7372e-06 -9.07983e-06 7.12072e-05 -6.59541e-05 3.35903e-09 2.41205e-10 0.000429366 -0.000301643 0.000432103 -0.000310723
0.504613 2.51958e-06 -7.77094e-06 7.09701e-05 -6.51177e-05 2.87871e-09 -9.94963e-11 0.00042764 -0.000301397 0.00043016 -0.000309168
0.504971 2.25964e-06 -6.50678e-06 6.99075e-05 -6.39662e-05 2.38146e-09 -3.28859e-10 0.000420905 -0.000299451 0.000423164 -0.000305958
0.505328 1.96548e-06 -5.30354e-06 6.81109e-05 -6.2504e-05 1.89318e-09 -4.56324e-10 0.000409722 -0.000295778 0.000411687 -0.000301082
0.505686 1.6455e-06 -4.17439e-06 6.56804e-05 -6.07441e-05 1.43514e-09 -4.95808e-10 0.000394706 -0.000290402 0.000396351 -0.000294576
0.506043 1.30813e-06 -3.12938e-06 6.27206e-05 -5.87071e-05 1.0234e-09 -4.63979e-10 0.000376498 -0.000283393 0.000377806 -0.000286523
0.506401 9.61501e-07 -2.17556e-06 5.9337e-05 -5.642e-05 6.68583e-10 -3.78621e-10 0.000355741 -0.000274865 0.000356702 -0.00027704
0.506759 6.13216e-07 -1.31712e-06 5.56323e-05 -5.39148e-05 3.76225e-10 -2.5722e-10 0.000333064 -0.000264963 0.000333678 -0.00026628
0.507116 2.70157e-07 -5.55678e-07 5.17042e-05 -5.12273e-05 1.47358e-10 -1.15843e-10 0.000309064 -0.000253859 0.000309334 -0.000254414
0.507474 -6.16467e-08 1.0943e-07 4.76431e-05 -4.83954e-05 -2.06607e-11 3.1637e-11 0.000284288 -0.000241743 0.000284227 -0.000241634
0.507832 -3.77101e-07 6.80795e-07 4.35303e-05 -4.54577e-05 -1.33227e-10 1.73997e-10 0.000259234 -0.000228816 0.000258856 -0.000228136
0.508189 -6.72086e-07 1.16259e-06 3.94372e-05 -4.24525e-05 -1.97572e-10 3.02821e-10 0.000234332 -0.000215281 0.00023366 -0.000214118
0.508547 -9.43444e-07 1.5602e-06 3.54249e-05 -3.94166e-05 -2.2192e-10 4.12413e-10 0.000209954 -0.000201336 0.000209011 -0.000199776
0.508904 -1.18894e-06 1.8799e-06 3.15439e-05 -3.63843e-05 -2.14761e-10 4.99542e-10 0.000186405 -0.000187173 0.000185216 -0.000185293
0.509262 -1.40721e-06 2.12855e-06 2.78345e-05 -3.33869e-05 -1.8429e-10 5.63068e-10 0.000163927 -0.000172969 0.00016252 -0.00017084
0.50962 -1.59763e-06 2.31333e-06 2.43275e-05 -3.04524e-05 -1.37984e-10 6.03511e-10 0.000142705 -0.000158883 0.000141108 -0.00015657
0.509977 -1.76028e-06 2.44147e-06 2.1045e-05 -2.76048e-05 -8.2349e-11 6.22622e-10 0.00012287 -0.000145059 0.00012111 -0.000142617
0.510335 -1.89578e-06 2.52011e-06 1.8001e-05 -2.48642e-05 -2.2782e-11 6.22968e-10 0.000104505 -0.000131618 0.000102609 -0.000129098
0.510693 -2.00522e-06 2.55611e-06 1.52029e-05 -2.22468e-05 3.64563e-11 6.07577e-10 8.76511e-05 -0.000118663 8.56459e-05 -0.000116107
0.51105 -2.09004e-06 2.55595e-06 1.26522e-05 -1.97651e-05 9.21888e-11 5.79647e-10 7.23152e-05 -0.000106276 7.02251e-05 -0.00010372
0.511408 -2.15196e-06 2.52565e-06 1.03457e-05 -1.74282e-05 1.42218e-10 5.4231e-10 5.84742e-05 -9.45193e-05 5.63222e-05 -9.19936e-05
0.511765 -2.19285e-06 2.47071e-06 8.27613e-06 -1.52418e-05 1.85188e-10 4.98478e-10 4.60821e-05 -8.34396e-05 4.38893e-05 -8.09689e-05
0.512123 -2.21471e-06 2.39608e-06 6.43341e-06 -1.32088e-05 2.20438e-10 4.50735e-10 3.50751e-05 -7.30662e-05 3.28604e-05 -7.06701e-05
0.512481 -2.21957e-06 2.30617e-06 4.80524e-06 -1.13296e-05 2.47848e-10 4.01279e-10 2.53759e-05 -6.34144e-05 2.31564e-05 -6.11083e-05
0.512838 -2.20944e-06 2.20486e-06 3.3778e-06 -9.60235e-06 2.67705e-10 3.51906e-10 1.68987e-05 -5.44873e-05 1.46893e-05 -5.22824e-05
0.513196 -2.18629e-06 2.09549e-06 2.13634e-06 -8.02362e-06 2.80575e-10 3.04022e-10 9.55204e-06 -4.62772e-05 7.36575e-06 -4.41817e-05
0.513554 -2.15197e-06 1.98094e-06 1.06568e-06 -6.58837e-06 2.87204e-10 2.58666e-10 3.24208e-06 -3.8768e-05 1.09011e-06 -3.67871e-05
0.513911 -2.10826e-06 1.86361e-06 1.50638e-07 -5.29048e-06 2.88431e-10 2.16562e-10 -2.12492e-06 -3.19365e-05 -4.23318e-06 -3.00729e-05
0.514269 -2.05679e-06 1.74552e-06 -6.23727e-07 -4.12301e-06 2.85123e-10 1.78157e-10 -6.64081e-06 -2.5754e-05 -8.6976e-06 -2.40085e-05
0.514627 -1.99904e-06 1.62831e-06 -1.27181e-06 -3.07842e-06 2.78128e-10 1.43674e-10 -1.03941e-05 -2.01879e-05 -1.23931e-05 -1.85596e-05
0.514984 -1.93637e-06 1.51331e-06 -1.8073e-06 -2.1488e-06 2.68242e-10 1.13159e-10 -1.34687e-05 -1.52026e-05 -1.54051e-05 -1.36893e-05
0.515342 -1.87e-06 1.40154e-06 -2.24308e-06 -1.3261e-06 2.56187e-10 8.65231e-11 -1.59435e-05 -1.07611e-05 -1.78135e-05 -9.35956e-06
0.515699 -1.80098e-06 1.2938e-06 -2.59112e-06 -6.0222e-07 2.426e-10 6.35774e-11 -1.78918e-05 -6.82527e-06 -1.96928e-05 -5.53146e-06
0.516057 -1.73026e-06 1.19067e-06 -2.86244e-06 3.0795e-08 2.28029e-10 4.4068e-11 -1.93809e-05 -3.35708e-06 -2.11112e-05 -2.16641e-06
0.516415 -1.65866e-06 1.09255e-06 -3.06712e-06 5.80702e-07 2.12933e-10 2.77002e-11 -2.04723e-05 -3.19016e-07 -2.2131e-05 7.73536e-07
0.516772 -1.58687e-06 9.99696e-07 -3.2143e-06 1.05496e-06 1.9769e-10 1.41594e-11 -2.12217e-05 2.32542e-06 -2.28085e-05 3.32512e-06
0.51713 -1.51548e-06 9.12236e-07 -3.31222e-06 1.46067e-06 1.82599e-10 3.12683e-12 -2.1679e-05 4.61134e-06 -2.31945e-05 5.52357e-06
0.517488 -1.44498e-06 8.30205e-07 -3.36824e-06 1.80454e-06 1.67895e-10 -5.70868e-12 -2.18891e-05 6.57216e-06 -2.33341e-05 7.40237e-06
0.517845 -1.37578e-06 7.53554e-07 -3.38891e-06 2.09286e-06 1.53752e-10 -1.26427e-11 -2.18917e-05 8.23948e-06 -2.32675e-05 8.99304e-06
0.518203 -1.30821e-06 6.82174e-07 -3.38003e-06 2.33151e-06 1.40295e-10 -1.79499e-11 -2.17218e-05 9.64292e-06 -2.303e-05 1.03251e-05
0.51856 -1.24253e-06 6.15906e-07 -3.34671e-06 2.5259e-06 1.27605e-10 -2.18805e-11 -2.14103e-05 1.08101e-05 -2.26529e-05 1.1426e-05
0.518918 -1.17894e-06 5.54555e-07 -3.29341e-06 2.68103e-06 1.15733e-10 -2.46596e-11 -2.09841e-05 1.17665e-05 -2.21631e-05 1.2321e-05
0.519276 -1.11759e-06 4.97904e-07 -3.22402e-06 2.80148e-06 1.04699e-10 -2.64865e-11 -2.04666e-05 1.25356e-05 -2.15842e-05 1.30336e-05
0.519633 -1.05858e-06 4.45714e-07 -3.1419e-06 2.89143e-06 9.45031e-11 -2.75358e-11 -1.98779e-05 1.31392e-05 -2.09365e-05 1.35849e-05
0.519991 -1.00198e-06 3.9774e-07 -3.04994e-06 2.95467e-06 8.51299e-11 -2.79586e-11 -1.92354e-05 1.35968e-05 -2.02374e-05 1.39946e-05
0.520349 -9.47815e-07 3.53732e-07 -2.95065e-06 2.99463e-06 7.65506e-11 -2.78845e-11 -1.8554e-05 1.39264e-05 -1.95018e-05 1.42801e-05
0.520706 -8.96099e-07 3.13438e-07 -2.84613e-06 3.01441e-06 6.87285e-11 -2.74235e-11 -1.78461e-05 1.41441e-05 -1.87422e-05 1.44576e-05
0.521064 -8.46812e-07 2.76611e-07 -2.73816e-06 3.01679e-06 6.16209e-11 -2.6668e-11 -1.71224e-05 1.42646e-05 -1.79692e-05 1.45412e-05
0.521421 -7.99922e-07 2.43012e-07 -2.62827e-06 3.00425e-06 5.5182e-11 -2.56952e-11 -1.63917e-05 1.43011e-05 -1.71917e-05 1.45441e-05
0.521779 -7.55377e-07 2.12407e-07 -2.51771e-06 2.97901e-06 4.93642e-11 -2.45685e-11 -1.56615e-05 1.42652e-05 -1.64169e-05 1.44776e-05
0.522137 -7.13118e-07 1.84575e-07 -2.4075e-06 2.94305e-06 4.412e-11 -2.33397e-11 -1.49377e-05 1.41676e-05 -1.56508e-05 1.43522e-05
0.522494 -6.73075e-07 1.59304e-07 -2.29851e-06 2.89811e-06 3.94024e-11 -2.20507e-11 -1.42253e-05 1.40176e-05 -1.48984e-05 1.41769e-05
0.522852 -6.35173e-07 1.36393e-07 -2.19143e-06 2.84575e-06 3.51662e-11 -2.07348e-11 -1.35282e-05 1.38235e-05 -1.41634e-05 1.39599e-05
0.52321 -5.99329e-07 1.15653e-07 -2.08679e-06 2.78733e-06 3.13684e-11 -1.94182e-11 -1.28495e-05 1.35927e-05 -1.34488e-05 1.37083e-05
0.523567 -5.6546e-07 9.69081e-08 -1.98504e-06 2.72403e-06 2.79682e-11 -1.8121e-11 -1.21915e-05 1.33316e-05 -1.27569e-05 1.34285e-05
0.523925 -5.3348e-07 7.9992e-08 -1.88649e-06 2.65691e-06 2.49278e-11 -1.68585e-11 -1.1556e-05 1.30461e-05 -1.20895e-05 1.31261e-05
0.524282 -5.03302e-07 6.4751e-08 -1.79139e-06 2.58689e-06 2.22118e-11 -1.56419e-11 -1.09444e-05 1.27411e-05 -1.14477e-05 1.28059e-05
0.52464 -4.74842e-07 5.10418e-08 -1.6999e-06 2.51475e-06 1.9788e-11 -1.44789e-11 -1.03573e-05 1.24211e-05 -1.08321e-05 1.24721e-05
0.524998 -4.48013e-07 3.87317e-08 -1.61213e-06 2.44118e-06 1.76264e-11 -1.33748e-11 -9.79527e-06 1.20898e-05 -1.02433e-05 1.21285e-05
0.525355 -4.22732e-07 2.76982e-08 -1.52814e-06 2.36677e-06 1.57e-11 -1.23324e-11 -9.25849e-06 1.17505e-05 -9.68122e-06 1.17782e-05
0.525713 -3.98918e-07 1.78281e-08 -1.44794e-06 2.29203e-06 1.39841e-11 -1.13533e-11 -8.74685e-06 1.14062e-05 -9.14577e-06 1.1424e-05
0.526071 -3.76492e-07 9.01723e-09 -1.3715e-06 2.21739e-06 1.24564e-11 -1.04373e-11 -8.26007e-06 1.10592e-05 -8.63656e-06 1.10683e-05
0.526428 -3.55378e-07 1.16966e-09 -1.29879e-06 2.14322e-06 1.10968e-11 -9.58353e-12 -7.79771e-06 1.07118e-05 -8.15309e-06 1.0713e-05
0.526786 -3.35503e-07 -5.80254e-09 -1.22972e-06 2.06982e-06 9.88697e-12 -8.7902e-12 -7.35921e-06 1.03657e-05 -7.69471e-06 1.03599e-05
0.527143 -3.16797e-07 -1.19801e-08 -1.16422e-06 1.99746e-06 8.81074e-12 -8.05506e-12 -6.94389e-06 1.00224e-05 -7.26069e-06 1.00104e-05
0.527501 -2.99192e-07 -1.74369e-08 -1.10217e-06 1.92634e-06 7.85344e-12 -7.37547e-12 -6.55102e-06 9.68316e-06 -6.85021e-06 9.66572e-06
0.527859 -2.82626e-07 -2.22405e-08 -1.04346e-06 1.85664e-06 7.00199e-12 -6.74852e-12 -6.1798e-06 9.34912e-06 -6.46243e-06 9.32688e-06
0.528216 -2.67036e-07 -2.64528e-08 -9.87984e-07 1.7885e-06 6.24469e-12 -6.1712e-12 -5.82941e-06 9.02113e-06 -6.09644e-06 8.99468e-06
0.528574 -2.52365e-07 -3.01301e-08 -9.35602e-07 1.72202e-06 5.57109e-12 -5.64043e-12 -5.49898e-06 8.69989e-06 -5.75134e-06 8.66976e-06
0.528932 -2.38559e-07 -3.33241e-08 -8.86192e-07 1.65728e-06 4.97189e-12 -5.15313e-12 -5.18766e-06 8.38597e-06 -5.42622e-06 8.35264e-06
0.529289 -2.25566e-07 -3.60816e-08 -8.39624e-07 1.59436e-06 4.4388e-12 -4.7063e-12 -4.89458e-06 8.07981e-06 -5.12015e-06 8.04373e-06
0.529647 -2.13337e-07 -3.84454e-08 -7.95769e-07 1.53329e-06 3.96443e-12 -4.29701e-12 -4.61888e-06 7.78175e-06 -4.83222e-06 7.74331e-06
0.530005 -2.01825e-07 -4.04544e-08 -7.54499e-07 1.47409e-06 3.54223e-12 -3.92245e-12 -4.35971e-06 7.49204e-06 -4.56154e-06 7.45158e-06
0.530362 -1.90988e-07 -4.21442e-08 -7.15689e-07 1.41679e-06 3.16637e-12 -3.57996e-12 -4.11625e-06 7.21082e-06 -4.30724e-06 7.16867e-06
0.53072 -1.80784e-07 -4.35468e-08 -6.79215e-07 1.36136e-06 2.83167e-12 -3.267e-12 -3.88768e-06 6.93819e-06 -4.06847e-06 6.89465e-06
0.531077 -1.71175e-07 -4.46916e-08 -6.44958e-07 1.30782e-06 2.53353e-12 -2.98121e-12 -3.67323e-06 6.67419e-06 -3.8444e-06 6.6295e-06
0.531435 -1.62125e-07 -4.56052e-08 -6.128e-07 1.25613e-06 2.26787e-12 -2.72036e-12 -3.47213e-06 6.41879e-06 -3.63425e-06 6.37319e-06
0.531793 -1.53598e-07 -4.63117e-08 -5.82632e-07 1.20627e-06 2.03106e-12 -2.48236e-12 -3.28365e-06 6.17194e-06 -3.43725e-06 6.12563e-06
0.53215 -1.45565e-07 -4.6833e-08 -5.54343e-07 1.15822e-06 1.81989e-12 -2.26531e-12 -3.10711e-06 5.93355e-06 -3.25267e-06 5.88671e-06
0.532508 -1.37993e-07 -4.7189e-08 -5.27831e-07 1.11192e-06 1.63151e-12 -2.0674e-12 -2.94182e-06 5.70347e-06 -3.07982e-06 5.65628e-06
0.532866 -1.30856e-07 -4.73978e-08 -5.02997e-07 1.06735e-06 1.4634e-12 -1.887e-12 -2.78715e-06 5.48158e-06 -2.91801e-06 5.43418e-06
0.533223 -1.24126e-07 -4.74755e-08 -4.79745e-07 1.02445e-06 1.3133e-12 -1.72258e-12 -2.64249e-06 5.2677e-06 -2.76662e-06 5.22022e-06
0.533581 -1.17779e-07 -4.7437e-08 -4.57986e-07 9.83191e-07 1.17923e-12 -1.57275e-12 -2.50725e-06 5.06164e-06 -2.62503e-06 5.0142e-06
0.533938 -1.11792e-07 -4.72956e-08 -4.37633e-07 9.43516e-07 1.05941e-12 -1.43622e-12 -2.38089e-06 4.86321e-06 -2.49268e-06 4.81591e-06
0.534296 -1.06142e-07 -4.70635e-08 -4.18605e-07 9.05379e-07 9.52294e-13 -1.31181e-12 -2.26288e-06 4.6722e-06 -2.36902e-06 4.62514e-06
0.534654 -1.00809e-07 -4.67516e-08 -4.00824e-07 8.6873e-07 8.56478e-13 -1.19846e-12 -2.15272e-06 4.48841e-06 -2.25353e-06 4.44166e-06
0.535011 -9.5775e-08 -4.63697e-08 -3.84216e-07 8.33522e-07 7.70729e-13 -1.09517e-12 -2.04995e-06 4.31161e-06 -2.14573e-06 4.26524e-06
0.535369 -9.10205e-08 -4.59267e-08 -3.68712e-07 7.99704e-07 6.93952e-13 -1.00104e-12 -1.95412e-06 4.14158e-06 -2.04514e-06 4.09566e-06
0.535727 -8.65293e-08 -4.54307e-08 -3.54245e-07 7.67228e-07 6.25172e-13 -9.15254e-13 -1.8648e-06 3.97811e-06 -1.95133e-06 3.93268e-06
0.536084 -8.22856e-08 -4.4889e-08 -3.40754e-07 7.36046e-07 5.63527e-13 -8.37062e-13 -1.7816e-06 3.82097e-06 -1.86389e-06 3.77608e-06
0.536442 -7.82744e-08 -4.4308e-08 -3.28179e-07 7.06109e-07 5.08246e-13 -7.65781e-13 -1.70415e-06 3.66995e-06 -1.78243e-06 3.62564e-06
0.536799 -7.44821e-08 -4.36937e-08 -3.16464e-07 6.77372e-07 4.58646e-13 -7.00788e-13 -1.6321e-06 3.52483e-06 -1.70658e-06 3.48113e-06
0.537157 -7.08955e-08 -4.30513e-08 -3.05558e-07 6.49788e-07 4.14121e-13 -6.41519e-13 -1.5651e-06 3.38539e-06 -1.63599e-06 3.34234e-06
0.537515 -6.75026e-08 -4.23856e-08 -2.9541e-07 6.23314e-07 3.7413e-13 -5.87457e-13 -1.50285e-06 3.25143e-06 -1.57035e-06 3.20904e-06
0.537872 -6.42919e-08 -4.17008e-08 -2.85975e-07 5.97904e-07 3.38191e-13 -5.38133e-13 -1.44505e-06 3.12274e-06 -1.50934e-06 3.08104e-06
0.53823 -6.12527e-08 -4.10008e-08 -2.77207e-07 5.73518e-07 3.05877e-13 -4.93122e-13 -1.39142e-06 2.99912e-06 -1.45268e-06 2.95812e-06
0.538588 -5.8375e-08 -4.02889e-08 -2.69067e-07 5.50114e-07 2.76807e-13 -4.52036e-13 -1.34171e-06 2.88038e-06 -1.40008e-06 2.84009e-06
0.538945 -5.56494e-08 -3.95683e-08 -2.61513e-07 5.27653e-07 2.5064e-13 -4.14522e-13 -1.29566e-06 2.76632e-06 -1.35131e-06 2.72675e-06
0.539303 -5.3067e-08 -3.88416e-08 -2.54511e-07 5.06095e-07 2.27074e-13 -3.8026e-13 -1.25304e-06 2.65677e-06 -1.30611e-06 2.61793e-06
0.53966 -5.06197e-08 -3.81113e-08 -2.48025e-07 4.85405e-07 2.05839e-13 -3.48959e-13 -1.21364e-06 2.55154e-06 -1.26426e-06 2.51343e-06
0.540018 -4.82995e-08 -3.73795e-08 -2.42023e-07 4.65545e-07 1.86693e-13 -3.20355e-13 -1.17725e-06 2.45047e-06 -1.22555e-06 2.41309e-06
0.540376 -4.60993e-08 -3.66481e-08 -2.36475e-07 4.46482e-07 1.69423e-13 -2.94206e-13 -1.14368e-06 2.35337e-06 -1.18978e-06 2.31673e-06
0.540733 -4.40122e-08 -3.59189e-08 -2.31351e-07 4.28183e-07 1.53835e-13 -2.70295e-13 -1.11275e-06 2.26011e-06 -1.15676e-06 2.22419e-06
0.541091 -4.20319e-08 -3.51933e-08 -2.26625e-07 4.10615e-07 1.39758e-13 -2.48423e-13 -1.08429e-06 2.17051e-06 -1.12632e-06 2.13532e-06
0.541449 -4.01522e-08 -3.44727e-08 -2.22271e-07 3.93748e-07 1.27039e-13 -2.28409e-13 -1.05813e-06 2.08443e-06 -1.09829e-06 2.04996e-06
0.541806 -3.83675e-08 -3.37581e-08 -2.18266e-07 3.77552e-07 1.1554e-13 -2.10089e-13 -1.03414e-06 2.00172e-06 -1.07251e-06 1.96796e-06
0.542164 -3.66725e-08 -3.30506e-08 -2.14586e-07 3.61999e-07 1.05139e-13 -1.93313e-13 -1.01217e-06 1.92225e-06 -1.04884e-06 1.8892e-06
0.542521 -3.50623e-08 -3.23511e-08 -2.11212e-07 3.47062e-07 9.57263e-14 -1.77947e-13 -9.92086e-07 1.84589e-06 -1.02715e-06 1.81353e-06
0.542879 -3.3532e-08 -3.16603e-08 -2.08122e-07 3.32715e-07 8.72027e-14 -1.63867e-13 -9.73766e-07 1.77249e-06 -1.0073e-06 1.74083e-06
0.543237 -3.20774e-08 -3.09789e-08 -2.05299e-07 3.18932e-07 7.94805e-14 -1.50961e-13 -9.57092e-07 1.70195e-06 -9.8917e-07 1.67097e-06
0.543594 -3.06943e-08 -3.03074e-08 -2.02725e-07 3.0569e-07 7.24804e-14 -1.39125e-13 -9.41957e-07 1.63414e-06 -9.72652e-07 1.60383e-06
0.543952 -2.93787e-08 -2.96462e-08 -2.00384e-07 2.92966e-07 6.61317e-14 -1.28269e-13 -9.28258e-07 1.56895e-06 -9.57637e-07 1.53931e-06
0.54431 -2.81271e-08 -2.89958e-08 -1.98259e-07 2.80737e-07 6.03705e-14 -1.18306e-13 -9.15898e-07 1.50627e-06 -9.44025e-07 1.47728e-06
0.544667 -2.69359e-08 -2.83564e-08 -1.96337e-07 2.68984e-07 5.514e-14 -1.0916e-13 -9.04787e-07 1.446e-06 -9.31723e-07 1.41765e-06
0.545025 -2.58019e-08 -2.77283e-08 -1.94604e-07 2.57685e-07 5.03885e-14 -1.00761e-13 -8.9484e-07 1.38804e-06 -9.20641e-07 1.36031e-06
0.545382 -2.4722e-08 -2.71117e-08 -1.93048e-07 2.46822e-07 4.60701e-14 -9.30442e-14 -8.85977e-07 1.33228e-06 -9.10699e-07 1.30517e-06
0.54574 -2.36935e-08 -2.65067e-08 -1.91655e-07 2.36375e-07 4.21432e-14 -8.59526e-14 -8.78123e-07 1.27865e-06 -9.01817e-07 1.25214e-06
0.546098 -2.27135e-08 -2.59135e-08 -1.90414e-07 2.26328e-07 3.85705e-14 -7.94327e-14 -8.7121e-07 1.22705e-06 -8.93923e-07 1.20113e-06
0.546455 -2.17795e-08 -2.53321e-08 -1.89316e-07 2.16664e-07 3.53183e-14 -7.3436e-14 -8.65169e-07 1.17739e-06 -8.86948e-07 1.15206e-06
0.546813 -2.0889e-08 -2.47624e-08 -1.8835e-07 2.07366e-07 3.23565e-14 -6.79186e-14 -8.5994e-07 1.1296e-06 -8.80829e-07 1.10484e-06
0.547171 -2.00399e-08 -2.42045e-08 -1.87507e-07 1.98418e-07 2.96576e-14 -6.28401e-14 -8.55464e-07 1.0836e-06 -8.75504e-07 1.0594e-06
0.547528 -1.923e-08 -2.36584e-08 -1.86778e-07 1.89807e-07 2.71972e-14 -5.81639e-14 -8.51686e-07 1.03932e-06 -8.70916e-07 1.01566e-06
0.547886 -1.84573e-08 -2.3124e-08 -1.86154e-07 1.81519e-07 2.4953e-14 -5.38565e-14 -8.48557e-07 9.96683e-07 -8.67014e-07 9.73559e-07
0.548244 -1.77198e-08 -2.26012e-08 -1.85628e-07 1.73539e-07 2.2905e-14 -4.98873e-14 -8.46026e-07 9.55622e-07 -8.63746e-07 9.33021e-07
0.548601 -1.70158e-08 -2.20899e-08 -1.85193e-07 1.65854e-07 2.10352e-14 -4.62283e-14 -8.4405e-07 9.16074e-07 -8.61065e-07 8.93984e-07
0.548959 -1.63435e-08 -2.159e-08 -1.84841e-07 1.58454e-07 1.93272e-14 -4.2854e-14 -8.42585e-07 8.77978e-07 -8.58928e-07 8.56388e-07
0.549316 -1.57014e-08 -2.11013e-08 -1.84566e-07 1.51324e-07 1.77662e-14 -3.97411e-14 -8.41592e-07 8.41272e-07 -8.57293e-07 8.20171e-07
0.549674 -1.5088e-08 -2.06237e-08 -1.84362e-07 1.44456e-07 1.63389e-14 -3.68683e-14 -8.41033e-07 8.05902e-07 -8.56121e-07 7.85279e-07
0.550032 -1.45017e-08 -2.0157e-08 -1.84223e-07 1.37837e-07 1.50333e-14 -3.42159e-14 -8.40874e-07 7.71813e-07 -8.55376e-07 7.51656e-07
0.550389 -1.39413e-08 -1.97011e-08 -1.84145e-07 1.31458e-07 1.38383e-14 -3.17663e-14 -8.41081e-07 7.38952e-07 -8.55022e-07 7.19251e-07
0.550747 -1.34055e-08 -1.92559e-08 -1.84121e-07 1.25308e-07 1.27441e-14 -2.9503e-14 -8.41623e-07 7.07271e-07 -8.55029e-07 6.88015e-07
0.551105 -1.28931e-08 -1.8821e-08 -1.84147e-07 1.19378e-07 1.17417e-14 -2.74111e-14 -8.42472e-07 6.76721e-07 -8.55365e-07 6.579e-07
0.551462 -1.24029e-08 -1.83963e-08 -1.84219e-07 1.1366e-07 1.0823e-14 -2.54769e-14 -8.43599e-07 6.47257e-07 -8.56002e-07 6.28861e-07
0.55182 -1.19339e-08 -1.79817e-08 -1.84332e-07 1.08144e-07 9.98063e-15 -2.36878e-14 -8.44979e-07 6.18836e-07 -8.56913e-07 6.00854e-07
0.552177 -1.1485e-08 -1.7577e-08 -1.84483e-07 1.02823e-07 9.20787e-15 -2.20324e-14 -8.46589e-07 5.91415e-07 -8.58074e-07 5.73838e-07
0.552535 -1.10553e-08 -1.71819e-08 -1.84668e-07 9.76881e-08 8.49864e-15 -2.05001e-14 -8.48405e-07 5.64956e-07 -8.5946e-07 5.47774e-07
0.552893 -1.06438e-08 -1.67963e-08 -1.84883e-07 9.27324e-08 7.84743e-15 -1.90812e-14 -8.50407e-07 5.3942e-07 -8.6105e-07 5.22624e-07
0.55325 -1.02497e-08 -1.64199e-08 -1.85124e-07 8.79485e-08 7.24923e-15 -1.77668e-14 -8.52573e-07 5.1477e-07 -8.62823e-07 4.9835e-07
0.553608 -9.87209e-09 -1.60526e-08 -1.8539e-07 8.33297e-08 6.69948e-15 -1.65488e-14 -8.54886e-07 4.90971e-07 -8.64759e-07 4.74919e-07
0.553966 -9.51029e-09 -1.56942e-08 -1.85677e-07 7.88693e-08 6.19403e-15 -1.54198e-14 -8.57329e-07 4.67991e-07 -8.66839e-07 4.52297e-07
0.554323 -9.16352e-09 -1.53444e-08 -1.85982e-07 7.4561e-08 5.7291e-15 -1.43728e-14 -8.59883e-07 4.45796e-07 -8.69047e-07 4.30452e-07
0.554681 -8.83108e-09 -1.50031e-08 -1.86303e-07 7.03988e-08 5.30127e-15 -1.34016e-14 -8.62535e-07 4.24357e-07 -8.71366e-07 4.09354e-07
0.555038 -8.51231e-09 -1.46701e-08 -1.86637e-07 6.63769e-08 4.90737e-15 -1.25003e-14 -8.65269e-07 4.03643e-07 -8.73782e-07 3.88973e-07
0.555396 -8.20657e-09 -1.43452e-08 -1.86982e-07 6.24899e-08 4.54462e-15 -1.16636e-14 -8.68072e-07 3.83627e-07 -8.76279e-07 3.69282e-07
0.555754 -7.91326e-09 -1.40282e-08 -1.87336e-07 5.87324e-08 4.21038e-15 -1.08866e-14 -8.70931e-07 3.64282e-07 -8.78844e-07 3.50254e-07
0.556111 -7.63183e-09 -1.37189e-08 -1.87697e-07 5.50994e-08 3.90229e-15 -1.01648e-14 -8.73834e-07 3.45582e-07 -8.81466e-07 3.31863e-07
0.556469 -7.36172e-09 -1.34172e-08 -1.88063e-07 5.15861e-08 3.61817e-15 -9.49407e-15 -8.7677e-07 3.27501e-07 -8.84132e-07 3.14084e-07
0.556827 -7.10242e-09 -1.31228e-08 -1.88433e-07 4.81879e-08 3.35606e-15 -8.87054e-15 -8.79728e-07 3.10018e-07 -8.8683e-07 2.96895e-07
0.557184 -6.85346e-09 -1.28356e-08 -1.88804e-07 4.49002e-08 3.11415e-15 -8.2907e-15 -8.82698e-07 2.93108e-07 -8.89551e-07 2.80272e-07
0.557542 -6.61436e-09 -1.25553e-08 -1.89175e-07 4.17189e-08 2.8908e-15 -7.75132e-15 -8.8567e-07 2.7675e-07 -8.92285e-07 2.64195e-07
0.557899 -6.38469e-09 -1.22819e-08 -1.89544e-07 3.864e-08 2.68449e-15 -7.24938e-15 -8.88637e-07 2.60924e-07 -8.95022e-07 2.48642e-07
0.558257 -6.16403e-09 -1.20152e-08 -1.89911e-07 3.56594e-08 2.49385e-15 -6.78215e-15 -8.91591e-07 2.45608e-07 -8.97755e-07 2.33593e-07
0.558615 -5.95198e-09 -1.17549e-08 -1.90274e-07 3.27735e-08 2.31762e-15 -6.34707e-15 -8.94522e-07 2.30785e-07 -9.00474e-07 2.1903e-07
0.558972 -5.74817e-09 -1.1501e-08 -1.90631e-07 2.99786e-08 2.15465e-15 -5.94179e-15 -8.97425e-07 2.16435e-07 -9.03173e-07 2.04934e-07
0.55933 -5.55223e-09 -1.12533e-08 -1.90982e-07 2.72715e-08 2.00388e-15 -5.56416e-15 -9.00292e-07 2.02542e-07 -9.05844e-07 1.91288e-07
0.559688 -5.36383e-09 -1.10115e-08 -1.91326e-07 2.46487e-08 1.86442e-15 -5.21213e-15 -9.03117e-07 1.89087e-07 -9.08481e-07 1.78076e-07
0.560045 -5.18263e-09 -1.07757e-08 -1.91661e-07 2.21072e-08 1.73523e-15 -4.88393e-15 -9.05895e-07 1.76056e-07 -9.11078e-07 1.6528e-07
0.560403 -5.00833e-09 -1.05455e-08 -1.91987e-07 1.96439e-08 1.61556e-15 -4.57781e-15 -9.0862e-07 1.63431e-07 -9.13628e-07 1.52886e-07
0.56076 -4.84063e-09 -1.03209e-08 -1.92302e-07 1.72559e-08 1.50469e-15 -4.29219e-15 -9.11286e-07 1.512e-07 -9.16126e-07 1.40879e-07
0.561118 -4.67925e-09 -1.01017e-08 -1.92607e-07 1.49405e-08 1.40192e-15 -4.02563e-15 -9.13889e-07 1.39346e-07 -9.18568e-07 1.29245e-07
0.561476 -4.52393e-09 -9.88781e-09 -1.92899e-07 1.26949e-08 1.30663e-15 -3.77676e-15 -9.16425e-07 1.27857e-07 -9.20948e-07 1.1797e-07
0.561833 -4.3744e-09 -9.67907e-09 -1.93179e-07 1.05167e-08 1.21824e-15 -3.54434e-15 -9.18888e-07 1.1672e-07 -9.23263e-07 1.07041e-07
0.562191 -4.23043e-09 -9.47534e-09 -1.93445e-07 8.40341e-09 1.13622e-15 -3.32722e-15 -9.21276e-07 1.05921e-07 -9.25507e-07 9.64453e-08
0.562549 -4.09178e-09 -9.2765e-09 -1.93698e-07 6.35264e-09 1.06008e-15 -3.12432e-15 -9.23585e-07 9.5448e-08 -9.27677e-07 8.61715e-08
0.562906 -3.95824e-09 -9.08242e-09 -1.93936e-07 4.36216e-09 9.89386e-16 -2.93465e-15 -9.25811e-07 8.52903e-08 -9.2977e-07 7.62079e-08
0.563264 -3.82958e-09 -8.89297e-09 -1.94159e-07 2.42979e-09 9.23714e-16 -2.75731e-15 -9.27952e-07 7.54361e-08 -9.31781e-07 6.65432e-08
0.563622 -3.70562e-09 -8.70805e-09 -1.94367e-07 5.53476e-10 8.62693e-16 -2.59136e-15 -9.30003e-07 6.58749e-08 -9.33709e-07 5.71668e-08
0.563979 -3.58615e-09 -8.52753e-09 -1.94558e-07 -1.26879e-09 8.05964e-16 -2.43616e-15 -9.31963e-07 5.65962e-08 -9.35549e-07 4.80686e-08
0.564337 -3.471e-09 -8.35129e-09 -1.94734e-07 -3.03891e-09 7.53213e-16 -2.29091e-15 -9.33829e-07 4.75901e-08 -9.373e-07 3.92388e-08
0.564694 -3.35998e-09 -8.17923e-09 -1.94892e-07 -4.75874e-09 7.04142e-16 -2.15493e-15 -9.35599e-07 3.88471e-08 -9.38959e-07 3.06679e-08
0.565052 -3.25294e-09 -8.01124e-09 -1.95033e-07 -6.43003e-09 6.5848e-16 -2.02759e-15 -9.3727e-07 3.0358e-08 -9.40523e-07 2.23468e-08
0.56541 -3.14971e-09 -7.84721e-09 -1.95156e-07 -8.05448e-09 6.15976e-16 -1.9083e-15 -9.38841e-07 2.21141e-08 -9.4199e-07 1.42669e-08
0.565767 -3.05014e-09 -7.68704e-09 -1.95261e-07 -9.63371e-09 5.76398e-16 -1.79653e-15 -9.40309e-07 1.41068e-08 -9.43359e-07 6.41981e-09
0.566125 -2.95409e-09 -7.53063e-09 -1.95348e-07 -1.11693e-08 5.39532e-16 -1.69177e-15 -9.41673e-07 6.32812e-09 -9.44627e-07 -1.20252e-09
0.566483 -2.86141e-09 -7.37789e-09 -1.95417e-07 -1.26627e-08 5.05181e-16 -1.59355e-15 -9.42932e-07 -1.2299e-09 -9.45793e-07 -8.60779e-09
0.56684 -2.77197e-09 -7.22871e-09 -1.95467e-07 -1.41155e-08 4.73163e-16 -1.50144e-15 -9.44084e-07 -8.57473e-09 -9.46856e-07 -1.58034e-08
0.567198 -2.68565e-09 -7.08301e-09 -1.95497e-07 -1.55289e-08 4.4331e-16 -1.41503e-15 -9.45127e-07 -1.57136e-08 -9.47813e-07 -2.27966e-08
0.567555 -2.60232e-09 -6.9407e-09 -1.95509e-07 -1.69044e-08 4.15466e-16 -1.33394e-15 -9.46061e-07 -2.26535e-08 -9.48663e-07 -2.95942e-08
0.567913 -2.52186e-09 -6.80169e-09 -1.95501e-07 -1.82432e-08 3.89489e-16 -1.25784e-15 -9.46885e-07 -2.9401e-08 -9.49406e-07 -3.62027e-08
0.568271 -2.44418e-09 -6.66589e-09 -1.95473e-07 -1.95465e-08 3.65244e-16 -1.18639e-15 -9.47596e-07 -3.59627e-08 -9.50041e-07 -4.26286e-08
0.568628 -2.36915e-09 -6.53323e-09 -1.95426e-07 -2.08155e-08 3.4261e-16 -1.11928e-15 -9.48196e-07 -4.23447e-08 -9.50565e-07 -4.88779e-08
0.568986 -2.29667e-09 -6.40361e-09 -1.95358e-07 -2.20514e-08 3.21473e-16 -1.05625e-15 -9.48682e-07 -4.8553e-08 -9.50979e-07 -5.49566e-08
0.569344 -2.22666e-09 -6.27697e-09 -1.95271e-07 -2.32553e-08 3.01727e-16 -9.97016e-16 -9.49055e-07 -5.45932e-08 -9.51282e-07 -6.08702e-08
0.569701 -2.15901e-09 -6.15323e-09 -1.95163e-07 -2.44282e-08 2.83276e-16 -9.41345e-16 -9.49313e-07 -6.04711e-08 -9.51472e-07 -6.66243e-08
0.570059 -2.09364e-09 -6.03231e-09 -1.95035e-07 -2.55711e-08 2.6603e-16 -8.89007e-16 -9.49456e-07 -6.61917e-08 -9.5155e-07 -7.2224e-08
0.570416 -2.03046e-09 -5.91414e-09 -1.94887e-07 -2.6685e-08 2.49904e-16 -8.39788e-16 -9.49484e-07 -7.17604e-08 -9.51514e-07 -7.76745e-08
0.570774 -1.96938e-09 -5.79866e-09 -1.94718e-07 -2.77709e-08 2.34822e-16 -7.93491e-16 -9.49396e-07 -7.71819e-08 -9.51365e-07 -8.29806e-08
0.571132 -1.91034e-09 -5.68578e-09 -1.94529e-07 -2.88297e-08 2.20712e-16 -7.4993e-16 -9.49191e-07 -8.24611e-08 -9.51102e-07 -8.81469e-08
0.571489 -1.85325e-09 -5.57546e-09 -1.94318e-07 -2.98622e-08 2.07507e-16 -7.08934e-16 -9.48871e-07 -8.76025e-08 -9.50724e-07 -9.3178e-08
0.571847 -1.79803e-09 -5.46761e-09 -1.94088e-07 -3.08693e-08 1.95145e-16 -6.70342e-16 -9.48433e-07 -9.26106e-08 -9.50231e-07 -9.80782e-08
0.572205 -1.74464e-09 -5.36219e-09 -1.93836e-07 -3.18517e-08 1.8357e-16 -6.34002e-16 -9.47879e-07 -9.74894e-08 -9.49624e-07 -1.02852e-07
0.572562 -1.69298e-09 -5.25912e-09 -1.93564e-07 -3.28103e-08 1.72728e-16 -5.99776e-16 -9.47208e-07 -1.02243e-07 -9.48901e-07 -1.07502e-07
0.57292 -1.64301e-09 -5.15835e-09 -1.93271e-07 -3.37458e-08 1.6257e-16 -5.67532e-16 -9.4642e-07 -1.06876e-07 -9.48063e-07 -1.12034e-07
0.573277 -1.59466e-09 -5.05982e-09 -1.92957e-07 -3.4659e-08 1.5305e-16 -5.37147e-16 -9.45515e-07 -1.11391e-07 -9.4711e-07 -1.16451e-07
0.573635 -1.54787e-09 -4.96348e-09 -1.92622e-07 -3.55504e-08 1.44125e-16 -5.08508e-16 -9.44494e-07 -1.15793e-07 -9.46042e-07 -1.20757e-07
0.573993 -1.50259e-09 -4.86927e-09 -1.92267e-07 -3.64209e-08 1.35756e-16 -4.81507e-16 -9.43355e-07 -1.20085e-07 -9.44858e-07 -1.24954e-07
0.57435 -1.45875e-09 -4.77714e-09 -1.91891e-07 -3.7271e-08 1.27907e-16 -4.56044e-16 -9.421e-07 -1.2427e-07 -9.43559e-07 -1.29047e-07
0.574708 -1.41632e-09 -4.68703e-09 -1.91494e-07 -3.81013e-08 1.20542e-16 -4.32026e-16 -9.40728e-07 -1.28351e-07 -9.42145e-07 -1.33038e-07
0.575066 -1.37524e-09 -4.59889e-09 -1.91076e-07 -3.89125e-08 1.1363e-16 -4.09366e-16 -9.3924e-07 -1.32332e-07 -9.40616e-07 -1.36931e-07
0.575423 -1.33545e-09 -4.51268e-09 -1.90638e-07 -3.97052e-08 1.07142e-16 -3.87982e-16 -9.37636e-07 -1.36216e-07 -9.38972e-07 -1.40729e-07
0.575781 -1.29693e-09 -4.42835e-09 -1.90178e-07 -4.04798e-08 1.0105e-16 -3.67796e-16 -9.35916e-07 -1.40006e-07 -9.37213e-07 -1.44434e-07
0.576138 -1.25961e-09 -4.34585e-09 -1.89699e-07 -4.1237e-08 9.53273e-17 -3.48738e-16 -9.34081e-07 -1.43704e-07 -9.3534e-07 -1.4805e-07
0.576496 -1.22346e-09 -4.26514e-09 -1.89198e-07 -4.19772e-08 8.99513e-17 -3.3074e-16 -9.3213e-07 -1.47314e-07 -9.33354e-07 -1.51579e-07
0.576854 -1.18844e-09 -4.18617e-09 -1.88677e-07 -4.2701e-08 8.48993e-17 -3.1374e-16 -9.30064e-07 -1.50837e-07 -9.31253e-07 -1.55023e-07
0.577211 -1.15451e-09 -4.1089e-09 -1.88136e-07 -4.34087e-08 8.01505e-17 -2.97677e-16 -9.27884e-07 -1.54277e-07 -9.29039e-07 -1.58386e-07
0.577569 -1.12163e-09 -4.03329e-09 -1.87574e-07 -4.4101e-08 7.56856e-17 -2.82497e-16 -9.2559e-07 -1.57636e-07 -9.26712e-07 -1.61669e-07
0.577927 -1.08977e-09 -3.95929e-09 -1.86991e-07 -4.47782e-08 7.14865e-17 -2.68149e-16 -9.23182e-07 -1.60916e-07 -9.24272e-07 -1.64875e-07
0.578284 -1.05888e-09 -3.88688e-09 -1.86389e-07 -4.54408e-08 6.75364e-17 -2.54583e-16 -9.20661e-07 -1.6412e-07 -9.2172e-07 -1.68007e-07
0.578642 -1.02894e-09 -3.816e-09 -1.85766e-07 -4.60892e-08 6.38197e-17 -2.41755e-16 -9.18027e-07 -1.67249e-07 -9.19056e-07 -1.71065e-07
0.579 -9.99919e-10 -3.74663e-09 -1.85122e-07 -4.67237e-08 6.03215e-17 -2.2962e-16 -9.1528e-07 -1.70307e-07 -9.1628e-07 -1.74053e-07
0.579357 -9.71778e-10 -3.67873e-09 -1.84459e-07 -4.73448e-08 5.70284e-17 -2.1814e-16 -9.12422e-07 -1.73294e-07 -9.13394e-07 -1.76973e-07
0.579715 -9.44489e-10 -3.61225e-09 -1.83776e-07 -4.79529e-08 5.39275e-17 -2.07276e-16 -9.09453e-07 -1.76214e-07 -9.10397e-07 -1.79826e-07
0.580072 -9.18026e-10 -3.54718e-09 -1.83072e-07 -4.85483e-08 5.10068e-17 -1.96994e-16 -9.06372e-07 -1.79067e-07 -9.0729e-07 -1.82614e-07
0.58043 -8.92359e-10 -3.48346e-09 -1.82349e-07 -4.91313e-08 4.82552e-17 -1.87259e-16 -9.03181e-07 -1.81856e-07 -9.04074e-07 -1.8534e-07
0.580788 -8.67463e-10 -3.42108e-09 -1.81606e-07 -4.97024e-08 4.56624e-17 -1.78042e-16 -8.99881e-07 -1.84583e-07 -9.00748e-07 -1.88004e-07
0.581145 -8.43311e-10 -3.35999e-09 -1.80843e-07 -5.02617e-08 4.32185e-17 -1.69311e-16 -8.96471e-07 -1.87249e-07 -8.97315e-07 -1.90609e-07
0.581503 -8.19879e-10 -3.30018e-09 -1.80061e-07 -5.08097e-08 4.09145e-17 -1.61041e-16 -8.92953e-07 -1.89857e-07 -8.93773e-07 -1.93157e-07
0.581861 -7.97142e-10 -3.2416e-09 -1.79259e-07 -5.13466e-08 3.87418e-17 -1.53205e-16 -8.89327e-07 -1.92406e-07 -8.90124e-07 -1.95648e-07
0.582218 -7.7508e-10 -3.18423e-09 -1.78438e-07 -5.18727e-08 3.66925e-17 -1.45778e-16 -8.85593e-07 -1.949e-07 -8.86368e-07 -1.98085e-07
0.582576 -7.53668e-10 -3.12805e-09 -1.77598e-07 -5.23884e-08 3.47592e-17 -1.38739e-16 -8.81753e-07 -1.9734e-07 -8.82506e-07 -2.00468e-07
0.582933 -7.32886e-10 -3.07301e-09 -1.76738e-07 -5.28938e-08 3.29348e-17 -1.32065e-16 -8.77806e-07 -1.99727e-07 -8.78539e-07 -2.028e-07
0.583291 -7.12713e-10 -3.0191e-09 -1.75859e-07 -5.33893e-08 3.12128e-17 -1.25735e-16 -8.73754e-07 -2.02062e-07 -8.74467e-07 -2.05081e-07
0.583649 -6.93129e-10 -2.96629e-09 -1.74961e-07 -5.3875e-08 2.95871e-17 -1.19732e-16 -8.69597e-07 -2.04347e-07 -8.7029e-07 -2.07314e-07
0.584006 -6.74117e-10 -2.91455e-09 -1.74044e-07 -5.43513e-08 2.8052e-17 -1.14037e-16 -8.65336e-07 -2.06584e-07 -8.6601e-07 -2.09498e-07
0.584364 -6.55656e-10 -2.86386e-09 -1.73109e-07 -5.48184e-08 2.6602e-17 -1.08633e-16 -8.60971e-07 -2.08773e-07 -8.61627e-07 -2.11637e-07
0.584722 -6.3773e-10 -2.8142e-09 -1.72155e-07 -5.52765e-08 2.52323e-17 -1.03505e-16 -8.56504e-07 -2.10916e-07 -8.57142e-07 -2.1373e-07
0.585079 -6.20321e-10 -2.76553e-09 -1.71182e-07 -5.57258e-08 2.3938e-17 -9.86363e-17 -8.51934e-07 -2.13014e-07 -8.52555e-07 -2.15779e-07
0.585437 -6.03413e-10 -2.71785e-09 -1.70191e-07 -5.61666e-08 2.27147e-17 -9.40142e-17 -8.47263e-07 -2.15068e-07 -8.47866e-07 -2.17785e-07
0.585794 -5.86989e-10 -2.67112e-09 -1.69181e-07 -5.6599e-08 2.15583e-17 -8.96249e-17 -8.42491e-07 -2.17079e-07 -8.43078e-07 -2.1975e-07
0.586152 -5.71036e-10 -2.62532e-09 -1.68153e-07 -5.70233e-08 2.04649e-17 -8.5456e-17 -8.37619e-07 -2.19048e-07 -8.3819e-07 -2.21674e-07
0.58651 -5.55537e-10 -2.58043e-09 -1.67107e-07 -5.74396e-08 1.94308e-17 -8.14956e-17 -8.32648e-07 -2.20977e-07 -8.33203e-07 -2.23557e-07
0.586867 -5.40479e-10 -2.53644e-09 -1.66044e-07 -5.78481e-08 1.84526e-17 -7.77325e-17 -8.27577e-07 -2.22866e-07 -8.28118e-07 -2.25403e-07
0.587225 -5.25847e-10 -2.49331e-09 -1.64962e-07 -5.82491e-08 1.75271e-17 -7.41563e-17 -8.22409e-07 -2.24717e-07 -8.22935e-07 -2.2721e-07
0.587583 -5.11629e-10 -2.45104e-09 -1.63863e-07 -5.86426e-08 1.66513e-17 -7.07571e-17 -8.17144e-07 -2.2653e-07 -8.17656e-07 -2.28981e-07
0.58794 -4.97812e-10 -2.4096e-09 -1.62746e-07 -5.90289e-08 1.58223e-17 -6.75254e-17 -8.11782e-07 -2.28306e-07 -8.1228e-07 -2.30715e-07
0.588298 -4.84383e-10 -2.36897e-09 -1.61611e-07 -5.94081e-08 1.50375e-17 -6.44525e-17 -8.06325e-07 -2.30046e-07 -8.06809e-07 -2.32415e-07
0.588655 -4.7133e-10 -2.32913e-09 -1.6046e-07 -5.97804e-08 1.42944e-17 -6.15299e-17 -8.00772e-07 -2.31751e-07 -8.01244e-07 -2.3408e-07
0.589013 -4.58641e-10 -2.29007e-09 -1.59291e-07 -6.01459e-08 1.35905e-17 -5.875e-17 -7.95125e-07 -2.33422e-07 -7.95584e-07 -2.35712e-07
0.589371 -4.46306e-10 -2.25177e-09 -1.58105e-07 -6.05048e-08 1.29238e-17 -5.61051e-17 -7.89385e-07 -2.3506e-07 -7.89831e-07 -2.37311e-07
0.589728 -4.34314e-10 -2.21422e-09 -1.56902e-07 -6.08572e-08 1.2292e-17 -5.35883e-17 -7.83552e-07 -2.36664e-07 -7.83986e-07 -2.38879e-07
0.590086 -4.22654e-10 -2.17739e-09 -1.55682e-07 -6.12032e-08 1.16933e-17 -5.11929e-17 -7.77627e-07 -2.38238e-07 -7.7805e-07 -2.40415e-07
0.590444 -4.11316e-10 -2.14127e-09 -1.54446e-07 -6.15431e-08 1.11258e-17 -4.89128e-17 -7.71611e-07 -2.39779e-07 -7.72022e-07 -2.41921e-07
0.590801 -4.00291e-10 -2.10584e-09 -1.53193e-07 -6.18768e-08 1.05878e-17 -4.67419e-17 -7.65504e-07 -2.41291e-07 -7.65904e-07 -2.43397e-07
0.591159 -3.89568e-10 -2.07109e-09 -1.51923e-07 -6.22046e-08 1.00777e-17 -4.46746e-17 -7.59308e-07 -2.42773e-07 -7.59697e-07 -2.44844e-07
0.591516 -3.7914e-10 -2.03701e-09 -1.50637e-07 -6.25265e-08 9.59381e-18 -4.27058e-17 -7.53022e-07 -2.44225e-07 -7.53402e-07 -2.46262e-07
0.591874 -3.68997e-10 -2.00357e-09 -1.49336e-07 -6.28428e-08 9.13483e-18 -4.08303e-17 -7.46649e-07 -2.45649e-07 -7.47018e-07 -2.47653e-07
0.592232 -3.5913e-10 -1.97077e-09 -1.48018e-07 -6.31534e-08 8.69936e-18 -3.90434e-17 -7.40188e-07 -2.47046e-07 -7.40547e-07 -2.49017e-07
0.592589 -3.49531e-10 -1.93859e-09 -1.46684e-07 -6.34585e-08 8.28611e-18 -3.73407e-17 -7.33641e-07 -2.48415e-07 -7.33991e-07 -2.50354e-07
0.592947 -3.40193e-10 -1.90702e-09 -1.45335e-07 -6.37582e-08 7.89388e-18 -3.57179e-17 -7.27008e-07 -2.49758e-07 -7.27348e-07 -2.51665e-07
0.593305 -3.31108e-10 -1.87605e-09 -1.4397e-07 -6.40527e-08 7.52153e-18 -3.41709e-17 -7.2029e-07 -2.51074e-07 -7.20621e-07 -2.5295e-07
0.593662 -3.22268e-10 -1.84565e-09 -1.42589e-07 -6.43419e-08 7.16799e-18 -3.26961e-17 -7.13488e-07 -2.52365e-07 -7.1381e-07 -2.54211e-07
0.59402 -3.13666e-10 -1.81583e-09 -1.41193e-07 -6.4626e-08 6.83223e-18 -3.12898e-17 -7.06602e-07 -2.53631e-07 -7.06916e-07 -2.55447e-07
0.594378 -3.05295e-10 -1.78656e-09 -1.39783e-07 -6.49052e-08 6.51332e-18 -2.99486e-17 -6.99634e-07 -2.54873e-07 -6.9994e-07 -2.56659e-07
0.594735 -2.97148e-10 -1.75783e-09 -1.38357e-07 -6.51794e-08 6.21034e-18 -2.86692e-17 -6.92584e-07 -2.5609e-07 -6.92882e-07 -2.57848e-07
0.595093 -2.8922e-10 -1.72964e-09 -1.36916e-07 -6.54488e-08 5.92246e-18 -2.74487e-17 -6.85454e-07 -2.57284e-07 -6.85743e-07 -2.59014e-07
0.59545 -2.81502e-10 -1.70197e-09 -1.3546e-07 -6.57134e-08 5.64886e-18 -2.62842e-17 -6.78243e-07 -2.58455e-07 -6.78524e-07 -2.60157e-07
0.595808 -2.7399e-10 -1.67482e-09 -1.3399e-07 -6.59734e-08 5.3888e-18 -2.51728e-17 -6.70953e-07 -2.59604e-07 -6.71227e-07 -2.61278e-07
0.596166 -2.66678e-10 -1.64816e-09 -1.32506e-07 -6.62288e-08 5.14157e-18 -2.41119e-17 -6.63584e-07 -2.6073e-07 -6.6385e-07 -2.62378e-07
0.596523 -2.59559e-10 -1.62199e-09 -1.31007e-07 -6.64797e-08 4.90648e-18 -2.30993e-17 -6.56137e-07 -2.61835e-07 -6.56397e-07 -2.63457e-07
0.596881 -2.52629e-10 -1.5963e-09 -1.29494e-07 -6.67262e-08 4.6829e-18 -2.21324e-17 -6.48614e-07 -2.62918e-07 -6.48867e-07 -2.64514e-07
0.597239 -2.45881e-10 -1.57108e-09 -1.27967e-07 -6.69683e-08 4.47023e-18 -2.1209e-17 -6.41015e-07 -2.63981e-07 -6.4126e-07 -2.65552e-07
0.597596 -2.39311e-10 -1.54632e-09 -1.26426e-07 -6.72061e-08 4.26791e-18 -2.03272e-17 -6.3334e-07 -2.65023e-07 -6.33579e-07 -2.66569e-07
0.597954 -2.32913e-10 -1.52201e-09 -1.24871e-07 -6.74397e-08 4.07539e-18 -1.94848e-17 -6.25591e-07 -2.66044e-07 -6.25824e-07 -2.67566e-07
0.598311 -2.26683e-10 -1.49813e-09 -1.23303e-07 -6.76691e-08 3.89217e-18 -1.868e-17 -6.17768e-07 -2.67047e-07 -6.17995e-07 -2.68545e-07
0.598669 -2.20616e-10 -1.47469e-09 -1.21722e-07 -6.78944e-08 3.71778e-18 -1.7911e-17 -6.09873e-07 -2.68029e-07 -6.10094e-07 -2.69504e-07
0.599027 -2.14707e-10 -1.45167e-09 -1.20127e-07 -6.81157e-08 3.55176e-18 -1.71761e-17 -6.01906e-07 -2.68993e-07 -6.02121e-07 -2.70445e-07
0.599384 -2.08952e-10 -1.42907e-09 -1.18519e-07 -6.8333e-08 3.39368e-18 -1.64737e-17 -5.93868e-07 -2.69938e-07 -5.94076e-07 -2.71367e-07
