0.39959 5.01338e-11 3.96151e-11 1.8574e-10 4.14061e-10 -1.84738e-17 2.10818e-17 4.6577e-10 7.27608e-10 5.15903e-10 7.67223e-10
0.400066 5.14596e-11 4.08418e-11 1.90114e-10 4.226e-10 -1.9321e-17 2.18713e-17 4.77051e-10 7.41505e-10 5.28511e-10 7.82346e-10
0.400543 5.28226e-11 4.21091e-11 1.94585e-10 4.31304e-10 -2.02084e-17 2.26899e-17 4.88598e-10 7.55625e-10 5.41421e-10 7.97734e-10
0.40102 5.42236e-11 4.34185e-11 1.99154e-10 4.40176e-10 -2.11382e-17 2.35389e-17 5.00415e-10 7.6997e-10 5.54639e-10 8.13389e-10
0.401497 5.56638e-11 4.47714e-11 2.03823e-10 4.49218e-10 -2.21124e-17 2.4419e-17 5.12507e-10 7.8454e-10 5.68171e-10 8.29312e-10
0.401974 5.71443e-11 4.61694e-11 2.08593e-10 4.58432e-10 -2.31331e-17 2.53315e-17 5.24879e-10 7.99335e-10 5.82023e-10 8.45505e-10
0.402451 5.86663e-11 4.76139e-11 2.13466e-10 4.6782e-10 -2.42026e-17 2.62774e-17 5.37536e-10 8.14356e-10 5.96203e-10 8.6197e-10
0.402927 6.02309e-11 4.91067e-11 2.18443e-10 4.77384e-10 -2.53233e-17 2.72578e-17 5.50484e-10 8.29601e-10 6.10715e-10 8.78707e-10
0.403404 6.18393e-11 5.06493e-11 2.23526e-10 4.87126e-10 -2.64976e-17 2.82738e-17 5.63726e-10 8.4507e-10 6.25566e-10 8.95719e-10
0.403881 6.34928e-11 5.22436e-11 2.28714e-10 4.97047e-10 -2.77283e-17 2.93265e-17 5.77269e-10 8.60763e-10 6.40762e-10 9.13006e-10
0.404358 6.51926e-11 5.38914e-11 2.34011e-10 5.0715e-10 -2.9018e-17 3.04172e-17 5.91116e-10 8.76677e-10 6.56309e-10 9.30569e-10
0.404835 6.69401e-11 5.55945e-11 2.39417e-10 5.17437e-10 -3.03697e-17 3.15469e-17 6.05274e-10 8.92813e-10 6.72214e-10 9.48407e-10
0.405312 6.87366e-11 5.73548e-11 2.44933e-10 5.27909e-10 -3.17863e-17 3.2717e-17 6.19745e-10 9.09166e-10 6.88482e-10 9.66521e-10
0.405788 7.05834e-11 5.91744e-11 2.50559e-10 5.38566e-10 -3.3271e-17 3.39287e-17 6.34536e-10 9.25736e-10 7.05119e-10 9.84911e-10
0.406265 7.2482e-11 6.10553e-11 2.56298e-10 5.49412e-10 -3.48272e-17 3.51831e-17 6.4965e-10 9.4252e-10 7.22132e-10 1.00357e-09
0.406742 7.44339e-11 6.29997e-11 2.62149e-10 5.60447e-10 -3.64582e-17 3.64816e-17 6.65092e-10 9.59513e-10 7.39526e-10 1.02251e-09
0.407219 7.64404e-11 6.50098e-11 2.68113e-10 5.71672e-10 -3.81678e-17 3.78253e-17 6.80866e-10 9.76713e-10 7.57307e-10 1.04172e-09
0.407696 7.85032e-11 6.70878e-11 2.74192e-10 5.83088e-10 -3.99598e-17 3.92157e-17 6.96976e-10 9.94116e-10 7.75479e-10 1.0612e-09
0.408173 8.06237e-11 6.92363e-11 2.80384e-10 5.94695e-10 -4.18381e-17 4.0654e-17 7.13426e-10 1.01172e-09 7.94049e-10 1.08095e-09
0.408649 8.28036e-11 7.14575e-11 2.86691e-10 6.06495e-10 -4.3807e-17 4.21414e-17 7.30219e-10 1.02951e-09 8.13022e-10 1.10096e-09
0.409126 8.50446e-11 7.37542e-11 2.93113e-10 6.18488e-10 -4.58708e-17 4.36793e-17 7.47358e-10 1.04749e-09 8.32403e-10 1.12124e-09
0.409603 8.73482e-11 7.61288e-11 2.99649e-10 6.30675e-10 -4.80342e-17 4.5269e-17 7.64847e-10 1.06564e-09 8.52196e-10 1.14177e-09
0.41008 8.97162e-11 7.85843e-11 3.06299e-10 6.43054e-10 -5.03019e-17 4.69116e-17 7.82689e-10 1.08397e-09 8.72405e-10 1.16256e-09
0.410557 9.21503e-11 8.11233e-11 3.13062e-10 6.55625e-10 -5.2679e-17 4.86086e-17 8.00885e-10 1.10247e-09 8.93035e-10 1.18359e-09
0.411034 9.46525e-11 8.37487e-11 3.19939e-10 6.68389e-10 -5.51707e-17 5.0361e-17 8.19437e-10 1.12111e-09 9.14089e-10 1.20486e-09
0.41151 9.72244e-11 8.64637e-11 3.26928e-10 6.81345e-10 -5.77826e-17 5.21702e-17 8.38347e-10 1.13991e-09 9.35572e-10 1.22637e-09
0.411987 9.98679e-11 8.92714e-11 3.34027e-10 6.9449e-10 -6.05204e-17 5.40373e-17 8.57617e-10 1.15884e-09 9.57485e-10 1.24811e-09
0.412464 1.02585e-10 9.21749e-11 3.41235e-10 7.07824e-10 -6.33902e-17 5.59635e-17 8.77246e-10 1.17789e-09 9.79831e-10 1.27006e-09
0.412941 1.05378e-10 9.51776e-11 3.4855e-10 7.21346e-10 -6.63982e-17 5.79498e-17 8.97235e-10 1.19705e-09 1.00261e-09 1.29223e-09
0.413418 1.08248e-10 9.82829e-11 3.55971e-10 7.35052e-10 -6.95511e-17 5.99973e-17 9.17583e-10 1.21631e-09 1.02583e-09 1.3146e-09
0.413895 1.11198e-10 1.01495e-10 3.63494e-10 7.4894e-10 -7.28557e-17 6.21069e-17 9.38288e-10 1.23566e-09 1.04949e-09 1.33715e-09
0.414371 1.14229e-10 1.04816e-10 3.71116e-10 7.63008e-10 -7.63192e-17 6.42795e-17 9.5935e-10 1.25507e-09 1.07358e-09 1.35988e-09
0.414848 1.17344e-10 1.08251e-10 3.78834e-10 7.77251e-10 -7.99492e-17 6.65159e-17 9.80764e-10 1.27453e-09 1.09811e-09 1.38278e-09
0.415325 1.20546e-10 1.11804e-10 3.86645e-10 7.91666e-10 -8.37535e-17 6.88168e-17 1.00253e-09 1.29402e-09 1.12307e-09 1.40582e-09
0.415802 1.23835e-10 1.15479e-10 3.94543e-10 8.06249e-10 -8.77402e-17 7.11828e-17 1.02464e-09 1.31352e-09 1.14847e-09 1.429e-09
0.416279 1.27215e-10 1.1928e-10 4.02524e-10 8.20994e-10 -9.19179e-17 7.36142e-17 1.04708e-09 1.33302e-09 1.1743e-09 1.4523e-09
0.416756 1.30687e-10 1.23211e-10 4.10583e-10 8.35897e-10 -9.62956e-17 7.61114e-17 1.06986e-09 1.35248e-09 1.20055e-09 1.47569e-09
0.417233 1.34254e-10 1.27276e-10 4.18714e-10 8.5095e-10 -1.00882e-16 7.86745e-17 1.09297e-09 1.37189e-09 1.22722e-09 1.49916e-09
0.417709 1.37919e-10 1.31482e-10 4.26909e-10 8.66147e-10 -1.05688e-16 8.13034e-17 1.11639e-09 1.39121e-09 1.25431e-09 1.52269e-09
0.418186 1.41684e-10 1.35831e-10 4.35162e-10 8.81481e-10 -1.10723e-16 8.39977e-17 1.14012e-09 1.41043e-09 1.2818e-09 1.54626e-09
0.418663 1.45551e-10 1.40329e-10 4.43464e-10 8.96944e-10 -1.15997e-16 8.6757e-17 1.16414e-09 1.4295e-09 1.30969e-09 1.56983e-09
0.41914 1.49522e-10 1.44982e-10 4.51807e-10 9.12526e-10 -1.21521e-16 8.95804e-17 1.18845e-09 1.44841e-09 1.33797e-09 1.59339e-09
0.419617 1.53601e-10 1.49794e-10 4.60181e-10 9.28217e-10 -1.27307e-16 9.24668e-17 1.21302e-09 1.46711e-09 1.36662e-09 1.6169e-09
0.420094 1.57789e-10 1.54771e-10 4.68575e-10 9.44007e-10 -1.33367e-16 9.5415e-17 1.23784e-09 1.48557e-09 1.39563e-09 1.64034e-09
0.42057 1.6209e-10 1.59919e-10 4.76977e-10 9.59885e-10 -1.39712e-16 9.8423e-17 1.26289e-09 1.50376e-09 1.42498e-09 1.66367e-09
0.421047 1.66506e-10 1.65242e-10 4.85376e-10 9.75838e-10 -1.46355e-16 1.01489e-16 1.28816e-09 1.52162e-09 1.45466e-09 1.68686e-09
0.421524 1.71039e-10 1.70748e-10 4.93757e-10 9.91852e-10 -1.5331e-16 1.0461e-16 1.31361e-09 1.53913e-09 1.48465e-09 1.70988e-09
0.422001 1.75692e-10 1.76442e-10 5.02106e-10 1.00791e-09 -1.60591e-16 1.07783e-16 1.33922e-09 1.55623e-09 1.51492e-09 1.73267e-09
0.422478 1.80468e-10 1.8233e-10 5.10407e-10 1.024e-09 -1.6821e-16 1.11004e-16 1.36498e-09 1.57288e-09 1.54545e-09 1.75521e-09
0.422955 1.85369e-10 1.88419e-10 5.18641e-10 1.04011e-09 -1.76184e-16 1.14271e-16 1.39084e-09 1.58902e-09 1.57621e-09 1.77744e-09
0.423431 1.90399e-10 1.94715e-10 5.26791e-10 1.05621e-09 -1.84526e-16 1.17577e-16 1.41677e-09 1.6046e-09 1.60717e-09 1.79932e-09
0.423908 1.95559e-10 2.01226e-10 5.34836e-10 1.07229e-09 -1.93254e-16 1.20917e-16 1.44274e-09 1.61957e-09 1.6383e-09 1.8208e-09
0.424385 2.00853e-10 2.07958e-10 5.42755e-10 1.08832e-09 -2.02382e-16 1.24287e-16 1.46872e-09 1.63386e-09 1.66957e-09 1.84182e-09
0.424862 2.06283e-10 2.14919e-10 5.50523e-10 1.10429e-09 -2.11927e-16 1.27677e-16 1.49464e-09 1.64741e-09 1.70093e-09 1.86233e-09
0.425339 2.11851e-10 2.22115e-10 5.58116e-10 1.12017e-09 -2.21907e-16 1.31082e-16 1.52049e-09 1.66016e-09 1.73234e-09 1.88227e-09
0.425816 2.17562e-10 2.29555e-10 5.65507e-10 1.13592e-09 -2.32339e-16 1.34493e-16 1.54619e-09 1.67203e-09 1.76375e-09 1.90158e-09
0.426292 2.23416e-10 2.37246e-10 5.72666e-10 1.15154e-09 -2.43241e-16 1.37899e-16 1.5717e-09 1.68294e-09 1.79512e-09 1.92019e-09
0.426769 2.29417e-10 2.45197e-10 5.79562e-10 1.16698e-09 -2.54632e-16 1.41291e-16 1.59696e-09 1.69282e-09 1.82638e-09 1.93802e-09
0.427246 2.35567e-10 2.53414e-10 5.86162e-10 1.18222e-09 -2.6653e-16 1.44657e-16 1.62191e-09 1.70159e-09 1.85748e-09 1.95501e-09
0.427723 2.41869e-10 2.61907e-10 5.92429e-10 1.19722e-09 -2.78955e-16 1.47984e-16 1.64648e-09 1.70916e-09 1.88835e-09 1.97107e-09
0.4282 2.48326e-10 2.70685e-10 5.98326e-10 1.21196e-09 -2.91927e-16 1.51258e-16 1.6706e-09 1.71543e-09 1.91893e-09 1.98612e-09
0.428677 2.54939e-10 2.79755e-10 6.03812e-10 1.22638e-09 -3.05465e-16 1.54463e-16 1.69419e-09 1.72031e-09 1.94913e-09 2.00007e-09
0.429153 2.61711e-10 2.89126e-10 6.08842e-10 1.24045e-09 -3.19591e-16 1.57582e-16 1.71716e-09 1.7237e-09 1.97887e-09 2.01283e-09
0.42963 2.68645e-10 2.98809e-10 6.1337e-10 1.25414e-09 -3.34324e-16 1.60597e-16 1.73943e-09 1.72549e-09 2.00808e-09 2.0243e-09
0.430107 2.75742e-10 3.08811e-10 6.17345e-10 1.26739e-09 -3.49686e-16 1.63487e-16 1.7609e-09 1.72557e-09 2.03664e-09 2.03438e-09
0.430584 2.83004e-10 3.19143e-10 6.20715e-10 1.28016e-09 -3.65698e-16 1.66231e-16 1.78146e-09 1.72382e-09 2.06447e-09 2.04297e-09
0.431061 2.90435e-10 3.29814e-10 6.23423e-10 1.29241e-09 -3.8238e-16 1.68803e-16 1.80101e-09 1.72012e-09 2.09145e-09 2.04994e-09
0.431538 2.98034e-10 3.40833e-10 6.25408e-10 1.30407e-09 -3.99755e-16 1.71178e-16 1.81943e-09 1.71434e-09 2.11746e-09 2.05517e-09
0.432014 3.05804e-10 3.52211e-10 6.26607e-10 1.3151e-09 -4.17844e-16 1.73328e-16 1.83658e-09 1.70634e-09 2.14238e-09 2.05855e-09
0.432491 3.13747e-10 3.63958e-10 6.26949e-10 1.32543e-09 -4.36666e-16 1.75221e-16 1.85234e-09 1.69599e-09 2.16608e-09 2.05994e-09
0.432968 3.21864e-10 3.76083e-10 6.26364e-10 1.335e-09 -4.56243e-16 1.76825e-16 1.86656e-09 1.68313e-09 2.18842e-09 2.05921e-09
0.433445 3.30155e-10 3.88596e-10 6.24773e-10 1.34376e-09 -4.76596e-16 1.78103e-16 1.87908e-09 1.66761e-09 2.20924e-09 2.0562e-09
0.433922 3.38622e-10 4.01509e-10 6.22095e-10 1.35163e-09 -4.97744e-16 1.79018e-16 1.88975e-09 1.64926e-09 2.22837e-09 2.05077e-09
0.434399 3.47266e-10 4.14831e-10 6.18241e-10 1.35853e-09 -5.19706e-16 1.79528e-16 1.89838e-09 1.62793e-09 2.24565e-09 2.04276e-09
0.434875 3.56086e-10 4.28573e-10 6.13121e-10 1.36441e-09 -5.42501e-16 1.79587e-16 1.90479e-09 1.60343e-09 2.26088e-09 2.03201e-09
0.435352 3.65084e-10 4.42744e-10 6.06635e-10 1.36917e-09 -5.66146e-16 1.7915e-16 1.90879e-09 1.57559e-09 2.27388e-09 2.01833e-09
0.435829 3.74258e-10 4.57356e-10 5.9868e-10 1.37274e-09 -5.90657e-16 1.78163e-16 1.91017e-09 1.5442e-09 2.28442e-09 2.00156e-09
0.436306 3.83608e-10 4.72419e-10 5.89146e-10 1.37502e-09 -6.16049e-16 1.76573e-16 1.90869e-09 1.50907e-09 2.2923e-09 1.98149e-09
0.436783 3.93134e-10 4.87943e-10 5.77917e-10 1.37594e-09 -6.42335e-16 1.74321e-16 1.90413e-09 1.47001e-09 2.29726e-09 1.95795e-09
0.43726 4.02834e-10 5.03938e-10 5.6487e-10 1.37538e-09 -6.69526e-16 1.71346e-16 1.89623e-09 1.42678e-09 2.29906e-09 1.93071e-09
0.437737 4.12707e-10 5.20415e-10 5.49875e-10 1.37326e-09 -6.97631e-16 1.67579e-16 1.88472e-09 1.37917e-09 2.29743e-09 1.89958e-09
0.438213 4.22749e-10 5.37382e-10 5.32794e-10 1.36946e-09 -7.26657e-16 1.62952e-16 1.86933e-09 1.32694e-09 2.29208e-09 1.86432e-09
0.43869 4.3296e-10 5.5485e-10 5.13481e-10 1.36389e-09 -7.56608e-16 1.5739e-16 1.84976e-09 1.26986e-09 2.28272e-09 1.82471e-09
0.439167 4.43335e-10 5.72829e-10 4.91786e-10 1.35642e-09 -7.87485e-16 1.50813e-16 1.82569e-09 1.20769e-09 2.26903e-09 1.78051e-09
0.439644 4.53871e-10 5.91326e-10 4.67544e-10 1.34694e-09 -8.19284e-16 1.43137e-16 1.79679e-09 1.14015e-09 2.25066e-09 1.73148e-09
0.440121 4.64564e-10 6.10351e-10 4.40588e-10 1.33532e-09 -8.51999e-16 1.34275e-16 1.76271e-09 1.06699e-09 2.22727e-09 1.67734e-09
0.440598 4.75409e-10 6.29912e-10 4.10736e-10 1.32144e-09 -8.8562e-16 1.24133e-16 1.72306e-09 9.87933e-10 2.19847e-09 1.61784e-09
0.441074 4.864e-10 6.50017e-10 3.77802e-10 1.30517e-09 -9.2013e-16 1.12612e-16 1.67747e-09 9.02695e-10 2.16387e-09 1.55271e-09
0.441551 4.97532e-10 6.70672e-10 3.41585e-10 1.28635e-09 -9.55509e-16 9.96117e-17 1.62552e-09 8.10986e-10 2.12305e-09 1.48166e-09
0.442028 5.08796e-10 6.91883e-10 3.01878e-10 1.26486e-09 -9.9173e-16 8.50226e-17 1.56677e-09 7.12506e-10 2.07557e-09 1.40439e-09
0.442505 5.20187e-10 7.13658e-10 2.58462e-10 1.24053e-09 -1.02876e-15 6.87326e-17 1.50077e-09 6.06945e-10 2.02095e-09 1.3206e-09
0.442982 5.31694e-10 7.35999e-10 2.11107e-10 1.21322e-09 -1.06656e-15 5.06244e-17 1.42702e-09 4.93988e-10 1.95872e-09 1.22999e-09
0.443459 5.43309e-10 7.58912e-10 1.5957e-10 1.18276e-09 -1.10508e-15 3.0576e-17 1.34504e-09 3.73311e-10 1.88835e-09 1.13222e-09
0.443935 5.55021e-10 7.82399e-10 1.036e-10 1.14898e-09 -1.14427e-15 8.46073e-18 1.25427e-09 2.4458e-10 1.80929e-09 1.02698e-09
0.444412 5.66819e-10 8.0646e-10 4.2931e-11 1.11172e-09 -1.18407e-15 -1.58523e-17 1.15417e-09 1.07456e-10 1.72099e-09 9.13916e-10
0.444889 5.78691e-10 8.31097e-10 -2.27138e-11 1.0708e-09 -1.2244e-15 -4.24981e-17 1.04415e-09 -3.84082e-11 1.62284e-09 7.92689e-10
0.445366 5.90623e-10 8.56309e-10 -9.36246e-11 1.02603e-09 -1.26517e-15 -7.16154e-17 9.23599e-10 -1.93365e-10 1.51422e-09 6.62944e-10
0.445843 6.02601e-10 8.82092e-10 -1.70104e-10 9.77223e-10 -1.3063e-15 -1.03346e-16 7.91868e-10 -3.57774e-10 1.39447e-09 5.24317e-10
0.44632 6.14609e-10 9.08442e-10 -2.52469e-10 9.24186e-10 -1.34768e-15 -1.37836e-16 6.48289e-10 -5.32001e-10 1.2629e-09 3.76441e-10
0.446796 6.2663e-10 9.35353e-10 -3.41049e-10 8.66721e-10 -1.3892e-15 -1.75232e-16 4.9216e-10 -7.16415e-10 1.11879e-09 2.18937e-10
0.447273 6.38647e-10 9.62816e-10 -4.36188e-10 8.04621e-10 -1.43072e-15 -2.15682e-16 3.22748e-10 -9.1139e-10 9.61395e-10 5.14257e-11
0.44775 6.50639e-10 9.9082e-10 -5.38244e-10 7.37679e-10 -1.4721e-15 -2.59337e-16 1.39291e-10 -1.1173e-09 7.8993e-10 -1.26482e-10
0.448227 6.62586e-10 1.01935e-09 -6.47588e-10 6.65678e-10 -1.51319e-15 -3.06345e-16 -5.90085e-11 -1.33453e-09 6.03578e-10 -3.15177e-10
0.448704 6.74466e-10 1.0484e-09 -7.64608e-10 5.88401e-10 -1.55381e-15 -3.56856e-16 -2.72978e-10 -1.56346e-09 4.01489e-10 -5.15057e-10
0.449181 6.86255e-10 1.07794e-09 -8.89704e-10 5.05623e-10 -1.59378e-15 -4.11015e-16 -5.03477e-10 -1.80446e-09 1.82778e-10 -7.26518e-10
0.449657 6.97928e-10 1.10795e-09 -1.02329e-09 4.17119e-10 -1.6329e-15 -4.68963e-16 -7.514e-10 -2.05792e-09 -5.3472e-11 -9.49962e-10
0.450134 7.09459e-10 1.13842e-09 -1.1658e-09 3.22656e-10 -1.67094e-15 -5.30839e-16 -1.01767e-09 -2.3242e-09 -3.08215e-10 -1.18579e-09
0.450611 7.20818e-10 1.1693e-09 -1.31768e-09 2.22002e-10 -1.70768e-15 -5.96772e-16 -1.30326e-09 -2.6037e-09 -5.82439e-10 -1.4344e-09
0.451088 7.31976e-10 1.20057e-09 -1.47938e-09 1.14919e-10 -1.74286e-15 -6.66884e-16 -1.60914e-09 -2.89675e-09 -8.77165e-10 -1.69619e-09
0.451565 7.42903e-10 1.23219e-09 -1.65139e-09 1.16849e-12 -1.77621e-15 -7.41285e-16 -1.93635e-09 -3.20374e-09 -1.19345e-09 -1.97155e-09
0.452042 7.53564e-10 1.26412e-09 -1.83417e-09 -1.19489e-10 -1.80744e-15 -8.20073e-16 -2.28595e-09 -3.525e-09 -1.53238e-09 -2.26088e-09
0.452518 7.63924e-10 1.29632e-09 -2.02825e-09 -2.47296e-10 -1.83626e-15 -9.0333e-16 -2.65901e-09 -3.86087e-09 -1.89508e-09 -2.56455e-09
0.452995 7.73949e-10 1.32873e-09 -2.23412e-09 -3.82494e-10 -1.86233e-15 -9.91122e-16 -3.05666e-09 -4.21167e-09 -2.28271e-09 -2.88294e-09
0.453472 7.83598e-10 1.3613e-09 -2.45232e-09 -5.25323e-10 -1.88534e-15 -1.08349e-15 -3.48005e-09 -4.5777e-09 -2.69645e-09 -3.2164e-09
0.453949 7.92832e-10 1.39398e-09 -2.68339e-09 -6.76024e-10 -1.90492e-15 -1.18046e-15 -3.93034e-09 -4.95926e-09 -3.13751e-09 -3.56528e-09
0.454426 8.01611e-10 1.42669e-09 -2.92786e-09 -8.34834e-10 -1.9207e-15 -1.28201e-15 -4.40874e-09 -5.3566e-09 -3.60713e-09 -3.92991e-09
0.454903 8.0989e-10 1.45936e-09 -3.1863e-09 -1.00199e-09 -1.93232e-15 -1.38812e-15 -4.91647e-09 -5.76997e-09 -4.10658e-09 -4.31061e-09
0.455379 8.17624e-10 1.49191e-09 -3.45926e-09 -1.17771e-09 -1.93939e-15 -1.49871e-15 -5.45478e-09 -6.19957e-09 -4.63716e-09 -4.70765e-09
0.455856 8.24768e-10 1.52426e-09 -3.74733e-09 -1.36224e-09 -1.94149e-15 -1.61366e-15 -6.02492e-09 -6.64558e-09 -5.20016e-09 -5.12132e-09
0.456333 8.31274e-10 1.55631e-09 -4.05108e-09 -1.55578e-09 -1.93823e-15 -1.73284e-15 -6.62818e-09 -7.10816e-09 -5.79691e-09 -5.55184e-09
0.45681 8.37093e-10 1.58797e-09 -4.37109e-09 -1.75854e-09 -1.9292e-15 -1.85604e-15 -7.26584e-09 -7.5874e-09 -6.42875e-09 -5.99943e-09
0.457287 8.42173e-10 1.61911e-09 -4.70793e-09 -1.97074e-09 -1.914e-15 -1.98301e-15 -7.93919e-09 -8.08337e-09 -7.09702e-09 -6.46426e-09
0.457764 8.46463e-10 1.64964e-09 -5.0622e-09 -2.19255e-09 -1.89221e-15 -2.11346e-15 -8.64953e-09 -8.59609e-09 -7.80307e-09 -6.94645e-09
0.458241 8.49911e-10 1.67941e-09 -5.43446e-09 -2.42416e-09 -1.86344e-15 -2.24702e-15 -9.39816e-09 -9.12553e-09 -8.54825e-09 -7.44612e-09
0.458717 8.52462e-10 1.70829e-09 -5.82529e-09 -2.66573e-09 -1.82731e-15 -2.38327e-15 -1.01864e-08 -9.6716e-09 -9.3339e-09 -7.96331e-09
0.459194 8.54062e-10 1.73615e-09 -6.23524e-09 -2.91742e-09 -1.78346e-15 -2.52171e-15 -1.10154e-08 -1.02342e-08 -1.01613e-08 -8.49802e-09
0.459671 8.54657e-10 1.76282e-09 -6.66487e-09 -3.17935e-09 -1.73155e-15 -2.6618e-15 -1.18865e-08 -1.0813e-08 -1.10319e-08 -9.0502e-09
0.460148 8.5419e-10 1.78815e-09 -7.1147e-09 -3.45164e-09 -1.67129e-15 -2.80289e-15 -1.28009e-08 -1.14079e-08 -1.19468e-08 -9.61974e-09
0.460625 8.52606e-10 1.81195e-09 -7.58525e-09 -3.73438e-09 -1.60241e-15 -2.94427e-15 -1.37599e-08 -1.20184e-08 -1.29072e-08 -1.02065e-08
0.461102 8.49851e-10 1.83405e-09 -8.077e-09 -4.02766e-09 -1.5247e-15 -3.08515e-15 -1.47644e-08 -1.26442e-08 -1.39145e-08 -1.08102e-08
0.461578 8.45869e-10 1.85424e-09 -8.59041e-09 -4.33151e-09 -1.43803e-15 -3.22465e-15 -1.58156e-08 -1.32848e-08 -1.49697e-08 -1.14306e-08
0.462055 8.40607e-10 1.87232e-09 -9.12589e-09 -4.64596e-09 -1.34229e-15 -3.3618e-15 -1.69145e-08 -1.39395e-08 -1.60739e-08 -1.20672e-08
0.462532 8.34013e-10 1.88808e-09 -9.68384e-09 -4.97101e-09 -1.23752e-15 -3.49557e-15 -1.8062e-08 -1.46078e-08 -1.7228e-08 -1.27197e-08
0.463009 8.26034e-10 1.90127e-09 -1.02646e-08 -5.30662e-09 -1.12378e-15 -3.62481e-15 -1.92589e-08 -1.52888e-08 -1.84329e-08 -1.33875e-08
0.463486 8.16623e-10 1.91167e-09 -1.08684e-08 -5.65272e-09 -1.0013e-15 -3.74831e-15 -2.05061e-08 -1.59817e-08 -1.96895e-08 -1.407e-08
0.463963 8.05734e-10 1.91902e-09 -1.14956e-08 -6.00923e-09 -8.7039e-16 -3.86476e-15 -2.18041e-08 -1.66855e-08 -2.09983e-08 -1.47665e-08
0.464439 7.93322e-10 1.92305e-09 -1.21462e-08 -6.37602e-09 -7.31498e-16 -3.97279e-15 -2.31533e-08 -1.73993e-08 -2.236e-08 -1.54762e-08
0.464916 7.79348e-10 1.92349e-09 -1.28204e-08 -6.7529e-09 -5.85223e-16 -4.07095e-15 -2.45542e-08 -1.81217e-08 -2.37748e-08 -1.61983e-08
0.465393 7.63778e-10 1.92005e-09 -1.35182e-08 -7.13969e-09 -4.32321e-16 -4.15771e-15 -2.60068e-08 -1.88517e-08 -2.52431e-08 -1.69316e-08
0.46587 7.46578e-10 1.91243e-09 -1.42395e-08 -7.53613e-09 -2.7372e-16 -4.2315e-15 -2.75113e-08 -1.95877e-08 -2.67647e-08 -1.76752e-08
0.466347 7.27725e-10 1.90033e-09 -1.49841e-08 -7.94195e-09 -1.10536e-16 -4.2907e-15 -2.90674e-08 -2.03283e-08 -2.83397e-08 -1.8428e-08
0.466824 7.07199e-10 1.88343e-09 -1.57518e-08 -8.35682e-09 5.59164e-17 -4.33366e-15 -3.06746e-08 -2.10719e-08 -2.99674e-08 -1.91885e-08
0.4673 6.84987e-10 1.86139e-09 -1.65422e-08 -8.78038e-09 2.24109e-16 -4.35871e-15 -3.23324e-08 -2.18168e-08 -3.16474e-08 -1.99554e-08
0.467777 6.61084e-10 1.83389e-09 -1.73548e-08 -9.21222e-09 3.92288e-16 -4.36418e-15 -3.40399e-08 -2.25612e-08 -3.33788e-08 -2.07273e-08
0.468254 6.35491e-10 1.80057e-09 -1.81889e-08 -9.65189e-09 5.58467e-16 -4.34843e-15 -3.57958e-08 -2.33031e-08 -3.51603e-08 -2.15026e-08
0.468731 6.08222e-10 1.76108e-09 -1.90439e-08 -1.00989e-08 7.20413e-16 -4.30988e-15 -3.75987e-08 -2.40406e-08 -3.69905e-08 -2.22795e-08
0.469208 5.79297e-10 1.71506e-09 -1.99187e-08 -1.05527e-08 8.75643e-16 -4.247e-15 -3.94469e-08 -2.47715e-08 -3.88676e-08 -2.30564e-08
0.469685 5.48747e-10 1.66215e-09 -2.08124e-08 -1.10128e-08 1.02142e-15 -4.15837e-15 -4.13383e-08 -2.54935e-08 -4.07896e-08 -2.38314e-08
0.470161 5.16616e-10 1.60198e-09 -2.17236e-08 -1.14785e-08 1.15474e-15 -4.04273e-15 -4.32705e-08 -2.62045e-08 -4.27538e-08 -2.46025e-08
0.470638 4.82958e-10 1.53418e-09 -2.26511e-08 -1.19492e-08 1.27237e-15 -3.89897e-15 -4.52406e-08 -2.69019e-08 -4.47576e-08 -2.53677e-08
0.471115 4.47842e-10 1.45838e-09 -2.35931e-08 -1.24242e-08 1.37079e-15 -3.7262e-15 -4.72454e-08 -2.75834e-08 -4.67976e-08 -2.6125e-08
0.471592 4.11346e-10 1.3742e-09 -2.4548e-08 -1.29028e-08 1.44628e-15 -3.52377e-15 -4.92815e-08 -2.82463e-08 -4.88701e-08 -2.68721e-08
0.472069 3.73567e-10 1.28129e-09 -2.55138e-08 -1.33842e-08 1.49485e-15 -3.29133e-15 -5.13448e-08 -2.88883e-08 -5.09712e-08 -2.7607e-08
0.472546 3.34614e-10 1.17928e-09 -2.64882e-08 -1.38676e-08 1.51236e-15 -3.02886e-15 -5.34308e-08 -2.95066e-08 -5.30962e-08 -2.83273e-08
0.473022 2.94613e-10 1.06782e-09 -2.7469e-08 -1.43524e-08 1.49443e-15 -2.73672e-15 -5.55347e-08 -3.00986e-08 -5.52401e-08 -2.90308e-08
0.473499 2.53703e-10 9.46571e-10 -2.84536e-08 -1.48376e-08 1.43658e-15 -2.41571e-15 -5.76513e-08 -3.06618e-08 -5.73976e-08 -2.97153e-08
0.473976 2.12043e-10 8.15193e-10 -2.94391e-08 -1.53225e-08 1.3342e-15 -2.06706e-15 -5.97746e-08 -3.11936e-08 -5.95626e-08 -3.03784e-08
0.474453 1.69807e-10 6.73378e-10 -3.04225e-08 -1.58062e-08 1.18262e-15 -1.69254e-15 -6.18985e-08 -3.16914e-08 -6.17287e-08 -3.1018e-08
0.47493 1.27186e-10 5.2083e-10 -3.14006e-08 -1.62879e-08 9.77138e-16 -1.29447e-15 -6.40161e-08 -3.21527e-08 -6.38889e-08 -3.16319e-08
0.475407 8.4389e-11 3.57277e-10 -3.237e-08 -1.67668e-08 7.13128e-16 -8.75751e-16 -6.61203e-08 -3.25751e-08 -6.6036e-08 -3.22178e-08
0.475883 4.16414e-11 1.8247e-10 -3.33268e-08 -1.72421e-08 3.86056e-16 -4.39897e-16 -6.82035e-08 -3.29564e-08 -6.81618e-08 -3.27739e-08
0.47636 -8.13296e-13 -3.80906e-12 -3.42673e-08 -1.7713e-08 -8.42754e-18 8.91445e-18 -7.02573e-08 -3.32944e-08 -7.02581e-08 -3.32982e-08
0.476837 -4.27149e-11 -2.01748e-10 -3.51873e-08 -1.81789e-08 -4.74406e-16 4.6584e-16 -7.22733e-08 -3.35871e-08 -7.2316e-08 -3.37888e-08
0.477314 -8.37863e-11 -4.11499e-10 -3.60825e-08 -1.86389e-08 -1.01562e-15 9.25352e-16 -7.42423e-08 -3.38327e-08 -7.43261e-08 -3.42442e-08
0.477791 -1.23735e-10 -6.33174e-10 -3.69484e-08 -1.90926e-08 -1.63537e-15 1.38123e-15 -7.61549e-08 -3.40298e-08 -7.62786e-08 -3.46629e-08
0.478268 -1.62251e-10 -8.66842e-10 -3.77803e-08 -1.95392e-08 -2.33643e-15 1.82658e-15 -7.80011e-08 -3.41769e-08 -7.81634e-08 -3.50438e-08
0.478745 -1.99014e-10 -1.11253e-09 -3.85733e-08 -1.99783e-08 -3.12094e-15 2.25385e-15 -7.97708e-08 -3.42731e-08 -7.99698e-08 -3.53857e-08
0.479221 -2.33685e-10 -1.3702e-09 -3.93224e-08 -2.04095e-08 -3.99032e-15 2.65482e-15 -8.14532e-08 -3.43178e-08 -8.16868e-08 -3.5688e-08
0.479698 -2.65918e-10 -1.63979e-09 -4.00225e-08 -2.08325e-08 -4.94516e-15 3.02073e-15 -8.30374e-08 -3.43105e-08 -8.33033e-08 -3.59503e-08
0.480175 -2.95353e-10 -1.92114e-09 -4.06683e-08 -2.12471e-08 -5.98514e-15 3.34226e-15 -8.45124e-08 -3.42513e-08 -8.48077e-08 -3.61725e-08
0.480652 -3.21625e-10 -2.21407e-09 -4.12544e-08 -2.16531e-08 -7.1089e-15 3.60965e-15 -8.58666e-08 -3.41407e-08 -8.61882e-08 -3.63548e-08
0.481129 -3.44358e-10 -2.51832e-09 -4.17755e-08 -2.20505e-08 -8.314e-15 3.81277e-15 -8.70886e-08 -3.39795e-08 -8.7433e-08 -3.64978e-08
0.481606 -3.63175e-10 -2.83356e-09 -4.2226e-08 -2.24396e-08 -9.59678e-15 3.94125e-15 -8.81668e-08 -3.37691e-08 -8.853e-08 -3.66027e-08
0.482082 -3.77697e-10 -3.15939e-09 -4.26005e-08 -2.28206e-08 -1.09524e-14 3.98459e-15 -8.90895e-08 -3.35114e-08 -8.94672e-08 -3.66708e-08
0.482559 -3.87545e-10 -3.49535e-09 -4.28936e-08 -2.31939e-08 -1.23745e-14 3.93227e-15 -8.98451e-08 -3.32086e-08 -9.02327e-08 -3.6704e-08
0.483036 -3.92342e-10 -3.8409e-09 -4.30999e-08 -2.35602e-08 -1.38557e-14 3.77397e-15 -9.04221e-08 -3.28637e-08 -9.08145e-08 -3.67046e-08
0.483513 -3.91722e-10 -4.19545e-09 -4.32142e-08 -2.39201e-08 -1.5387e-14 3.49967e-15 -9.08094e-08 -3.24801e-08 -9.12011e-08 -3.66755e-08
0.48399 -3.85324e-10 -4.55829e-09 -4.32314e-08 -2.42747e-08 -1.69581e-14 3.09986e-15 -9.09958e-08 -3.20616e-08 -9.13811e-08 -3.66199e-08
0.484467 -3.72805e-10 -4.92867e-09 -4.31466e-08 -2.46249e-08 -1.85572e-14 2.56573e-15 -9.09708e-08 -3.16128e-08 -9.13436e-08 -3.65415e-08
0.484943 -3.53835e-10 -5.30577e-09 -4.2955e-08 -2.4972e-08 -2.01714e-14 1.88934e-15 -9.07244e-08 -3.11389e-08 -9.10782e-08 -3.64446e-08
0.48542 -3.28106e-10 -5.68866e-09 -4.26524e-08 -2.53175e-08 -2.17864e-14 1.06383e-15 -9.02469e-08 -3.06453e-08 -9.0575e-08 -3.63339e-08
0.485897 -2.95336e-10 -6.07639e-09 -4.22346e-08 -2.56629e-08 -2.33867e-14 8.36054e-17 -8.95294e-08 -3.01382e-08 -8.98248e-08 -3.62146e-08
0.486374 -2.55266e-10 -6.4679e-09 -4.16979e-08 -2.60099e-08 -2.4956e-14 -1.05546e-15 -8.8564e-08 -2.96243e-08 -8.88192e-08 -3.60922e-08
0.486851 -2.07673e-10 -6.86207e-09 -4.10389e-08 -2.63604e-08 -2.64769e-14 -2.35586e-15 -8.73432e-08 -2.91107e-08 -8.75509e-08 -3.59728e-08
0.487328 -1.52367e-10 -7.25774e-09 -4.0255e-08 -2.67165e-08 -2.79313e-14 -3.81828e-15 -8.58608e-08 -2.86051e-08 -8.60132e-08 -3.58628e-08
0.487804 -8.91957e-11 -7.65366e-09 -3.93436e-08 -2.70801e-08 -2.93007e-14 -5.44145e-15 -8.41116e-08 -2.81155e-08 -8.42008e-08 -3.57691e-08
0.488281 -1.80503e-11 -8.04855e-09 -3.8303e-08 -2.74537e-08 -3.05662e-14 -7.222e-15 -8.20913e-08 -2.76503e-08 -8.21094e-08 -3.56989e-08
0.488758 6.11338e-11 -8.44107e-09 -3.7132e-08 -2.78395e-08 -3.1709e-14 -9.1544e-15 -7.97972e-08 -2.72183e-08 -7.9736e-08 -3.56594e-08
0.489235 1.48373e-10 -8.82984e-09 -3.583e-08 -2.824e-08 -3.27105e-14 -1.12308e-14 -7.72274e-08 -2.68286e-08 -7.70791e-08 -3.56585e-08
0.489712 2.43634e-10 -9.21346e-09 -3.43969e-08 -2.86576e-08 -3.35527e-14 -1.34412e-14 -7.43819e-08 -2.64905e-08 -7.41383e-08 -3.57039e-08
0.490189 3.46829e-10 -9.59048e-09 -3.28336e-08 -2.90949e-08 -3.42181e-14 -1.57732e-14 -7.12617e-08 -2.62132e-08 -7.09149e-08 -3.58037e-08
0.490665 4.57817e-10 -9.95944e-09 -3.11413e-08 -2.95544e-08 -3.46908e-14 -1.82121e-14 -6.78695e-08 -2.60064e-08 -6.74117e-08 -3.59659e-08
0.491142 5.76399e-10 -1.03189e-08 -2.93223e-08 -3.00387e-08 -3.49559e-14 -2.07412e-14 -6.42095e-08 -2.58796e-08 -6.36331e-08 -3.61984e-08
0.491619 7.0232e-10 -1.06673e-08 -2.73794e-08 -3.05501e-08 -3.50005e-14 -2.33416e-14 -6.02874e-08 -2.5842e-08 -5.95851e-08 -3.65093e-08
0.492096 8.35265e-10 -1.10033e-08 -2.53162e-08 -3.10912e-08 -3.48135e-14 -2.59927e-14 -5.61106e-08 -2.5903e-08 -5.52753e-08 -3.69064e-08
0.492573 9.74863e-10 -1.13254e-08 -2.31371e-08 -3.16642e-08 -3.43861e-14 -2.86721e-14 -5.16878e-08 -2.60716e-08 -5.07129e-08 -3.7397e-08
0.49305 1.12069e-09 -1.16323e-08 -2.08471e-08 -3.22713e-08 -3.37119e-14 -3.1356e-14 -4.70296e-08 -2.63563e-08 -4.59089e-08 -3.79886e-08
0.493526 1.27224e-09 -1.19224e-08 -1.84521e-08 -3.29145e-08 -3.27874e-14 -3.40196e-14 -4.21479e-08 -2.67654e-08 -4.08757e-08 -3.86878e-08
0.494003 1.429e-09 -1.21946e-08 -1.59586e-08 -3.35957e-08 -3.16118e-14 -3.66374e-14 -3.70564e-08 -2.73066e-08 -3.56274e-08 -3.95012e-08
0.49448 1.59036e-09 -1.24475e-08 -1.33739e-08 -3.43165e-08 -3.01871e-14 -3.91831e-14 -3.177e-08 -2.79869e-08 -3.01797e-08 -4.04343e-08
0.494957 1.75567e-09 -1.26799e-08 -1.07058e-08 -3.50783e-08 -2.85186e-14 -4.16308e-14 -2.63052e-08 -2.88126e-08 -2.45495e-08 -4.14926e-08
0.495434 1.92426e-09 -1.28909e-08 -7.96296e-09 -3.58821e-08 -2.66146e-14 -4.39545e-14 -2.06797e-08 -2.97894e-08 -1.87554e-08 -4.26803e-08
0.495911 2.09538e-09 -1.30792e-08 -5.15436e-09 -3.67289e-08 -2.44863e-14 -4.61292e-14 -1.49124e-08 -3.0922e-08 -1.2817e-08 -4.40012e-08
0.496387 2.26827e-09 -1.3244e-08 -2.28966e-09 -3.76191e-08 -2.21481e-14 -4.8131e-14 -9.02351e-09 -3.22142e-08 -6.75524e-09 -4.54582e-08
0.496864 2.44211e-09 -1.33845e-08 6.21018e-10 -3.85529e-08 -1.96171e-14 -4.99374e-14 -3.03417e-09 -3.36689e-08 -5.92056e-10 -4.70534e-08
0.497341 2.61609e-09 -1.35e-08 3.56717e-09 -3.95301e-08 -1.69129e-14 -5.15277e-14 3.03362e-09 -3.52877e-08 5.64971e-09 -4.87877e-08
0.497818 2.78933e-09 -1.35898e-08 6.53792e-09 -4.05503e-08 -1.40578e-14 -5.28837e-14 9.15708e-09 -3.70715e-08 1.19464e-08 -5.06613e-08
0.498295 2.96098e-09 -1.36535e-08 9.52212e-09 -4.16124e-08 -1.1076e-14 -5.39895e-14 1.53128e-08 -3.90198e-08 1.82738e-08 -5.26733e-08
0.498772 3.13015e-09 -1.36908e-08 1.25084e-08 -4.27152e-08 -7.99362e-15 -5.48321e-14 2.14771e-08 -4.1131e-08 2.46072e-08 -5.48218e-08
0.499249 3.29595e-09 -1.37014e-08 1.54853e-08 -4.3857e-08 -4.83815e-15 -5.54014e-14 2.76257e-08 -4.34024e-08 3.09216e-08 -5.71038e-08
0.499725 3.45751e-09 -1.36853e-08 1.84413e-08 -4.50358e-08 -1.63819e-15 -5.56906e-14 3.37344e-08 -4.58301e-08 3.71919e-08 -5.95154e-08
0.500202 3.61396e-09 -1.36425e-08 2.13649e-08 -4.6249e-08 1.57704e-15 -5.56963e-14 3.97791e-08 -4.8409e-08 4.3393e-08 -6.20516e-08
0.500679 3.76444e-09 -1.35733e-08 2.42446e-08 -4.74941e-08 4.77807e-15 -5.54183e-14 4.57357e-08 -5.1133e-08 4.95002e-08 -6.47063e-08
0.501156 3.90812e-09 -1.34779e-08 2.70692e-08 -4.87677e-08 7.93565e-15 -5.486e-14 5.15808e-08 -5.39947e-08 5.54889e-08 -6.74726e-08
0.501633 4.0442e-09 -1.33568e-08 2.98278e-08 -5.00664e-08 1.10211e-14 -5.4028e-14 5.72912e-08 -5.69857e-08 6.13354e-08 -7.03425e-08
0.50211 4.17192e-09 -1.32106e-08 3.25098e-08 -5.13864e-08 1.40069e-14 -5.29321e-14 6.28446e-08 -6.00966e-08 6.70165e-08 -7.33073e-08
0.502586 4.29055e-09 -1.304e-08 3.51048e-08 -5.27237e-08 1.68669e-14 -5.15852e-14 6.82196e-08 -6.33172e-08 7.25102e-08 -7.63572e-08
0.503063 4.39943e-09 -1.28459e-08 3.76033e-08 -5.40738e-08 1.95765e-14 -5.0003e-14 7.33957e-08 -6.66361e-08 7.77951e-08 -7.9482e-08
0.50354 4.49793e-09 -1.26292e-08 3.9996e-08 -5.54321e-08 2.21136e-14 -4.82038e-14 7.83534e-08 -7.00413e-08 8.28514e-08 -8.26704e-08
0.504017 4.58549e-09 -1.23908e-08 4.22742e-08 -5.6794e-08 2.44582e-14 -4.6208e-14 8.30749e-08 -7.352e-08 8.76604e-08 -8.59108e-08
0.504494 4.6616e-09 -1.21321e-08 4.44301e-08 -5.81545e-08 2.65931e-14 -4.4038e-14 8.75434e-08 -7.7059e-08 9.2205e-08 -8.9191e-08
0.504971 4.72582e-09 -1.18541e-08 4.64564e-08 -5.95084e-08 2.85039e-14 -4.17178e-14 9.17436e-08 -8.06442e-08 9.64695e-08 -9.24983e-08
0.505447 4.7778e-09 -1.15582e-08 4.83466e-08 -6.08507e-08 3.0179e-14 -3.92725e-14 9.5662e-08 -8.42615e-08 1.0044e-07 -9.58197e-08
0.505924 4.81722e-09 -1.12459e-08 5.0095e-08 -6.2176e-08 3.161e-14 -3.67278e-14 9.92865e-08 -8.78961e-08 1.04104e-07 -9.9142e-08
0.506401 4.84387e-09 -1.09184e-08 5.16966e-08 -6.34793e-08 3.27915e-14 -3.411e-14 1.02607e-07 -9.15334e-08 1.07451e-07 -1.02452e-07
0.506878 4.85758e-09 -1.05773e-08 5.31473e-08 -6.47554e-08 3.37213e-14 -3.14451e-14 1.05614e-07 -9.51584e-08 1.10472e-07 -1.05736e-07
0.507355 4.85827e-09 -1.02241e-08 5.44439e-08 -6.5999e-08 3.44e-14 -2.87589e-14 1.08302e-07 -9.87562e-08 1.13161e-07 -1.0898e-07
0.507832 4.84594e-09 -9.86038e-09 5.55838e-08 -6.72052e-08 3.48311e-14 -2.60764e-14 1.10666e-07 -1.02312e-07 1.15512e-07 -1.12173e-07
0.508308 4.82064e-09 -9.48764e-09 5.65656e-08 -6.83692e-08 3.50209e-14 -2.34215e-14 1.12701e-07 -1.05812e-07 1.17522e-07 -1.153e-07
0.508785 4.7825e-09 -9.10746e-09 5.73884e-08 -6.94862e-08 3.49781e-14 -2.08165e-14 1.14407e-07 -1.09241e-07 1.19189e-07 -1.18349e-07
0.509262 4.73173e-09 -8.7214e-09 5.80522e-08 -7.05518e-08 3.47136e-14 -1.82824e-14 1.15783e-07 -1.12586e-07 1.20515e-07 -1.21308e-07
0.509739 4.66859e-09 -8.33098e-09 5.85579e-08 -7.15618e-08 3.42405e-14 -1.58382e-14 1.16832e-07 -1.15834e-07 1.215e-07 -1.24165e-07
0.510216 4.59339e-09 -7.93773e-09 5.8907e-08 -7.25121e-08 3.35734e-14 -1.35007e-14 1.17556e-07 -1.18972e-07 1.2215e-07 -1.2691e-07
0.510693 4.50654e-09 -7.54311e-09 5.91017e-08 -7.33991e-08 3.27286e-14 -1.12849e-14 1.17961e-07 -1.21988e-07 1.22468e-07 -1.29531e-07
0.511169 4.40845e-09 -7.14857e-09 5.91452e-08 -7.42195e-08 3.17234e-14 -9.20311e-15 1.18054e-07 -1.24871e-07 1.22462e-07 -1.3202e-07
0.511646 4.29963e-09 -6.7555e-09 5.9041e-08 -7.49703e-08 3.05758e-14 -7.26571e-15 1.17841e-07 -1.27611e-07 1.2214e-07 -1.34367e-07
0.512123 4.18059e-09 -6.36521e-09 5.87934e-08 -7.56487e-08 2.93046e-14 -5.48058e-15 1.17331e-07 -1.30199e-07 1.21512e-07 -1.36564e-07
0.5126 4.05191e-09 -5.97898e-09 5.84071e-08 -7.62524e-08 2.79286e-14 -3.8534e-15 1.16536e-07 -1.32626e-07 1.20588e-07 -1.38605e-07
0.513077 3.91421e-09 -5.59801e-09 5.78874e-08 -7.67796e-08 2.6467e-14 -2.38762e-15 1.15466e-07 -1.34884e-07 1.1938e-07 -1.40482e-07
0.513554 3.7681e-09 -5.22341e-09 5.724e-08 -7.72287e-08 2.49382e-14 -1.08461e-15 1.14133e-07 -1.36966e-07 1.17901e-07 -1.4219e-07
0.51403 3.61427e-09 -4.85624e-09 5.64712e-08 -7.75985e-08 2.33606e-14 5.62549e-17 1.12551e-07 -1.38868e-07 1.16165e-07 -1.43725e-07
0.514507 3.45338e-09 -4.49746e-09 5.55873e-08 -7.78881e-08 2.17515e-14 1.03741e-15 1.10732e-07 -1.40585e-07 1.14185e-07 -1.45082e-07
0.514984 3.28613e-09 -4.14797e-09 5.45951e-08 -7.80971e-08 2.01276e-14 1.86295e-15 1.08691e-07 -1.42112e-07 1.11977e-07 -1.4626e-07
0.515461 3.11324e-09 -3.80855e-09 5.35015e-08 -7.82255e-08 1.85044e-14 2.53846e-15 1.06443e-07 -1.43448e-07 1.09556e-07 -1.47257e-07
0.515938 2.9354e-09 -3.47993e-09 5.23139e-08 -7.82735e-08 1.68963e-14 3.0708e-15 1.04003e-07 -1.4459e-07 1.06939e-07 -1.4807e-07
0.516415 2.75333e-09 -3.16275e-09 5.10394e-08 -7.82417e-08 1.53164e-14 3.46794e-15 1.01387e-07 -1.45538e-07 1.0414e-07 -1.48701e-07
0.516891 2.56774e-09 -2.85755e-09 4.96854e-08 -7.81311e-08 1.37767e-14 3.73873e-15 9.86087e-08 -1.46293e-07 1.01176e-07 -1.4915e-07
0.517368 2.37932e-09 -2.5648e-09 4.82593e-08 -7.79429e-08 1.22874e-14 3.89272e-15 9.56852e-08 -1.46854e-07 9.80645e-08 -1.49418e-07
0.517845 2.18877e-09 -2.28488e-09 4.67686e-08 -7.76787e-08 1.08577e-14 3.94001e-15 9.26314e-08 -1.47223e-07 9.48202e-08 -1.49508e-07
0.518322 1.99675e-09 -2.01811e-09 4.52205e-08 -7.73402e-08 9.49527e-15 3.89099e-15 8.94629e-08 -1.47405e-07 9.14597e-08 -1.49423e-07
0.518799 1.80391e-09 -1.76471e-09 4.36223e-08 -7.69296e-08 8.20628e-15 3.75625e-15 8.61947e-08 -1.47401e-07 8.79986e-08 -1.49165e-07
0.519276 1.61089e-09 -1.52484e-09 4.19811e-08 -7.64491e-08 6.99576e-15 3.5464e-15 8.28417e-08 -1.47216e-07 8.44526e-08 -1.48741e-07
0.519753 1.41829e-09 -1.29858e-09 4.03038e-08 -7.59012e-08 5.8674e-15 3.2719e-15 7.94184e-08 -1.46854e-07 8.08367e-08 -1.48153e-07
0.520229 1.22669e-09 -1.08597e-09 3.85972e-08 -7.52886e-08 4.82369e-15 2.94297e-15 7.59388e-08 -1.46321e-07 7.71655e-08 -1.47407e-07
0.520706 1.03663e-09 -8.86965e-10 3.68678e-08 -7.46142e-08 3.866e-15 2.56947e-15 7.24166e-08 -1.45623e-07 7.34532e-08 -1.4651e-07
0.521183 8.48644e-10 -7.01458e-10 3.51219e-08 -7.38809e-08 2.99469e-15 2.16081e-15 6.88647e-08 -1.44765e-07 6.97134e-08 -1.45466e-07
0.52166 6.63213e-10 -5.29302e-10 3.33654e-08 -7.30919e-08 2.20915e-15 1.72587e-15 6.52957e-08 -1.43754e-07 6.5959e-08 -1.44284e-07
0.522137 4.80793e-10 -3.70295e-10 3.16041e-08 -7.22503e-08 1.50797e-15 1.27293e-15 6.17215e-08 -1.42598e-07 6.22023e-08 -1.42969e-07
0.522614 3.01807e-10 -2.2419e-10 2.98435e-08 -7.13594e-08 8.88976e-16 8.09636e-16 5.81532e-08 -1.41303e-07 5.8455e-08 -1.41528e-07
0.52309 1.26644e-10 -9.07002e-11 2.80887e-08 -7.04226e-08 3.49369e-16 3.42972e-16 5.46015e-08 -1.39878e-07 5.47281e-08 -1.39968e-07
0.523567 -4.43438e-11 3.04998e-11 2.63444e-08 -6.94432e-08 -1.14192e-16 -1.20776e-16 5.10762e-08 -1.38328e-07 5.10319e-08 -1.38298e-07
0.524044 -2.10834e-10 1.39766e-10 2.46152e-08 -6.84246e-08 -5.05493e-16 -5.76015e-16 4.75867e-08 -1.36664e-07 4.73758e-08 -1.36524e-07
0.524521 -3.72541e-10 2.37483e-10 2.29053e-08 -6.73702e-08 -8.28672e-16 -1.01784e-15 4.41414e-08 -1.34891e-07 4.37688e-08 -1.34653e-07
0.524998 -5.29209e-10 3.2406e-10 2.12184e-08 -6.62833e-08 -1.08813e-15 -1.44204e-15 4.07481e-08 -1.33019e-07 4.02189e-08 -1.32694e-07
0.525475 -6.80619e-10 3.99926e-10 1.95582e-08 -6.51672e-08 -1.28847e-15 -1.84505e-15 3.74142e-08 -1.31054e-07 3.67336e-08 -1.30654e-07
0.525951 -8.26579e-10 4.65527e-10 1.79278e-08 -6.40253e-08 -1.43438e-15 -2.22392e-15 3.41461e-08 -1.29006e-07 3.33195e-08 -1.2854e-07
0.526428 -9.6693e-10 5.21321e-10 1.63301e-08 -6.28606e-08 -1.53063e-15 -2.57633e-15 3.09496e-08 -1.26881e-07 2.99827e-08 -1.2636e-07
0.526905 -1.10154e-09 5.67776e-10 1.47677e-08 -6.16765e-08 -1.58195e-15 -2.9005e-15 2.783e-08 -1.24687e-07 2.67284e-08 -1.2412e-07
0.527382 -1.23032e-09 6.05369e-10 1.3243e-08 -6.04759e-08 -1.59302e-15 -3.19517e-15 2.47918e-08 -1.22433e-07 2.35615e-08 -1.21827e-07
0.527859 -1.35317e-09 6.34577e-10 1.17579e-08 -5.92618e-08 -1.5684e-15 -3.45954e-15 2.1839e-08 -1.20124e-07 2.04858e-08 -1.1949e-07
0.528336 -1.47006e-09 6.5588e-10 1.03141e-08 -5.8037e-08 -1.5125e-15 -3.69327e-15 1.8975e-08 -1.17769e-07 1.75049e-08 -1.17114e-07
0.528812 -1.58096e-09 6.69755e-10 8.91324e-09 -5.68043e-08 -1.42957e-15 -3.89638e-15 1.62026e-08 -1.15375e-07 1.46217e-08 -1.14705e-07
0.529289 -1.68587e-09 6.76678e-10 7.55642e-09 -5.55663e-08 -1.32361e-15 -4.06925e-15 1.35243e-08 -1.12947e-07 1.18384e-08 -1.1227e-07
0.529766 -1.78481e-09 6.77117e-10 6.24464e-09 -5.43256e-08 -1.19844e-15 -4.21253e-15 1.09417e-08 -1.10493e-07 9.15688e-09 -1.09815e-07
0.530243 -1.8778e-09 6.71532e-10 4.97867e-09 -5.30846e-08 -1.05759e-15 -4.32715e-15 8.45623e-09 -1.08018e-07 6.57843e-09 -1.07346e-07
0.53072 -1.96492e-09 6.60373e-10 3.75905e-09 -5.18455e-08 -9.04378e-16 -4.41423e-15 6.06881e-09 -1.05529e-07 4.10389e-09 -1.04868e-07
0.531197 -2.04622e-09 6.44083e-10 2.58612e-09 -5.06105e-08 -7.41834e-16 -4.47509e-15 3.77991e-09 -1.0303e-07 1.73369e-09 -1.02386e-07
0.531673 -2.12181e-09 6.23088e-10 1.46004e-09 -4.93816e-08 -5.72739e-16 -4.51117e-15 1.58964e-09 -1.00529e-07 -5.32169e-10 -9.99056e-08
0.53215 -2.19178e-09 5.97803e-10 3.80805e-10 -4.81606e-08 -3.99611e-16 -4.52402e-15 -5.02254e-10 -9.80285e-08 -2.69403e-09 -9.74307e-08
0.532627 -2.25624e-09 5.68631e-10 -6.51766e-10 -4.69494e-08 -2.24714e-16 -4.51527e-15 -2.49635e-09 -9.55346e-08 -4.75258e-09 -9.4966e-08
0.533104 -2.31531e-09 5.35956e-10 -1.63799e-09 -4.57497e-08 -5.00626e-17 -4.48661e-15 -4.39352e-09 -9.30514e-08 -6.70884e-09 -9.25154e-08
0.533581 -2.36915e-09 5.00149e-10 -2.57831e-09 -4.45628e-08 1.22567e-16 -4.43973e-15 -6.19492e-09 -9.0583e-08 -8.56407e-09 -9.00829e-08
0.534058 -2.41787e-09 4.61564e-10 -3.4733e-09 -4.33903e-08 2.91627e-16 -4.37633e-15 -7.90195e-09 -8.81334e-08 -1.03198e-08 -8.76718e-08
0.534534 -2.46164e-09 4.20541e-10 -4.32365e-09 -4.22333e-08 4.55787e-16 -4.29812e-15 -9.51621e-09 -8.57061e-08 -1.19779e-08 -8.52855e-08
0.535011 -2.50062e-09 3.77401e-10 -5.13012e-09 -4.10931e-08 6.1392e-16 -4.20674e-15 -1.10395e-08 -8.33044e-08 -1.35401e-08 -8.2927e-08
0.535488 -2.53495e-09 3.3245e-10 -5.89358e-09 -3.99707e-08 7.65091e-16 -4.1038e-15 -1.24739e-08 -8.09314e-08 -1.50088e-08 -8.0599e-08
0.535965 -2.56481e-09 2.85976e-10 -6.61498e-09 -3.88671e-08 9.08536e-16 -3.99085e-15 -1.38214e-08 -7.85899e-08 -1.63862e-08 -7.83039e-08
0.536442 -2.59036e-09 2.38251e-10 -7.2953e-09 -3.7783e-08 1.04366e-15 -3.86939e-15 -1.50843e-08 -7.62823e-08 -1.76747e-08 -7.6044e-08
0.536919 -2.61177e-09 1.89532e-10 -7.93562e-09 -3.67192e-08 1.17001e-15 -3.74081e-15 -1.62651e-08 -7.40109e-08 -1.88768e-08 -7.38213e-08
0.537395 -2.62921e-09 1.40059e-10 -8.53703e-09 -3.56764e-08 1.28727e-15 -3.60644e-15 -1.73661e-08 -7.17777e-08 -1.99953e-08 -7.16377e-08
0.537872 -2.64286e-09 9.00565e-11 -9.1007e-09 -3.46551e-08 1.39524e-15 -3.46754e-15 -1.83899e-08 -6.95846e-08 -2.10328e-08 -6.94946e-08
0.538349 -2.65289e-09 3.97324e-11 -9.62778e-09 -3.36558e-08 1.49383e-15 -3.32526e-15 -1.93391e-08 -6.74331e-08 -2.1992e-08 -6.73934e-08
0.538826 -2.65946e-09 -1.07188e-11 -1.01195e-08 -3.26788e-08 1.58305e-15 -3.18067e-15 -2.02163e-08 -6.53247e-08 -2.28758e-08 -6.53354e-08
0.539303 -2.66274e-09 -6.11178e-11 -1.0577e-08 -3.17245e-08 1.66299e-15 -3.03475e-15 -2.10242e-08 -6.32603e-08 -2.3687e-08 -6.33215e-08
0.53978 -2.66291e-09 -1.11299e-10 -1.10016e-08 -3.0793e-08 1.7338e-15 -2.8884e-15 -2.17655e-08 -6.12412e-08 -2.44284e-08 -6.13525e-08
0.540257 -2.66012e-09 -1.61111e-10 -1.13946e-08 -2.98846e-08 1.79571e-15 -2.74242e-15 -2.24428e-08 -5.9268e-08 -2.51029e-08 -5.94291e-08
0.540733 -2.65454e-09 -2.10416e-10 -1.1757e-08 -2.89993e-08 1.84899e-15 -2.59755e-15 -2.30588e-08 -5.73414e-08 -2.57133e-08 -5.75518e-08
0.54121 -2.64633e-09 -2.59085e-10 -1.20902e-08 -2.81372e-08 1.89395e-15 -2.45444e-15 -2.36162e-08 -5.54618e-08 -2.62625e-08 -5.57209e-08
0.541687 -2.63564e-09 -3.07006e-10 -1.23954e-08 -2.72983e-08 1.93094e-15 -2.31364e-15 -2.41175e-08 -5.36297e-08 -2.67532e-08 -5.39367e-08
0.542164 -2.62262e-09 -3.54075e-10 -1.26738e-08 -2.64824e-08 1.96033e-15 -2.17567e-15 -2.45655e-08 -5.18452e-08 -2.71881e-08 -5.21993e-08
0.542641 -2.60742e-09 -4.00201e-10 -1.29266e-08 -2.56895e-08 1.98253e-15 -2.04096e-15 -2.49626e-08 -5.01084e-08 -2.757e-08 -5.05086e-08
0.543118 -2.59018e-09 -4.453e-10 -1.3155e-08 -2.49194e-08 1.99795e-15 -1.90986e-15 -2.53113e-08 -4.84193e-08 -2.79015e-08 -4.88646e-08
0.543594 -2.57105e-09 -4.89302e-10 -1.33601e-08 -2.4172e-08 2.00699e-15 -1.78269e-15 -2.56141e-08 -4.67776e-08 -2.81852e-08 -4.72669e-08
0.544071 -2.55015e-09 -5.32142e-10 -1.3543e-08 -2.34469e-08 2.01009e-15 -1.6597e-15 -2.58734e-08 -4.51832e-08 -2.84236e-08 -4.57154e-08
0.544548 -2.52762e-09 -5.73766e-10 -1.37048e-08 -2.27439e-08 2.00766e-15 -1.54108e-15 -2.60916e-08 -4.36357e-08 -2.86192e-08 -4.42095e-08
0.545025 -2.50359e-09 -6.14128e-10 -1.38467e-08 -2.20627e-08 2.00012e-15 -1.427e-15 -2.62709e-08 -4.21347e-08 -2.87745e-08 -4.27488e-08
0.545502 -2.47816e-09 -6.53189e-10 -1.39696e-08 -2.1403e-08 1.98789e-15 -1.31756e-15 -2.64135e-08 -4.06796e-08 -2.88916e-08 -4.13328e-08
0.545979 -2.45146e-09 -6.90918e-10 -1.40746e-08 -2.07645e-08 1.97137e-15 -1.21283e-15 -2.65215e-08 -3.92699e-08 -2.8973e-08 -3.99608e-08
0.546455 -2.4236e-09 -7.27288e-10 -1.41626e-08 -2.01467e-08 1.95094e-15 -1.11284e-15 -2.6597e-08 -3.7905e-08 -2.90206e-08 -3.86323e-08
0.546932 -2.39469e-09 -7.62281e-10 -1.42347e-08 -1.95493e-08 1.92699e-15 -1.01761e-15 -2.66421e-08 -3.65842e-08 -2.90368e-08 -3.73465e-08
0.547409 -2.36482e-09 -7.95882e-10 -1.42916e-08 -1.89718e-08 1.89988e-15 -9.27117e-16 -2.66586e-08 -3.53067e-08 -2.90234e-08 -3.61026e-08
0.547886 -2.3341e-09 -8.28085e-10 -1.43344e-08 -1.84139e-08 1.86995e-15 -8.41305e-16 -2.66484e-08 -3.40717e-08 -2.89825e-08 -3.48998e-08
0.548363 -2.30261e-09 -8.58885e-10 -1.43639e-08 -1.78752e-08 1.83753e-15 -7.6011e-16 -2.66133e-08 -3.28786e-08 -2.89159e-08 -3.37374e-08
0.54884 -2.27045e-09 -8.88283e-10 -1.43808e-08 -1.73552e-08 1.80294e-15 -6.83445e-16 -2.65549e-08 -3.17263e-08 -2.88254e-08 -3.26146e-08
0.549316 -2.23769e-09 -9.16285e-10 -1.4386e-08 -1.68534e-08 1.76648e-15 -6.1121e-16 -2.6475e-08 -3.0614e-08 -2.87127e-08 -3.15303e-08
0.549793 -2.20442e-09 -9.42898e-10 -1.43802e-08 -1.63694e-08 1.72841e-15 -5.43288e-16 -2.6375e-08 -2.95409e-08 -2.85795e-08 -3.04838e-08
0.55027 -2.17072e-09 -9.68134e-10 -1.43642e-08 -1.59028e-08 1.68899e-15 -4.79554e-16 -2.62565e-08 -2.8506e-08 -2.84273e-08 -2.94741e-08
0.550747 -2.13664e-09 -9.9201e-10 -1.43386e-08 -1.54531e-08 1.64848e-15 -4.19872e-16 -2.61209e-08 -2.75084e-08 -2.82576e-08 -2.85004e-08
0.551224 -2.10227e-09 -1.01454e-09 -1.43041e-08 -1.50198e-08 1.6071e-15 -3.64102e-16 -2.59695e-08 -2.65471e-08 -2.80718e-08 -2.75617e-08
0.551701 -2.06767e-09 -1.03575e-09 -1.42614e-08 -1.46026e-08 1.56504e-15 -3.12095e-16 -2.58037e-08 -2.56213e-08 -2.78714e-08 -2.6657e-08
0.552177 -2.03288e-09 -1.05565e-09 -1.42109e-08 -1.42009e-08 1.52252e-15 -2.637e-16 -2.56246e-08 -2.47299e-08 -2.76575e-08 -2.57856e-08
0.552654 -1.99798e-09 -1.07428e-09 -1.41534e-08 -1.38142e-08 1.47969e-15 -2.18765e-16 -2.54335e-08 -2.3872e-08 -2.74315e-08 -2.49463e-08
0.553131 -1.96301e-09 -1.09166e-09 -1.40893e-08 -1.34422e-08 1.43673e-15 -1.77134e-16 -2.52313e-08 -2.30467e-08 -2.71943e-08 -2.41384e-08
0.553608 -1.92801e-09 -1.10781e-09 -1.40191e-08 -1.30844e-08 1.39378e-15 -1.38653e-16 -2.50193e-08 -2.2253e-08 -2.69473e-08 -2.33608e-08
0.554085 -1.89305e-09 -1.12277e-09 -1.39434e-08 -1.27404e-08 1.35097e-15 -1.03169e-16 -2.47982e-08 -2.14899e-08 -2.66913e-08 -2.26127e-08
0.554562 -1.85816e-09 -1.13655e-09 -1.38626e-08 -1.24097e-08 1.30843e-15 -7.05294e-17 -2.45692e-08 -2.07567e-08 -2.64273e-08 -2.18932e-08
0.555038 -1.82337e-09 -1.14921e-09 -1.37771e-08 -1.20919e-08 1.26625e-15 -4.05841e-17 -2.43329e-08 -2.00522e-08 -2.61563e-08 -2.12014e-08
0.555515 -1.78874e-09 -1.16075e-09 -1.36874e-08 -1.17866e-08 1.22455e-15 -1.31866e-17 -2.40904e-08 -1.93756e-08 -2.58791e-08 -2.05364e-08
0.555992 -1.75428e-09 -1.17122e-09 -1.35938e-08 -1.14934e-08 1.18339e-15 1.18062e-17 -2.38423e-08 -1.87261e-08 -2.55966e-08 -1.98973e-08
0.556469 -1.72004e-09 -1.18065e-09 -1.34968e-08 -1.12118e-08 1.14286e-15 3.45338e-17 -2.35893e-08 -1.81026e-08 -2.53094e-08 -1.92833e-08
0.556946 -1.68605e-09 -1.18907e-09 -1.33965e-08 -1.09415e-08 1.10303e-15 5.51313e-17 -2.33322e-08 -1.75045e-08 -2.50183e-08 -1.86935e-08
0.557423 -1.65232e-09 -1.19651e-09 -1.32934e-08 -1.06821e-08 1.06394e-15 7.37293e-17 -2.30716e-08 -1.69307e-08 -2.47239e-08 -1.81272e-08
0.557899 -1.61888e-09 -1.20301e-09 -1.31879e-08 -1.04332e-08 1.02565e-15 9.04537e-17 -2.2808e-08 -1.63805e-08 -2.44269e-08 -1.75835e-08
0.558376 -1.58577e-09 -1.2086e-09 -1.308e-08 -1.01944e-08 9.88204e-16 1.05426e-16 -2.25421e-08 -1.5853e-08 -2.41279e-08 -1.70616e-08
0.558853 -1.55299e-09 -1.2133e-09 -1.29702e-08 -9.96546e-09 9.51625e-16 1.18761e-16 -2.22743e-08 -1.53475e-08 -2.38273e-08 -1.65608e-08
0.55933 -1.52057e-09 -1.21715e-09 -1.28587e-08 -9.74589e-09 9.15945e-16 1.30571e-16 -2.20051e-08 -1.48632e-08 -2.35257e-08 -1.60803e-08
0.559807 -1.48852e-09 -1.22019e-09 -1.27456e-08 -9.5354e-09 8.81185e-16 1.40961e-16 -2.17349e-08 -1.43992e-08 -2.32235e-08 -1.56194e-08
0.560284 -1.45686e-09 -1.22245e-09 -1.26313e-08 -9.33366e-09 8.47362e-16 1.50033e-16 -2.14643e-08 -1.39549e-08 -2.29211e-08 -1.51773e-08
0.56076 -1.42561e-09 -1.22394e-09 -1.25159e-08 -9.14034e-09 8.14486e-16 1.57883e-16 -2.11934e-08 -1.35295e-08 -2.2619e-08 -1.47534e-08
0.561237 -1.39477e-09 -1.22472e-09 -1.23996e-08 -8.95513e-09 7.82565e-16 1.64602e-16 -2.09228e-08 -1.31223e-08 -2.23175e-08 -1.4347e-08
0.561714 -1.36435e-09 -1.2248e-09 -1.22826e-08 -8.77771e-09 7.516e-16 1.70275e-16 -2.06526e-08 -1.27326e-08 -2.2017e-08 -1.39574e-08
0.562191 -1.33437e-09 -1.22422e-09 -1.2165e-08 -8.6078e-09 7.21592e-16 1.74986e-16 -2.03833e-08 -1.23598e-08 -2.17177e-08 -1.3584e-08
0.562668 -1.30483e-09 -1.223e-09 -1.2047e-08 -8.4451e-09 6.92536e-16 1.7881e-16 -2.0115e-08 -1.20032e-08 -2.14198e-08 -1.32262e-08
0.563145 -1.27574e-09 -1.22118e-09 -1.19287e-08 -8.28933e-09 6.64425e-16 1.81821e-16 -1.98481e-08 -1.16621e-08 -2.11238e-08 -1.28833e-08
0.563622 -1.24711e-09 -1.21877e-09 -1.18103e-08 -8.14023e-09 6.3725e-16 1.84086e-16 -1.95826e-08 -1.1336e-08 -2.08297e-08 -1.25548e-08
0.564098 -1.21894e-09 -1.21582e-09 -1.16918e-08 -7.99753e-09 6.10999e-16 1.8567e-16 -1.93189e-08 -1.10243e-08 -2.05379e-08 -1.22401e-08
0.564575 -1.19123e-09 -1.21234e-09 -1.15734e-08 -7.86098e-09 5.85659e-16 1.86634e-16 -1.90571e-08 -1.07264e-08 -2.02484e-08 -1.19387e-08
0.565052 -1.16398e-09 -1.20836e-09 -1.14552e-08 -7.73033e-09 5.61213e-16 1.87033e-16 -1.87974e-08 -1.04417e-08 -1.99614e-08 -1.165e-08
0.565529 -1.13721e-09 -1.2039e-09 -1.13372e-08 -7.60534e-09 5.37647e-16 1.8692e-16 -1.85399e-08 -1.01697e-08 -1.96771e-08 -1.13736e-08
0.566006 -1.1109e-09 -1.199e-09 -1.12196e-08 -7.4858e-09 5.1494e-16 1.86344e-16 -1.82848e-08 -9.90988e-09 -1.93957e-08 -1.11089e-08
0.566483 -1.08507e-09 -1.19367e-09 -1.11023e-08 -7.37146e-09 4.93076e-16 1.85352e-16 -1.80321e-08 -9.66175e-09 -1.91171e-08 -1.08554e-08
0.566959 -1.0597e-09 -1.18793e-09 -1.09855e-08 -7.26214e-09 4.72033e-16 1.83986e-16 -1.77819e-08 -9.42481e-09 -1.88416e-08 -1.06127e-08
0.567436 -1.0348e-09 -1.18181e-09 -1.08692e-08 -7.15761e-09 4.51792e-16 1.82286e-16 -1.75344e-08 -9.19859e-09 -1.85692e-08 -1.03804e-08
0.567913 -1.01037e-09 -1.17534e-09 -1.07535e-08 -7.05767e-09 4.32331e-16 1.80288e-16 -1.72896e-08 -8.98265e-09 -1.82999e-08 -1.0158e-08
0.56839 -9.86408e-10 -1.16852e-09 -1.06384e-08 -6.96215e-09 4.13629e-16 1.78028e-16 -1.70475e-08 -8.77654e-09 -1.80339e-08 -9.94507e-09
0.568867 -9.62906e-10 -1.16139e-09 -1.0524e-08 -6.87085e-09 3.95664e-16 1.75536e-16 -1.68082e-08 -8.57986e-09 -1.77711e-08 -9.74124e-09
0.569344 -9.39864e-10 -1.15395e-09 -1.04102e-08 -6.7836e-09 3.78414e-16 1.72842e-16 -1.65718e-08 -8.39219e-09 -1.75117e-08 -9.54614e-09
0.56982 -9.17278e-10 -1.14624e-09 -1.02972e-08 -6.70022e-09 3.61857e-16 1.69972e-16 -1.63383e-08 -8.21314e-09 -1.72555e-08 -9.35938e-09
0.570297 -8.95145e-10 -1.13826e-09 -1.01849e-08 -6.62055e-09 3.45973e-16 1.66952e-16 -1.61076e-08 -8.04234e-09 -1.70027e-08 -9.18061e-09
0.570774 -8.7346e-10 -1.13004e-09 -1.00733e-08 -6.54443e-09 3.30738e-16 1.63805e-16 -1.58798e-08 -7.87944e-09 -1.67533e-08 -9.00948e-09
0.571251 -8.52219e-10 -1.12159e-09 -9.96252e-09 -6.47172e-09 3.16131e-16 1.60551e-16 -1.56549e-08 -7.72408e-09 -1.65072e-08 -8.84567e-09
0.571728 -8.31417e-10 -1.11293e-09 -9.85252e-09 -6.40226e-09 3.02131e-16 1.57209e-16 -1.5433e-08 -7.57592e-09 -1.62644e-08 -8.68885e-09
0.572205 -8.1105e-10 -1.10407e-09 -9.74332e-09 -6.33591e-09 2.88716e-16 1.53798e-16 -1.52139e-08 -7.43466e-09 -1.60249e-08 -8.53873e-09
0.572681 -7.91111e-10 -1.09503e-09 -9.63492e-09 -6.27254e-09 2.75867e-16 1.50333e-16 -1.49977e-08 -7.29998e-09 -1.57888e-08 -8.39502e-09
0.573158 -7.71596e-10 -1.08583e-09 -9.52732e-09 -6.21202e-09 2.63562e-16 1.46828e-16 -1.47843e-08 -7.17159e-09 -1.55559e-08 -8.25742e-09
0.573635 -7.52499e-10 -1.07647e-09 -9.42052e-09 -6.15423e-09 2.51781e-16 1.43298e-16 -1.45737e-08 -7.0492e-09 -1.53262e-08 -8.12567e-09
0.574112 -7.33815e-10 -1.06698e-09 -9.31453e-09 -6.09903e-09 2.40506e-16 1.39753e-16 -1.4366e-08 -6.93253e-09 -1.50998e-08 -7.99951e-09
0.574589 -7.15536e-10 -1.05735e-09 -9.20933e-09 -6.04633e-09 2.29716e-16 1.36205e-16 -1.4161e-08 -6.82134e-09 -1.48765e-08 -7.87869e-09
0.575066 -6.97658e-10 -1.04761e-09 -9.10493e-09 -5.99601e-09 2.19394e-16 1.32664e-16 -1.39587e-08 -6.71537e-09 -1.46563e-08 -7.76298e-09
0.575542 -6.80174e-10 -1.03777e-09 -9.00131e-09 -5.94796e-09 2.09521e-16 1.29138e-16 -1.37591e-08 -6.61437e-09 -1.44392e-08 -7.65215e-09
0.576019 -6.63078e-10 -1.02784e-09 -8.89846e-09 -5.90208e-09 2.00079e-16 1.25635e-16 -1.35621e-08 -6.51813e-09 -1.42252e-08 -7.54597e-09
0.576496 -6.46363e-10 -1.01783e-09 -8.79637e-09 -5.85828e-09 1.91052e-16 1.22163e-16 -1.33677e-08 -6.42641e-09 -1.4014e-08 -7.44423e-09
0.576973 -6.30024e-10 -1.00774e-09 -8.69504e-09 -5.81645e-09 1.82422e-16 1.18727e-16 -1.31758e-08 -6.339e-09 -1.38058e-08 -7.34674e-09
0.57745 -6.14054e-10 -9.97596e-10 -8.59443e-09 -5.77652e-09 1.74173e-16 1.15332e-16 -1.29864e-08 -6.25571e-09 -1.36005e-08 -7.25331e-09
0.577927 -5.98446e-10 -9.87398e-10 -8.49455e-09 -5.7384e-09 1.66291e-16 1.11985e-16 -1.27994e-08 -6.17634e-09 -1.33979e-08 -7.16374e-09
0.578403 -5.83195e-10 -9.77158e-10 -8.39538e-09 -5.702e-09 1.58759e-16 1.08688e-16 -1.26148e-08 -6.10071e-09 -1.3198e-08 -7.07787e-09
0.57888 -5.68293e-10 -9.66883e-10 -8.29689e-09 -5.66724e-09 1.51564e-16 1.05445e-16 -1.24326e-08 -6.02864e-09 -1.30009e-08 -6.99552e-09
0.579357 -5.53734e-10 -9.56582e-10 -8.19907e-09 -5.63406e-09 1.4469e-16 1.02261e-16 -1.22525e-08 -5.95995e-09 -1.28063e-08 -6.91653e-09
0.579834 -5.39512e-10 -9.46262e-10 -8.10191e-09 -5.60237e-09 1.38125e-16 9.9136e-17 -1.20747e-08 -5.89449e-09 -1.26142e-08 -6.84075e-09
0.580311 -5.25621e-10 -9.35931e-10 -8.00538e-09 -5.57211e-09 1.31856e-16 9.60739e-17 -1.18991e-08 -5.8321e-09 -1.24247e-08 -6.76803e-09
0.580788 -5.12053e-10 -9.25595e-10 -7.90946e-09 -5.54322e-09 1.25869e-16 9.30759e-17 -1.17255e-08 -5.77263e-09 -1.22375e-08 -6.69823e-09
0.581264 -4.98804e-10 -9.15261e-10 -7.81414e-09 -5.51562e-09 1.20152e-16 9.01436e-17 -1.15539e-08 -5.71595e-09 -1.20527e-08 -6.63121e-09
0.581741 -4.85866e-10 -9.04935e-10 -7.7194e-09 -5.48926e-09 1.14695e-16 8.7278e-17 -1.13843e-08 -5.66191e-09 -1.18702e-08 -6.56684e-09
0.582218 -4.73233e-10 -8.94623e-10 -7.62521e-09 -5.46409e-09 1.09485e-16 8.448e-17 -1.12166e-08 -5.61039e-09 -1.16899e-08 -6.50501e-09
0.582695 -4.60899e-10 -8.84331e-10 -7.53156e-09 -5.44004e-09 1.04512e-16 8.175e-17 -1.10508e-08 -5.56127e-09 -1.15117e-08 -6.4456e-09
0.583172 -4.48858e-10 -8.74063e-10 -7.43842e-09 -5.41706e-09 9.97645e-17 7.90885e-17 -1.08867e-08 -5.51442e-09 -1.13356e-08 -6.38848e-09
0.583649 -4.37104e-10 -8.63826e-10 -7.34578e-09 -5.39511e-09 9.52338e-17 7.64953e-17 -1.07244e-08 -5.46974e-09 -1.11615e-08 -6.33356e-09
0.584126 -4.25631e-10 -8.53623e-10 -7.25361e-09 -5.37412e-09 9.09099e-17 7.39706e-17 -1.05637e-08 -5.42712e-09 -1.09894e-08 -6.28074e-09
0.584602 -4.14433e-10 -8.43459e-10 -7.1619e-09 -5.35407e-09 8.67834e-17 7.15138e-17 -1.04047e-08 -5.38645e-09 -1.08191e-08 -6.22991e-09
0.585079 -4.03504e-10 -8.33338e-10 -7.07063e-09 -5.3349e-09 8.28457e-17 6.91246e-17 -1.02472e-08 -5.34765e-09 -1.06507e-08 -6.18099e-09
0.585556 -3.92838e-10 -8.23265e-10 -6.97977e-09 -5.31657e-09 7.90882e-17 6.68024e-17 -1.00913e-08 -5.31061e-09 -1.04841e-08 -6.13388e-09
0.586033 -3.8243e-10 -8.13242e-10 -6.8893e-09 -5.29905e-09 7.55029e-17 6.45465e-17 -9.93672e-09 -5.27526e-09 -1.03191e-08 -6.0885e-09
0.58651 -3.72274e-10 -8.03273e-10 -6.79921e-09 -5.28228e-09 7.20819e-17 6.2356e-17 -9.78357e-09 -5.2415e-09 -1.01558e-08 -6.04477e-09
0.586987 -3.62365e-10 -7.93362e-10 -6.70948e-09 -5.26624e-09 6.88179e-17 6.023e-17 -9.63176e-09 -5.20926e-09 -9.99413e-09 -6.00262e-09
0.587463 -3.52696e-10 -7.83511e-10 -6.62009e-09 -5.25089e-09 6.57037e-17 5.81676e-17 -9.48124e-09 -5.17846e-09 -9.83393e-09 -5.96197e-09
0.58794 -3.43264e-10 -7.73724e-10 -6.53101e-09 -5.2362e-09 6.27325e-17 5.61675e-17 -9.33194e-09 -5.14902e-09 -9.67521e-09 -5.92275e-09
0.588417 -3.34062e-10 -7.64003e-10 -6.44224e-09 -5.22213e-09 5.98978e-17 5.42288e-17 -9.18383e-09 -5.12089e-09 -9.51789e-09 -5.8849e-09
0.588894 -3.25085e-10 -7.5435e-10 -6.35374e-09 -5.20866e-09 5.71933e-17 5.23502e-17 -9.03684e-09 -5.094e-09 -9.36192e-09 -5.84835e-09
0.589371 -3.16328e-10 -7.44767e-10 -6.26552e-09 -5.19576e-09 5.46132e-17 5.05305e-17 -8.89093e-09 -5.06828e-09 -9.20726e-09 -5.81304e-09
0.589848 -3.07786e-10 -7.35258e-10 -6.17754e-09 -5.18339e-09 5.21516e-17 4.87684e-17 -8.74606e-09 -5.04367e-09 -9.05384e-09 -5.77893e-09
0.590324 -2.99455e-10 -7.25823e-10 -6.08979e-09 -5.17153e-09 4.98033e-17 4.70626e-17 -8.60217e-09 -5.02012e-09 -8.90162e-09 -5.74595e-09
0.590801 -2.91329e-10 -7.16465e-10 -6.00226e-09 -5.16016e-09 4.75628e-17 4.54119e-17 -8.45922e-09 -4.99758e-09 -8.75055e-09 -5.71405e-09
0.591278 -2.83404e-10 -7.07185e-10 -5.91493e-09 -5.14925e-09 4.54254e-17 4.38148e-17 -8.31716e-09 -4.976e-09 -8.60057e-09 -5.68318e-09
0.591755 -2.75675e-10 -6.97985e-10 -5.82778e-09 -5.13879e-09 4.33862e-17 4.22702e-17 -8.17596e-09 -4.95532e-09 -8.45164e-09 -5.65331e-09
0.592232 -2.68137e-10 -6.88865e-10 -5.7408e-09 -5.12873e-09 4.14407e-17 4.07765e-17 -8.03557e-09 -4.93551e-09 -8.3037e-09 -5.62438e-09
0.592709 -2.60787e-10 -6.79829e-10 -5.65398e-09 -5.11908e-09 3.95845e-17 3.93326e-17 -7.89594e-09 -4.91652e-09 -8.15672e-09 -5.59635e-09
0.593185 -2.53619e-10 -6.70875e-10 -5.56729e-09 -5.1098e-09 3.78136e-17 3.7937e-17 -7.75704e-09 -4.89831e-09 -8.01066e-09 -5.56919e-09
0.593662 -2.46629e-10 -6.62006e-10 -5.48073e-09 -5.10088e-09 3.6124e-17 3.65884e-17 -7.61883e-09 -4.88085e-09 -7.86546e-09 -5.54285e-09
0.594139 -2.39814e-10 -6.53222e-10 -5.39428e-09 -5.0923e-09 3.45119e-17 3.52856e-17 -7.48127e-09 -4.86409e-09 -7.72108e-09 -5.51731e-09
0.594616 -2.33168e-10 -6.44525e-10 -5.30794e-09 -5.08404e-09 3.29737e-17 3.40271e-17 -7.34432e-09 -4.848e-09 -7.57749e-09 -5.49252e-09
0.595093 -2.26689e-10 -6.35914e-10 -5.22168e-09 -5.07609e-09 3.1506e-17 3.28118e-17 -7.20796e-09 -4.83255e-09 -7.43464e-09 -5.46847e-09
0.59557 -2.20371e-10 -6.27391e-10 -5.13549e-09 -5.06843e-09 3.01055e-17 3.16383e-17 -7.07213e-09 -4.81771e-09 -7.29251e-09 -5.44511e-09
0.596046 -2.14212e-10 -6.18955e-10 -5.04937e-09 -5.06105e-09 2.87691e-17 3.05054e-17 -6.93682e-09 -4.80346e-09 -7.15104e-09 -5.42241e-09
0.596523 -2.08207e-10 -6.10608e-10 -4.96331e-09 -5.05393e-09 2.74939e-17 2.94119e-17 -6.80199e-09 -4.78976e-09 -7.0102e-09 -5.40037e-09
0.597 -2.02353e-10 -6.0235e-10 -4.87729e-09 -5.04705e-09 2.62769e-17 2.83565e-17 -6.66761e-09 -4.77658e-09 -6.86997e-09 -5.37893e-09
0.597477 -1.96646e-10 -5.94181e-10 -4.7913e-09 -5.04042e-09 2.51155e-17 2.7338e-17 -6.53365e-09 -4.76392e-09 -6.7303e-09 -5.3581e-09
0.597954 -1.91082e-10 -5.86101e-10 -4.70533e-09 -5.03401e-09 2.40071e-17 2.63554e-17 -6.40008e-09 -4.75173e-09 -6.59116e-09 -5.33783e-09
0.598431 -1.85658e-10 -5.7811e-10 -4.61938e-09 -5.02781e-09 2.29492e-17 2.54074e-17 -6.26687e-09 -4.74001e-09 -6.45253e-09 -5.31812e-09
0.598907 -1.80371e-10 -5.70208e-10 -4.53344e-09 -5.02181e-09 2.19395e-17 2.44929e-17 -6.134e-09 -4.72872e-09 -6.31437e-09 -5.29893e-09
0.599384 -1.75218e-10 -5.62396e-10 -4.44749e-09 -5.016e-09 2.09758e-17 2.36109e-17 -6.00144e-09 -4.71786e-09 -6.17666e-09 -5.28026e-09
