0.399828 7.00937e-13 9.88914e-14 0 0 0 0 0 0 7.00937e-13 9.88914e-14
0.400186 7.20071e-13 1.01889e-13 0 0 0 0 0 0 7.20071e-13 1.01889e-13
0.400543 7.39793e-13 1.04989e-13 0 0 0 0 0 0 7.39793e-13 1.04989e-13
0.400901 7.60125e-13 1.08194e-13 0 0 0 0 0 0 7.60125e-13 1.08194e-13
0.401258 7.81087e-13 1.11508e-13 0 0 0 0 0 0 7.81087e-13 1.11508e-13
0.401616 8.02701e-13 1.14936e-13 0 0 0 0 0 0 8.02701e-13 1.14936e-13
0.401974 8.2499e-13 1.18481e-13 0 0 0 0 0 0 8.2499e-13 1.18481e-13
0.402331 8.47977e-13 1.22149e-13 0 0 0 0 0 0 8.47977e-13 1.22149e-13
0.402689 8.71687e-13 1.25944e-13 0 0 0 0 0 0 8.71687e-13 1.25944e-13
0.403047 8.96144e-13 1.2987e-13 0 0 0 0 0 0 8.96144e-13 1.2987e-13
0.403404 9.21376e-13 1.33933e-13 0 0 0 0 0 0 9.21376e-13 1.33933e-13
0.403762 9.4741e-13 1.38139e-13 0 0 0 0 0 0 9.4741e-13 1.38139e-13
0.404119 9.74273e-13 1.42492e-13 0 0 0 0 0 0 9.74273e-13 1.42492e-13
0.404477 1.002e-12 1.46998e-13 0 0 0 0 0 0 1.002e-12 1.46998e-13
0.404835 1.03061e-12 1.51664e-13 0 0 0 0 0 0 1.03061e-12 1.51664e-13
0.405192 1.06015e-12 1.56495e-13 0 0 0 0 0 0 1.06015e-12 1.56495e-13
0.40555 1.09064e-12 1.61498e-13 0 0 0 0 0 0 1.09064e-12 1.61498e-13
0.405908 1.12212e-12 1.66681e-13 0 0 0 0 0 0 1.12212e-12 1.66681e-13
0.406265 1.15462e-12 1.72049e-13 0 0 0 0 0 0 1.15462e-12 1.72049e-13
0.406623 1.18819e-12 1.77611e-13 0 0 0 0 0 0 1.18819e-12 1.77611e-13
0.406981 1.22286e-12 1.83373e-13 0 0 0 0 0 0 1.22286e-12 1.83373e-13
0.407338 1.25868e-12 1.89345e-13 0 0 0 0 0 0 1.25868e-12 1.89345e-13
0.407696 1.29567e-12 1.95535e-13 0 0 0 0 0 0 1.29567e-12 1.95535e-13
0.408053 1.3339e-12 2.0195e-13 0 0 0 0 0 0 1.3339e-12 2.0195e-13
0.408411 1.3734e-12 2.08602e-13 0 0 0 0 0 0 1.3734e-12 2.08602e-13
0.408769 1.41422e-12 2.15498e-13 0 0 0 0 0 0 1.41422e-12 2.15498e-13
0.409126 1.45641e-12 2.22649e-13 0 0 0 0 0 0 1.45641e-12 2.22649e-13
0.409484 1.50002e-12 2.30066e-13 0 0 0 0 0 0 1.50002e-12 2.30066e-13
0.409842 1.5451e-12 2.37759e-13 0 0 0 0 0 0 1.5451e-12 2.37759e-13
0.410199 1.59172e-12 2.4574e-13 0 0 0 0 0 0 1.59172e-12 2.4574e-13
0.410557 1.63992e-12 2.54021e-13 0 0 0 0 0 0 1.63992e-12 2.54021e-13
0.410914 1.68978e-12 2.62614e-13 0 0 0 0 0 0 1.68978e-12 2.62614e-13
0.411272 1.74134e-12 2.71532e-13 0 0 0 0 0 0 1.74134e-12 2.71532e-13
0.41163 1.79469e-12 2.8079e-13 0 0 0 0 0 0 1.79469e-12 2.8079e-13
0.411987 1.84988e-12 2.904e-13 0 0 0 0 0 0 1.84988e-12 2.904e-13
0.412345 1.90698e-12 3.00379e-13 0 0 0 0 0 0 1.90698e-12 3.00379e-13
0.412703 1.96608e-12 3.10742e-13 0 0 0 0 0 0 1.96608e-12 3.10742e-13
0.41306 2.02725e-12 3.21504e-13 0 0 0 0 0 0 2.02725e-12 3.21504e-13
0.413418 2.09057e-12 3.32684e-13 0 0 0 0 0 0 2.09057e-12 3.32684e-13
0.413775 2.15612e-12 3.44299e-13 0 0 0 0 0 0 2.15612e-12 3.44299e-13
0.414133 2.224e-12 3.56368e-13 0 0 0 0 0 0 2.224e-12 3.56368e-13
0.414491 2.29429e-12 3.68911e-13 0 0 0 0 0 0 2.29429e-12 3.68911e-13
0.414848 2.36709e-12 3.81948e-13 0 0 0 0 0 0 2.36709e-12 3.81948e-13
0.415206 2.4425e-12 3.95501e-13 0 0 0 0 0 0 2.4425e-12 3.95501e-13
0.415564 2.52063e-12 4.09593e-13 0 0 0 0 0 0 2.52063e-12 4.09593e-13
0.415921 2.60159e-12 4.24246e-13 0 0 0 0 0 0 2.60159e-12 4.24246e-13
0.416279 2.68548e-12 4.39487e-13 0 0 0 0 0 0 2.68548e-12 4.39487e-13
0.416636 2.77243e-12 4.55341e-13 0 0 0 0 0 0 2.77243e-12 4.55341e-13
0.416994 2.86257e-12 4.71835e-13 0 0 0 0 0 0 2.86257e-12 4.71835e-13
0.417352 2.95602e-12 4.88999e-13 0 0 0 0 0 0 2.95602e-12 4.88999e-13
0.417709 3.05291e-12 5.06861e-13 0 0 0 0 0 0 3.05291e-12 5.06861e-13
0.418067 3.1534e-12 5.25455e-13 0 0 0 0 0 0 3.1534e-12 5.25455e-13
0.418425 3.25764e-12 5.44813e-13 0 0 0 0 0 0 3.25764e-12 5.44813e-13
0.418782 3.36576e-12 5.6497e-13 0 0 0 0 0 0 3.36576e-12 5.6497e-13
0.41914 3.47795e-12 5.85962e-13 0 0 0 0 0 0 3.47795e-12 5.85962e-13
0.419497 3.59437e-12 6.07828e-13 0 0 0 0 0 0 3.59437e-12 6.07828e-13
0.419855 3.71519e-12 6.30609e-13 0 0 0 0 0 0 3.71519e-12 6.30609e-13
0.420213 3.84061e-12 6.54346e-13 0 0 0 0 0 0 3.84061e-12 6.54346e-13
0.42057 3.97082e-12 6.79084e-13 0 0 0 0 0 0 3.97082e-12 6.79084e-13
0.420928 4.10602e-12 7.04871e-13 0 0 0 0 0 0 4.10602e-12 7.04871e-13
0.421286 4.24644e-12 7.31754e-13 0 0 0 0 0 0 4.24644e-12 7.31754e-13
0.421643 4.39228e-12 7.59787e-13 0 0 0 0 0 0 4.39228e-12 7.59787e-13
0.422001 4.54379e-12 7.89024e-13 0 0 0 0 0 0 4.54379e-12 7.89024e-13
0.422359 4.70122e-12 8.19521e-13 0 0 0 0 0 0 4.70122e-12 8.19521e-13
0.422716 4.86482e-12 8.5134e-13 0 0 0 0 0 0 4.86482e-12 8.5134e-13
0.423074 5.03487e-12 8.84544e-13 0 0 0 0 0 0 5.03487e-12 8.84544e-13
0.423431 5.21164e-12 9.19199e-13 0 0 0 0 0 0 5.21164e-12 9.19199e-13
0.423789 5.39544e-12 9.55377e-13 0 0 0 0 0 0 5.39544e-12 9.55377e-13
0.424147 5.58658e-12 9.93151e-13 0 0 0 0 0 0 5.58658e-12 9.93151e-13
0.424504 5.78538e-12 1.0326e-12 0 0 0 0 0 0 5.78538e-12 1.0326e-12
0.424862 5.99219e-12 1.07381e-12 0 0 0 0 0 0 5.99219e-12 1.07381e-12
0.42522 6.20738e-12 1.11686e-12 0 0 0 0 0 0 6.20738e-12 1.11686e-12
0.425577 6.43131e-12 1.16184e-12 0 0 0 0 0 0 6.43131e-12 1.16184e-12
0.425935 6.66439e-12 1.20886e-12 0 0 0 0 0 0 6.66439e-12 1.20886e-12
0.426292 6.90703e-12 1.25801e-12 0 0 0 0 0 0 6.90703e-12 1.25801e-12
0.42665 7.15969e-12 1.3094e-12 0 0 0 0 0 0 7.15969e-12 1.3094e-12
0.427008 7.42281e-12 1.36315e-12 0 0 0 0 0 0 7.42281e-12 1.36315e-12
0.427365 7.69688e-12 1.41937e-12 0 0 0 0 0 0 7.69688e-12 1.41937e-12
0.427723 7.98242e-12 1.4782e-12 0 0 0 0 0 0 7.98242e-12 1.4782e-12
0.428081 8.27995e-12 1.53975e-12 0 0 0 0 0 0 8.27995e-12 1.53975e-12
0.428438 8.59005e-12 1.60419e-12 0 0 0 0 0 0 8.59005e-12 1.60419e-12
0.428796 8.91331e-12 1.67165e-12 0 0 0 0 0 0 8.91331e-12 1.67165e-12
0.429153 9.25036e-12 1.74229e-12 0 0 0 0 0 0 9.25036e-12 1.74229e-12
0.429511 9.60184e-12 1.81629e-12 0 0 0 0 0 0 9.60184e-12 1.81629e-12
0.429869 9.96847e-12 1.89381e-12 0 0 0 0 0 0 9.96847e-12 1.89381e-12
0.430226 1.0351e-11 1.97504e-12 0 0 0 0 0 0 1.0351e-11 1.97504e-12
0.430584 1.07501e-11 2.06019e-12 0 0 0 0 0 0 1.07501e-11 2.06019e-12
0.430942 1.11666e-11 2.14945e-12 0 0 0 0 0 0 1.11666e-11 2.14945e-12
0.431299 1.16015e-11 2.24306e-12 0 0 0 0 0 0 1.16015e-11 2.24306e-12
0.431657 1.20556e-11 2.34124e-12 0 0 0 0 0 0 1.20556e-11 2.34124e-12
0.432014 1.25298e-11 2.44425e-12 0 0 0 0 0 0 1.25298e-11 2.44425e-12
0.432372 1.30251e-11 2.55235e-12 0 0 0 0 0 0 1.30251e-11 2.55235e-12
0.43273 1.35427e-11 2.66581e-12 0 0 0 0 0 0 1.35427e-11 2.66581e-12
0.433087 1.40836e-11 2.78494e-12 0 0 0 0 0 0 1.40836e-11 2.78494e-12
0.433445 1.4649e-11 2.91004e-12 0 0 0 0 0 0 1.4649e-11 2.91004e-12
0.433803 1.52401e-11 3.04146e-12 0 0 0 0 0 0 1.52401e-11 3.04146e-12
0.43416 1.58583e-11 3.17954e-12 0 0 0 0 0 0 1.58583e-11 3.17954e-12
0.434518 1.65049e-11 3.32466e-12 0 0 0 0 0 0 1.65049e-11 3.32466e-12
0.434875 1.71814e-11 3.47722e-12 0 0 0 0 0 0 1.71814e-11 3.47722e-12
0.435233 1.78894e-11 3.63764e-12 0 0 0 0 0 0 1.78894e-11 3.63764e-12
0.435591 1.86305e-11 3.80638e-12 0 0 0 0 0 0 1.86305e-11 3.80638e-12
0.435948 1.94064e-11 3.98392e-12 0 0 0 0 0 0 1.94064e-11 3.98392e-12
0.436306 2.0219e-11 4.17075e-12 0 0 0 0 0 0 2.0219e-11 4.17075e-12
0.436664 2.10702e-11 4.36744e-12 0 0 0 0 0 0 2.10702e-11 4.36744e-12
0.437021 2.19621e-11 4.57454e-12 0 0 0 0 0 0 2.19621e-11 4.57454e-12
0.437379 2.28969e-11 4.79268e-12 0 0 0 0 0 0 2.28969e-11 4.79268e-12
0.437737 2.38767e-11 5.02251e-12 0 0 0 0 0 0 2.38767e-11 5.02251e-12
0.438094 2.49042e-11 5.26472e-12 0 0 0 0 0 0 2.49042e-11 5.26472e-12
0.438452 2.59819e-11 5.52007e-12 0 0 0 0 0 0 2.59819e-11 5.52007e-12
0.438809 2.71126e-11 5.78934e-12 0 0 0 0 0 0 2.71126e-11 5.78934e-12
0.439167 2.82991e-11 6.07337e-12 0 0 0 0 0 0 2.82991e-11 6.07337e-12
0.439525 2.95446e-11 6.37307e-12 0 0 0 0 0 0 2.95446e-11 6.37307e-12
0.439882 3.08523e-11 6.68939e-12 0 0 0 0 0 0 3.08523e-11 6.68939e-12
0.44024 3.22257e-11 7.02337e-12 0 0 0 0 0 0 3.22257e-11 7.02337e-12
0.440598 3.36686e-11 7.37609e-12 0 0 0 0 0 0 3.36686e-11 7.37609e-12
0.440955 3.51849e-11 7.74874e-12 0 0 0 0 0 0 3.51849e-11 7.74874e-12
0.441313 3.67788e-11 8.14256e-12 0 0 0 0 0 0 3.67788e-11 8.14256e-12
0.44167 3.84547e-11 8.55889e-12 0 0 0 0 0 0 3.84547e-11 8.55889e-12
0.442028 4.02174e-11 8.99916e-12 0 0 0 0 0 0 4.02174e-11 8.99916e-12
0.442386 4.20719e-11 9.46491e-12 0 0 0 0 0 0 4.20719e-11 9.46491e-12
0.442743 4.40235e-11 9.95777e-12 0 0 0 0 0 0 4.40235e-11 9.95777e-12
0.443101 4.6078e-11 1.04795e-11 0 0 0 0 0 0 4.6078e-11 1.04795e-11
0.443459 4.82416e-11 1.1032e-11 0 0 0 0 0 0 4.82416e-11 1.1032e-11
0.443816 5.05205e-11 1.16173e-11 0 0 0 0 0 0 5.05205e-11 1.16173e-11
0.444174 5.29219e-11 1.22375e-11 0 0 0 0 0 0 5.29219e-11 1.22375e-11
0.444531 5.54531e-11 1.28949e-11 0 0 0 0 0 0 5.54531e-11 1.28949e-11
0.444889 5.81219e-11 1.35922e-11 0 0 0 0 0 0 5.81219e-11 1.35922e-11
0.445247 6.09367e-11 1.43318e-11 0 0 0 0 0 0 6.09367e-11 1.43318e-11
0.445604 6.39065e-11 1.51168e-11 0 0 0 0 0 0 6.39065e-11 1.51168e-11
0.445962 6.7041e-11 1.59501e-11 0 0 0 0 0 0 6.7041e-11 1.59501e-11
0.44632 7.03503e-11 1.68352e-11 0 0 0 0 0 0 7.03503e-11 1.68352e-11
0.446677 7.38455e-11 1.77756e-11 0 0 0 0 0 0 7.38455e-11 1.77756e-11
0.447035 7.75381e-11 1.87751e-11 0 0 0 0 0 0 7.75381e-11 1.87751e-11
0.447392 8.14409e-11 1.98379e-11 0 0 0 0 0 0 8.14409e-11 1.98379e-11
0.44775 8.55671e-11 2.09684e-11 0 0 0 0 0 0 8.55671e-11 2.09684e-11
0.448108 8.99313e-11 2.21715e-11 0 0 0 0 0 0 8.99313e-11 2.21715e-11
0.448465 9.45487e-11 2.34524e-11 0 0 0 0 0 0 9.45487e-11 2.34524e-11
0.448823 9.94359e-11 2.48166e-11 0 0 0 0 0 0 9.94359e-11 2.48166e-11
0.449181 1.04611e-10 2.62702e-11 0 0 0 0 0 0 1.04611e-10 2.62702e-11
0.449538 1.10092e-10 2.78197e-11 0 0 0 0 0 0 1.10092e-10 2.78197e-11
0.449896 1.159e-10 2.94722e-11 0 0 0 0 0 0 1.159e-10 2.94722e-11
0.450253 1.22058e-10 3.12352e-11 0 0 0 0 0 0 1.22058e-10 3.12352e-11
0.450611 1.28587e-10 3.31172e-11 0 0 0 0 0 0 1.28587e-10 3.31172e-11
0.450969 1.35515e-10 3.51269e-11 0 0 0 0 0 0 1.35515e-10 3.51269e-11
0.451326 1.42867e-10 3.72741e-11 0 0 0 0 0 0 1.42867e-10 3.72741e-11
0.451684 1.50674e-10 3.95692e-11 0 0 0 0 0 0 1.50674e-10 3.95692e-11
0.452042 1.58967e-10 4.20236e-11 0 0 0 0 0 0 1.58967e-10 4.20236e-11
0.452399 1.67779e-10 4.46497e-11 0 0 0 0 0 0 1.67779e-10 4.46497e-11
0.452757 1.77149e-10 4.74608e-11 0 0 0 0 0 0 1.77149e-10 4.74608e-11
0.453115 1.87114e-10 5.04714e-11 0 0 0 0 0 0 1.87114e-10 5.04714e-11
0.453472 1.97718e-10 5.36974e-11 0 0 0 0 0 0 1.97718e-10 5.36974e-11
0.45383 2.09007e-10 5.71559e-11 0 0 0 0 0 0 2.09007e-10 5.71559e-11
0.454187 2.21031e-10 6.08656e-11 0 0 0 0 0 0 2.21031e-10 6.08656e-11
0.454545 2.33843e-10 6.4847e-11 0 0 0 0 0 0 2.33843e-10 6.4847e-11
0.454903 2.47502e-10 6.91221e-11 0 0 0 0 0 0 2.47502e-10 6.91221e-11
0.45526 2.62071e-10 7.37152e-11 0 0 0 0 0 0 2.62071e-10 7.37152e-11
0.455618 2.77617e-10 7.86526e-11 0 0 0 0 0 0 2.77617e-10 7.86526e-11
0.455976 2.94215e-10 8.39632e-11 0 0 0 0 0 0 2.94215e-10 8.39632e-11
0.456333 3.11944e-10 8.96784e-11 0 0 0 0 0 0 3.11944e-10 8.96784e-11
0.456691 3.30893e-10 9.58326e-11 0 0 0 0 0 0 3.30893e-10 9.58326e-11
0.457048 3.51154e-10 1.02464e-10 0 0 0 0 0 0 3.51154e-10 1.02464e-10
0.457406 3.7283e-10 1.09612e-10 0 0 0 0 0 0 3.7283e-10 1.09612e-10
0.457764 3.96033e-10 1.17324e-10 0 0 0 0 0 0 3.96033e-10 1.17324e-10
0.458121 4.20884e-10 1.25649e-10 0 0 0 0 0 0 4.20884e-10 1.25649e-10
0.458479 4.47514e-10 1.3464e-10 0 0 0 0 0 0 4.47514e-10 1.3464e-10
0.458837 4.76067e-10 1.44358e-10 0 0 0 0 0 0 4.76067e-10 1.44358e-10
0.459194 5.067e-10 1.54868e-10 0 0 0 0 0 0 5.067e-10 1.54868e-10
0.459552 5.39583e-10 1.66242e-10 0 0 0 0 0 0 5.39583e-10 1.66242e-10
0.459909 5.74902e-10 1.7856e-10 0 0 0 0 0 0 5.74902e-10 1.7856e-10
0.460267 6.12861e-10 1.91909e-10 0 0 0 0 0 0 6.12861e-10 1.91909e-10
0.460625 6.53682e-10 2.06385e-10 0 0 0 0 0 0 6.53682e-10 2.06385e-10
0.460982 6.97608e-10 2.22096e-10 0 0 0 0 0 0 6.97608e-10 2.22096e-10
0.46134 7.44906e-10 2.39157e-10 0 0 0 0 0 0 7.44906e-10 2.39157e-10
0.461698 7.95866e-10 2.577e-10 0 0 0 0 0 0 7.95866e-10 2.577e-10
0.462055 8.5081e-10 2.77868e-10 0 0 0 0 0 0 8.5081e-10 2.77868e-10
0.462413 9.10087e-10 2.9982e-10 0 0 0 0 0 0 9.10087e-10 2.9982e-10
0.46277 9.74083e-10 3.23732e-10 0 0 0 0 0 0 9.74083e-10 3.23732e-10
0.463128 1.04322e-09 3.49801e-10 0 0 0 0 0 0 1.04322e-09 3.49801e-10
0.463486 1.11797e-09 3.78243e-10 0 0 0 0 0 0 1.11797e-09 3.78243e-10
0.463843 1.19884e-09 4.09301e-10 0 0 0 0 0 0 1.19884e-09 4.09301e-10
0.464201 1.2864e-09 4.43242e-10 0 0 0 0 0 0 1.2864e-09 4.43242e-10
0.464559 1.38127e-09 4.80367e-10 0 0 0 0 0 0 1.38127e-09 4.80367e-10
0.464916 1.48414e-09 5.2101e-10 0 0 0 0 0 0 1.48414e-09 5.2101e-10
0.465274 1.59577e-09 5.65543e-10 0 0 0 0 0 0 1.59577e-09 5.65543e-10
0.465631 1.717e-09 6.14382e-10 0 0 0 0 0 0 1.717e-09 6.14382e-10
0.465989 1.84877e-09 6.67995e-10 0 0 0 0 0 0 1.84877e-09 6.67995e-10
0.466347 1.99211e-09 7.26902e-10 0 0 0 0 0 0 1.99211e-09 7.26902e-10
0.466704 2.14816e-09 7.91688e-10 0 0 0 0 0 0 2.14816e-09 7.91688e-10
0.467062 2.3182e-09 8.63011e-10 0 0 0 0 0 0 2.3182e-09 8.63011e-10
0.46742 2.50364e-09 9.41608e-10 0 0 0 0 0 0 2.50364e-09 9.41608e-10
0.467777 2.70606e-09 1.02831e-09 0 0 0 0 0 0 2.70606e-09 1.02831e-09
0.468135 2.92721e-09 1.12405e-09 0 0 0 0 0 0 2.92721e-09 1.12405e-09
0.468493 3.16906e-09 1.22989e-09 0 0 0 0 0 0 3.16906e-09 1.22989e-09
0.46885 3.43377e-09 1.34701e-09 0 0 0 0 0 0 3.43377e-09 1.34701e-09
0.469208 3.7238e-09 1.47676e-09 0 0 0 0 0 0 3.7238e-09 1.47676e-09
0.469565 4.04189e-09 1.62068e-09 0 0 0 0 0 0 4.04189e-09 1.62068e-09
0.469923 4.39109e-09 1.78049e-09 0 0 0 0 0 0 4.39109e-09 1.78049e-09
0.470281 4.77485e-09 1.95815e-09 0 0 0 0 0 0 4.77485e-09 1.95815e-09
0.470638 5.19702e-09 2.1559e-09 0 0 0 0 0 0 5.19702e-09 2.1559e-09
0.470996 5.66196e-09 2.37628e-09 0 0 0 0 0 0 5.66196e-09 2.37628e-09
0.471354 6.17454e-09 2.6222e-09 0 0 0 0 0 0 6.17454e-09 2.6222e-09
0.471711 6.7403e-09 2.89698e-09 0 0 0 0 0 0 6.7403e-09 2.89698e-09
0.472069 7.36546e-09 3.20439e-09 0 0 0 0 0 0 7.36546e-09 3.20439e-09
0.472426 8.05706e-09 3.5488e-09 0 0 0 0 0 0 8.05706e-09 3.5488e-09
0.472784 8.82309e-09 3.93518e-09 0 0 0 0 0 0 8.82309e-09 3.93518e-09
0.473142 9.6726e-09 4.36926e-09 0 0 0 0 0 0 9.6726e-09 4.36926e-09
0.473499 1.06159e-08 4.85767e-09 0 0 0 0 0 0 1.06159e-08 4.85767e-09
0.473857 1.16646e-08 5.40799e-09 0 0 0 0 0 0 1.16646e-08 5.40799e-09
0.474215 1.2832e-08 6.02905e-09 0 0 0 0 0 0 1.2832e-08 6.02905e-09
0.474572 1.41334e-08 6.73103e-09 0 0 0 0 0 0 1.41334e-08 6.73103e-09
0.47493 1.55862e-08 7.52575e-09 0 0 0 0 0 0 1.55862e-08 7.52575e-09
0.475287 1.72102e-08 8.42695e-09 0 0 0 0 0 0 1.72102e-08 8.42695e-09
0.475645 1.90281e-08 9.45062e-09 0 0 0 0 0 0 1.90281e-08 9.45062e-09
0.476003 2.10663e-08 1.06154e-08 0 0 0 0 0 0 2.10663e-08 1.06154e-08
0.47636 2.33548e-08 1.19432e-08 0 0 0 0 0 0 2.33548e-08 1.19432e-08
0.476718 2.59283e-08 1.34594e-08 0 0 0 0 0 0 2.59283e-08 1.34594e-08
0.477076 2.88269e-08 1.51942e-08 0 0 0 0 0 0 2.88269e-08 1.51942e-08
0.477433 3.20971e-08 1.71828e-08 0 0 0 0 0 0 3.20971e-08 1.71828e-08
0.477791 3.57926e-08 1.94669e-08 0 0 0 0 0 0 3.57926e-08 1.94669e-08
0.478148 3.99758e-08 2.20956e-08 0 0 0 0 0 0 3.99758e-08 2.20956e-08
0.478506 4.47195e-08 2.51274e-08 0 0 0 0 0 0 4.47195e-08 2.51274e-08
0.478864 5.01082e-08 2.86315e-08 0 0 0 0 0 0 5.01082e-08 2.86315e-08
0.479221 5.62411e-08 3.26903e-08 0 0 0 0 0 0 5.62411e-08 3.26903e-08
0.479579 6.32339e-08 3.74023e-08 0 0 0 0 0 0 6.32339e-08 3.74023e-08
0.479937 7.12226e-08 4.28853e-08 0 0 0 0 0 0 7.12226e-08 4.28853e-08
0.480294 8.0367e-08 4.92806e-08 0 0 0 0 0 0 8.0367e-08 4.92806e-08
0.480652 9.08554e-08 5.67583e-08 0 0 0 0 0 0 9.08554e-08 5.67583e-08
0.481009 1.0291e-07 6.55236e-08 0 0 0 0 0 0 1.0291e-07 6.55236e-08
0.481367 1.16794e-07 7.58246e-08 0 0 0 0 0 0 1.16794e-07 7.58246e-08
0.481725 1.3282e-07 8.79624e-08 0 0 0 0 0 0 1.3282e-07 8.79624e-08
0.482082 1.51357e-07 1.02303e-07 0 0 0 0 0 0 1.51357e-07 1.02303e-07
0.48244 1.72849e-07 1.19295e-07 0 0 0 0 0 0 1.72849e-07 1.19295e-07
0.482798 1.97823e-07 1.39484e-07 0 0 0 0 0 0 1.97823e-07 1.39484e-07
0.483155 2.26908e-07 1.63542e-07 0 0 0 0 0 0 2.26908e-07 1.63542e-07
0.483513 2.60863e-07 1.92297e-07 0 0 0 0 0 0 2.60863e-07 1.92297e-07
0.483871 3.00597e-07 2.26771e-07 0 0 0 0 0 0 3.00597e-07 2.26771e-07
0.484228 3.47203e-07 2.68229e-07 0 0 0 0 0 0 3.47203e-07 2.68229e-07
0.484586 4.02001e-07 3.18244e-07 0 0 0 0 0 0 4.02001e-07 3.18244e-07
0.484943 4.66586e-07 3.78777e-07 0 0 0 0 0 0 4.66586e-07 3.78777e-07
0.485301 5.42887e-07 4.52279e-07 0 0 0 0 0 0 5.42887e-07 4.52279e-07
0.485659 6.3324e-07 5.41818e-07 0 0 0 0 0 0 6.3324e-07 5.41818e-07
0.486016 7.40479e-07 6.51255e-07 0 0 0 0 0 0 7.40479e-07 6.51255e-07
0.486374 8.68038e-07 7.8545e-07 0 0 0 0 0 0 8.68038e-07 7.8545e-07
0.486732 1.02008e-06 9.50534e-07 0 0 0 0 0 0 1.02008e-06 9.50534e-07
0.487089 1.20167e-06 1.15426e-06 0 0 0 0 0 0 1.20167e-06 1.15426e-06
0.487447 1.41889e-06 1.40645e-06 0 0 0 0 0 0 1.41889e-06 1.40645e-06
0.487804 1.67912e-06 1.71952e-06 0 0 0 0 0 0 1.67912e-06 1.71952e-06
0.488162 1.99119e-06 2.10921e-06 0 0 0 0 0 0 1.99119e-06 2.10921e-06
0.48852 2.36565e-06 2.5954e-06 0 0 0 0 0 0 2.36565e-06 2.5954e-06
0.488877 2.81497e-06 3.20314e-06 0 0 0 0 0 0 2.81497e-06 3.20314e-06
0.489235 3.35371e-06 3.96389e-06 0 0 0 0 0 0 3.35371e-06 3.96389e-06
0.489593 3.99858e-06 4.91681e-06 0 0 0 0 0 0 3.99858e-06 4.91681e-06
0.48995 4.76826e-06 6.1102e-06 0 0 0 0 0 0 4.76826e-06 6.1102e-06
0.490308 5.68299e-06 7.60278e-06 0 0 0 0 0 0 5.68299e-06 7.60278e-06
0.490665 6.76342e-06 9.4645e-06 0 0 0 0 0 0 6.76342e-06 9.4645e-06
0.491023 8.02891e-06 1.17763e-05 0 0 0 0 0 0 8.02891e-06 1.17763e-05
0.491381 9.49456e-06 1.46282e-05 0 0 0 0 0 0 9.49456e-06 1.46282e-05
0.491738 1.1167e-05 1.81139e-05 0 0 0 0 0 0 1.1167e-05 1.81139e-05
0.492096 1.30384e-05 2.23208e-05 0 0 0 0 0 0 1.30384e-05 2.23208e-05
0.492454 1.50792e-05 2.7314e-05 0 0 0 0 0 0 1.50792e-05 2.7314e-05
0.492811 1.72296e-05 3.31105e-05 0 0 0 0 0 0 1.72296e-05 3.31105e-05
0.493169 1.93903e-05 3.96451e-05 0 0 0 0 0 0 1.93903e-05 3.96451e-05
0.493526 2.14158e-05 4.67254e-05 0 0 0 0 0 0 2.14158e-05 4.67254e-05
0.493884 2.3111e-05 5.39806e-05 0 0 0 0 0 0 2.3111e-05 5.39806e-05
0.494242 2.42356e-05 6.08081e-05 0 0 0 0 0 0 2.42356e-05 6.08081e-05
0.494599 2.45178e-05 6.63294e-05 0 0 0 0 0 0 2.45178e-05 6.63294e-05
0.494957 2.36818e-05 6.9368e-05 0 0 0 0 0 0 2.36818e-05 6.9368e-05
0.495315 2.14865e-05 6.84658e-05 0 0 0 0 0 0 2.14865e-05 6.84658e-05
0.495672 1.77766e-05 6.19552e-05 0 0 0 0 0 0 1.77766e-05 6.19552e-05
0.49603 1.25376e-05 4.81e-05 0 0 0 0 0 0 1.25376e-05 4.81e-05
0.496387 5.94747e-06 2.53112e-05 0 0 0 0 0 0 5.94747e-06 2.53112e-05
0.496745 -1.58846e-06 -7.57055e-06 0 0 0 0 0 0 -1.58846e-06 -7.57055e-06
0.497103 -9.43275e-06 -5.09506e-05 0 0 0 0 0 0 -9.43275e-06 -5.09506e-05
0.49746 -1.67546e-05 -0.000104163 0 0 0 0 0 0 -1.67546e-05 -0.000104163
0.497818 -2.26189e-05 -0.00016523 0 0 0 0 0 0 -2.26189e-05 -0.00016523
0.498176 -2.61237e-05 -0.000230771 0 0 0 0 0 0 -2.61237e-05 -0.000230771
0.498533 -2.65676e-05 -0.00029615 0 0 0 0 0 0 -2.65676e-05 -0.00029615
0.498891 -2.3616e-05 -0.000355891 0 0 0 0 0 0 -2.3616e-05 -0.000355891
0.499249 -1.74229e-05 -0.00040435 0 0 0 0 0 0 -1.74229e-05 -0.00040435
0.499606 -8.66671e-06 -0.000436543 0 0 0 0 0 0 -8.66671e-06 -0.000436543
0.499964 1.52547e-06 -0.000448973 0 0 0 0 0 0 1.52547e-06 -0.000448973
0.500321 1.17594e-05 -0.00044025 0 0 0 0 0 0 1.17594e-05 -0.00044025
0.500679 2.06229e-05 -0.000411349 0 0 0 0 0 0 2.06229e-05 -0.000411349
0.501037 2.69404e-05 -0.000365433 0 0 0 0 0 0 2.69404e-05 -0.000365433
0.501394 2.99696e-05 -0.000307283 0 0 0 0 0 0 2.99696e-05 -0.000307283
0.501752 2.94947e-05 -0.0002425 0 0 0 0 0 0 2.94947e-05 -0.0002425
0.50211 2.58071e-05 -0.000176656 0 0 0 0 0 0 2.58071e-05 -0.000176656
0.502467 1.9593e-05 -0.000114583 0 0 0 0 0 0 1.9593e-05 -0.000114583
0.502825 1.17681e-05 -5.99068e-05 0 0 0 0 0 0 1.17681e-05 -5.99068e-05
0.503182 3.30512e-06 -1.48526e-05 0 0 0 0 0 0 3.30512e-06 -1.48526e-05
0.50354 -4.91314e-06 1.97024e-05 0 0 0 0 0 0 -4.91314e-06 1.97024e-05
0.503898 -1.21932e-05 4.40074e-05 0 0 0 0 0 0 -1.21932e-05 4.40074e-05
0.504255 -1.80784e-05 5.91268e-05 0 0 0 0 0 0 -1.80784e-05 5.91268e-05
0.504613 -2.23509e-05 6.66106e-05 0 0 0 0 0 0 -2.23509e-05 6.66106e-05
0.504971 -2.49992e-05 6.82002e-05 0 0 0 0 0 0 -2.49992e-05 6.82002e-05
0.505328 -2.61676e-05 6.55978e-05 0 0 0 0 0 0 -2.61676e-05 6.55978e-05
0.505686 -2.60988e-05 6.03121e-05 0 0 0 0 0 0 -2.60988e-05 6.03121e-05
0.506043 -2.50802e-05 5.35745e-05 0 0 0 0 0 0 -2.50802e-05 5.35745e-05
0.506401 -2.34008e-05 4.63142e-05 0 0 0 0 0 0 -2.34008e-05 4.63142e-05
0.506759 -2.13214e-05 3.91763e-05 0 0 0 0 0 0 -2.13214e-05 3.91763e-05
0.507116 -1.90571e-05 3.25631e-05 0 0 0 0 0 0 -1.90571e-05 3.25631e-05
0.507474 -1.67718e-05 2.66884e-05 0 0 0 0 0 0 -1.67718e-05 2.66884e-05
0.507832 -1.45795e-05 2.163e-05 0 0 0 0 0 0 -1.45795e-05 2.163e-05
0.508189 -1.25517e-05 1.73766e-05 0 0 0 0 0 0 -1.25517e-05 1.73766e-05
0.508547 -1.07262e-05 1.38646e-05 0 0 0 0 0 0 -1.07262e-05 1.38646e-05
0.508904 -9.11605e-06 1.10048e-05 0 0 0 0 0 0 -9.11605e-06 1.10048e-05
0.509262 -7.7177e-06 8.70062e-06 0 0 0 0 0 0 -7.7177e-06 8.70062e-06
0.50962 -6.51743e-06 6.85879e-06 0 0 0 0 0 0 -6.51743e-06 6.85879e-06
0.509977 -5.49613e-06 5.39497e-06 0 0 0 0 0 0 -5.49613e-06 5.39497e-06
0.510335 -4.63264e-06 4.23631e-06 0 0 0 0 0 0 -4.63264e-06 4.23631e-06
0.510693 -3.90582e-06 3.32171e-06 0 0 0 0 0 0 -3.90582e-06 3.32171e-06
0.51105 -3.29585e-06 2.60098e-06 0 0 0 0 0 0 -3.29585e-06 2.60098e-06
0.511408 -2.78484e-06 2.03354e-06 0 0 0 0 0 0 -2.78484e-06 2.03354e-06
0.511765 -2.35705e-06 1.58694e-06 0 0 0 0 0 0 -2.35705e-06 1.58694e-06
0.512123 -1.99894e-06 1.23543e-06 0 0 0 0 0 0 -1.99894e-06 1.23543e-06
0.512481 -1.69898e-06 9.58682e-07 0 0 0 0 0 0 -1.69898e-06 9.58682e-07
0.512838 -1.44744e-06 7.40697e-07 0 0 0 0 0 0 -1.44744e-06 7.40697e-07
0.513196 -1.23621e-06 5.68925e-07 0 0 0 0 0 0 -1.23621e-06 5.68925e-07
0.513554 -1.05851e-06 4.33527e-07 0 0 0 0 0 0 -1.05851e-06 4.33527e-07
0.513911 -9.08722e-07 3.26786e-07 0 0 0 0 0 0 -9.08722e-07 3.26786e-07
0.514269 -7.82187e-07 2.42652e-07 0 0 0 0 0 0 -7.82187e-07 2.42652e-07
0.514627 -6.75051e-07 1.76375e-07 0 0 0 0 0 0 -6.75051e-07 1.76375e-07
0.514984 -5.84125e-07 1.24223e-07 0 0 0 0 0 0 -5.84125e-07 1.24223e-07
0.515342 -5.06766e-07 8.32578e-08 0 0 0 0 0 0 -5.06766e-07 8.32578e-08
0.515699 -4.40788e-07 5.11635e-08 0 0 0 0 0 0 -4.40788e-07 5.11635e-08
0.516057 -3.84376e-07 2.61106e-08 0 0 0 0 0 0 -3.84376e-07 2.61106e-08
0.516415 -3.36022e-07 6.65201e-09 0 0 0 0 0 0 -3.36022e-07 6.65201e-09
0.516772 -2.94472e-07 -8.35954e-09 0 0 0 0 0 0 -2.94472e-07 -8.35954e-09
0.51713 -2.5868e-07 -1.9835e-08 0 0 0 0 0 0 -2.5868e-07 -1.9835e-08
0.517488 -2.27772e-07 -2.84989e-08 0 0 0 0 0 0 -2.27772e-07 -2.84989e-08
0.517845 -2.01019e-07 -3.49285e-08 0 0 0 0 0 0 -2.01019e-07 -3.49285e-08
0.518203 -1.77805e-07 -3.95845e-08 0 0 0 0 0 0 -1.77805e-07 -3.95845e-08
0.51856 -1.57617e-07 -4.28349e-08 0 0 0 0 0 0 -1.57617e-07 -4.28349e-08
0.518918 -1.40018e-07 -4.4974e-08 0 0 0 0 0 0 -1.40018e-07 -4.4974e-08
0.519276 -1.24643e-07 -4.62377e-08 0 0 0 0 0 0 -1.24643e-07 -4.62377e-08
0.519633 -1.11182e-07 -4.68146e-08 0 0 0 0 0 0 -1.11182e-07 -4.68146e-08
0.519991 -9.93694e-08 -4.68563e-08 0 0 0 0 0 0 -9.93694e-08 -4.68563e-08
0.520349 -8.89827e-08 -4.64841e-08 0 0 0 0 0 0 -8.89827e-08 -4.64841e-08
0.520706 -7.98308e-08 -4.57952e-08 0 0 0 0 0 0 -7.98308e-08 -4.57952e-08
0.521064 -7.17505e-08 -4.48675e-08 0 0 0 0 0 0 -7.17505e-08 -4.48675e-08
0.521421 -6.46024e-08 -4.37635e-08 0 0 0 0 0 0 -6.46024e-08 -4.37635e-08
0.521779 -5.82668e-08 -4.25327e-08 0 0 0 0 0 0 -5.82668e-08 -4.25327e-08
0.522137 -5.26409e-08 -4.1215e-08 0 0 0 0 0 0 -5.26409e-08 -4.1215e-08
0.522494 -4.76359e-08 -3.98418e-08 0 0 0 0 0 0 -4.76359e-08 -3.98418e-08
0.522852 -4.31755e-08 -3.8438e-08 0 0 0 0 0 0 -4.31755e-08 -3.8438e-08
0.52321 -3.91933e-08 -3.70233e-08 0 0 0 0 0 0 -3.91933e-08 -3.70233e-08
0.523567 -3.56322e-08 -3.56128e-08 0 0 0 0 0 0 -3.56322e-08 -3.56128e-08
0.523925 -3.24423e-08 -3.42184e-08 0 0 0 0 0 0 -3.24423e-08 -3.42184e-08
0.524282 -2.95802e-08 -3.28491e-08 0 0 0 0 0 0 -2.95802e-08 -3.28491e-08
0.52464 -2.70083e-08 -3.15118e-08 0 0 0 0 0 0 -2.70083e-08 -3.15118e-08
0.524998 -2.46935e-08 -3.02113e-08 0 0 0 0 0 0 -2.46935e-08 -3.02113e-08
0.525355 -2.2607e-08 -2.89513e-08 0 0 0 0 0 0 -2.2607e-08 -2.89513e-08
0.525713 -2.07235e-08 -2.7734e-08 0 0 0 0 0 0 -2.07235e-08 -2.7734e-08
0.526071 -1.90208e-08 -2.65609e-08 0 0 0 0 0 0 -1.90208e-08 -2.65609e-08
0.526428 -1.74794e-08 -2.54327e-08 0 0 0 0 0 0 -1.74794e-08 -2.54327e-08
0.526786 -1.60822e-08 -2.43495e-08 0 0 0 0 0 0 -1.60822e-08 -2.43495e-08
0.527143 -1.48139e-08 -2.3311e-08 0 0 0 0 0 0 -1.48139e-08 -2.3311e-08
0.527501 -1.36611e-08 -2.23165e-08 0 0 0 0 0 0 -1.36611e-08 -2.23165e-08
0.527859 -1.2612e-08 -2.1365e-08 0 0 0 0 0 0 -1.2612e-08 -2.1365e-08
0.528216 -1.16561e-08 -2.04555e-08 0 0 0 0 0 0 -1.16561e-08 -2.04555e-08
0.528574 -1.0784e-08 -1.95867e-08 0 0 0 0 0 0 -1.0784e-08 -1.95867e-08
0.528932 -9.98741e-09 -1.87571e-08 0 0 0 0 0 0 -9.98741e-09 -1.87571e-08
0.529289 -9.25899e-09 -1.79654e-08 0 0 0 0 0 0 -9.25899e-09 -1.79654e-08
0.529647 -8.59212e-09 -1.72101e-08 0 0 0 0 0 0 -8.59212e-09 -1.72101e-08
0.530005 -7.98093e-09 -1.64897e-08 0 0 0 0 0 0 -7.98093e-09 -1.64897e-08
0.530362 -7.42015e-09 -1.58027e-08 0 0 0 0 0 0 -7.42015e-09 -1.58027e-08
0.53072 -6.90509e-09 -1.51476e-08 0 0 0 0 0 0 -6.90509e-09 -1.51476e-08
0.531077 -6.43152e-09 -1.4523e-08 0 0 0 0 0 0 -6.43152e-09 -1.4523e-08
0.531435 -5.99565e-09 -1.39275e-08 0 0 0 0 0 0 -5.99565e-09 -1.39275e-08
0.531793 -5.59409e-09 -1.33598e-08 0 0 0 0 0 0 -5.59409e-09 -1.33598e-08
0.53215 -5.22378e-09 -1.28184e-08 0 0 0 0 0 0 -5.22378e-09 -1.28184e-08
0.532508 -4.88195e-09 -1.23022e-08 0 0 0 0 0 0 -4.88195e-09 -1.23022e-08
0.532866 -4.56613e-09 -1.181e-08 0 0 0 0 0 0 -4.56613e-09 -1.181e-08
0.533223 -4.27406e-09 -1.13405e-08 0 0 0 0 0 0 -4.27406e-09 -1.13405e-08
0.533581 -4.00372e-09 -1.08926e-08 0 0 0 0 0 0 -4.00372e-09 -1.08926e-08
0.533938 -3.75328e-09 -1.04652e-08 0 0 0 0 0 0 -3.75328e-09 -1.04652e-08
0.534296 -3.52106e-09 -1.00575e-08 0 0 0 0 0 0 -3.52106e-09 -1.00575e-08
0.534654 -3.30556e-09 -9.66824e-09 0 0 0 0 0 0 -3.30556e-09 -9.66824e-09
0.535011 -3.10542e-09 -9.29668e-09 0 0 0 0 0 0 -3.10542e-09 -9.29668e-09
0.535369 -2.91939e-09 -8.94188e-09 0 0 0 0 0 0 -2.91939e-09 -8.94188e-09
0.535727 -2.74633e-09 -8.60301e-09 0 0 0 0 0 0 -2.74633e-09 -8.60301e-09
0.536084 -2.58522e-09 -8.27928e-09 0 0 0 0 0 0 -2.58522e-09 -8.27928e-09
0.536442 -2.43512e-09 -7.96994e-09 0 0 0 0 0 0 -2.43512e-09 -7.96994e-09
0.536799 -2.29517e-09 -7.67427e-09 0 0 0 0 0 0 -2.29517e-09 -7.67427e-09
0.537157 -2.16459e-09 -7.3916e-09 0 0 0 0 0 0 -2.16459e-09 -7.3916e-09
0.537515 -2.04267e-09 -7.12128e-09 0 0 0 0 0 0 -2.04267e-09 -7.12128e-09
0.537872 -1.92875e-09 -6.8627e-09 0 0 0 0 0 0 -1.92875e-09 -6.8627e-09
0.53823 -1.82223e-09 -6.61529e-09 0 0 0 0 0 0 -1.82223e-09 -6.61529e-09
0.538588 -1.72257e-09 -6.3785e-09 0 0 0 0 0 0 -1.72257e-09 -6.3785e-09
0.538945 -1.62926e-09 -6.15182e-09 0 0 0 0 0 0 -1.62926e-09 -6.15182e-09
0.539303 -1.54184e-09 -5.93475e-09 0 0 0 0 0 0 -1.54184e-09 -5.93475e-09
0.53966 -1.45988e-09 -5.72683e-09 0 0 0 0 0 0 -1.45988e-09 -5.72683e-09
0.540018 -1.383e-09 -5.52762e-09 0 0 0 0 0 0 -1.383e-09 -5.52762e-09
0.540376 -1.31084e-09 -5.3367e-09 0 0 0 0 0 0 -1.31084e-09 -5.3367e-09
0.540733 -1.24307e-09 -5.15367e-09 0 0 0 0 0 0 -1.24307e-09 -5.15367e-09
0.541091 -1.17938e-09 -4.97817e-09 0 0 0 0 0 0 -1.17938e-09 -4.97817e-09
0.541449 -1.11949e-09 -4.80984e-09 0 0 0 0 0 0 -1.11949e-09 -4.80984e-09
0.541806 -1.06314e-09 -4.64833e-09 0 0 0 0 0 0 -1.06314e-09 -4.64833e-09
0.542164 -1.0101e-09 -4.49334e-09 0 0 0 0 0 0 -1.0101e-09 -4.49334e-09
0.542521 -9.6014e-10 -4.34456e-09 0 0 0 0 0 0 -9.6014e-10 -4.34456e-09
0.542879 -9.13057e-10 -4.2017e-09 0 0 0 0 0 0 -9.13057e-10 -4.2017e-09
0.543237 -8.68662e-10 -4.06448e-09 0 0 0 0 0 0 -8.68662e-10 -4.06448e-09
0.543594 -8.26781e-10 -3.93266e-09 0 0 0 0 0 0 -8.26781e-10 -3.93266e-09
0.543952 -7.8725e-10 -3.80599e-09 0 0 0 0 0 0 -7.8725e-10 -3.80599e-09
0.54431 -7.49918e-10 -3.68422e-09 0 0 0 0 0 0 -7.49918e-10 -3.68422e-09
0.544667 -7.14646e-10 -3.56716e-09 0 0 0 0 0 0 -7.14646e-10 -3.56716e-09
0.545025 -6.81304e-10 -3.45457e-09 0 0 0 0 0 0 -6.81304e-10 -3.45457e-09
0.545382 -6.49772e-10 -3.34626e-09 0 0 0 0 0 0 -6.49772e-10 -3.34626e-09
0.54574 -6.19936e-10 -3.24205e-09 0 0 0 0 0 0 -6.19936e-10 -3.24205e-09
0.546098 -5.91693e-10 -3.14176e-09 0 0 0 0 0 0 -5.91693e-10 -3.14176e-09
0.546455 -5.64946e-10 -3.04521e-09 0 0 0 0 0 0 -5.64946e-10 -3.04521e-09
0.546813 -5.39603e-10 -2.95224e-09 0 0 0 0 0 0 -5.39603e-10 -2.95224e-09
0.547171 -5.15581e-10 -2.86269e-09 0 0 0 0 0 0 -5.15581e-10 -2.86269e-09
0.547528 -4.92801e-10 -2.77642e-09 0 0 0 0 0 0 -4.92801e-10 -2.77642e-09
0.547886 -4.71189e-10 -2.69329e-09 0 0 0 0 0 0 -4.71189e-10 -2.69329e-09
0.548244 -4.50677e-10 -2.61317e-09 0 0 0 0 0 0 -4.50677e-10 -2.61317e-09
0.548601 -4.31201e-10 -2.53593e-09 0 0 0 0 0 0 -4.31201e-10 -2.53593e-09
0.548959 -4.12701e-10 -2.46144e-09 0 0 0 0 0 0 -4.12701e-10 -2.46144e-09
0.549316 -3.95122e-10 -2.3896e-09 0 0 0 0 0 0 -3.95122e-10 -2.3896e-09
0.549674 -3.7841e-10 -2.32029e-09 0 0 0 0 0 0 -3.7841e-10 -2.32029e-09
0.550032 -3.62518e-10 -2.25341e-09 0 0 0 0 0 0 -3.62518e-10 -2.25341e-09
0.550389 -3.47398e-10 -2.18886e-09 0 0 0 0 0 0 -3.47398e-10 -2.18886e-09
0.550747 -3.33008e-10 -2.12655e-09 0 0 0 0 0 0 -3.33008e-10 -2.12655e-09
0.551105 -3.19308e-10 -2.06638e-09 0 0 0 0 0 0 -3.19308e-10 -2.06638e-09
0.551462 -3.0626e-10 -2.00826e-09 0 0 0 0 0 0 -3.0626e-10 -2.00826e-09
0.55182 -2.93829e-10 -1.95212e-09 0 0 0 0 0 0 -2.93829e-10 -1.95212e-09
0.552177 -2.8198e-10 -1.89788e-09 0 0 0 0 0 0 -2.8198e-10 -1.89788e-09
0.552535 -2.70684e-10 -1.84546e-09 0 0 0 0 0 0 -2.70684e-10 -1.84546e-09
0.552893 -2.5991e-10 -1.79479e-09 0 0 0 0 0 0 -2.5991e-10 -1.79479e-09
0.55325 -2.49631e-10 -1.74581e-09 0 0 0 0 0 0 -2.49631e-10 -1.74581e-09
0.553608 -2.39821e-10 -1.69843e-09 0 0 0 0 0 0 -2.39821e-10 -1.69843e-09
0.553966 -2.30456e-10 -1.65262e-09 0 0 0 0 0 0 -2.30456e-10 -1.65262e-09
0.554323 -2.21512e-10 -1.60829e-09 0 0 0 0 0 0 -2.21512e-10 -1.60829e-09
0.554681 -2.12968e-10 -1.56541e-09 0 0 0 0 0 0 -2.12968e-10 -1.56541e-09
0.555038 -2.04803e-10 -1.5239e-09 0 0 0 0 0 0 -2.04803e-10 -1.5239e-09
0.555396 -1.96999e-10 -1.48372e-09 0 0 0 0 0 0 -1.96999e-10 -1.48372e-09
0.555754 -1.89536e-10 -1.44483e-09 0 0 0 0 0 0 -1.89536e-10 -1.44483e-09
0.556111 -1.82399e-10 -1.40717e-09 0 0 0 0 0 0 -1.82399e-10 -1.40717e-09
0.556469 -1.7557e-10 -1.37069e-09 0 0 0 0 0 0 -1.7557e-10 -1.37069e-09
0.556827 -1.69035e-10 -1.33535e-09 0 0 0 0 0 0 -1.69035e-10 -1.33535e-09
0.557184 -1.62779e-10 -1.30112e-09 0 0 0 0 0 0 -1.62779e-10 -1.30112e-09
0.557542 -1.56788e-10 -1.26794e-09 0 0 0 0 0 0 -1.56788e-10 -1.26794e-09
0.557899 -1.5105e-10 -1.23579e-09 0 0 0 0 0 0 -1.5105e-10 -1.23579e-09
0.558257 -1.45553e-10 -1.20462e-09 0 0 0 0 0 0 -1.45553e-10 -1.20462e-09
0.558615 -1.40285e-10 -1.1744e-09 0 0 0 0 0 0 -1.40285e-10 -1.1744e-09
0.558972 -1.35234e-10 -1.1451e-09 0 0 0 0 0 0 -1.35234e-10 -1.1451e-09
0.55933 -1.30392e-10 -1.11668e-09 0 0 0 0 0 0 -1.30392e-10 -1.11668e-09
0.559688 -1.25748e-10 -1.08911e-09 0 0 0 0 0 0 -1.25748e-10 -1.08911e-09
0.560045 -1.21293e-10 -1.06236e-09 0 0 0 0 0 0 -1.21293e-10 -1.06236e-09
0.560403 -1.17017e-10 -1.03641e-09 0 0 0 0 0 0 -1.17017e-10 -1.03641e-09
0.56076 -1.12914e-10 -1.01121e-09 0 0 0 0 0 0 -1.12914e-10 -1.01121e-09
0.561118 -1.08975e-10 -9.86763e-10 0 0 0 0 0 0 -1.08975e-10 -9.86763e-10
0.561476 -1.05192e-10 -9.63024e-10 0 0 0 0 0 0 -1.05192e-10 -9.63024e-10
0.561833 -1.01558e-10 -9.39973e-10 0 0 0 0 0 0 -1.01558e-10 -9.39973e-10
0.562191 -9.80672e-11 -9.17588e-10 0 0 0 0 0 0 -9.80672e-11 -9.17588e-10
0.562549 -9.47127e-11 -8.95846e-10 0 0 0 0 0 0 -9.47127e-11 -8.95846e-10
0.562906 -9.14884e-11 -8.74724e-10 0 0 0 0 0 0 -9.14884e-11 -8.74724e-10
0.563264 -8.83887e-11 -8.54202e-10 0 0 0 0 0 0 -8.83887e-11 -8.54202e-10
0.563622 -8.54081e-11 -8.34261e-10 0 0 0 0 0 0 -8.54081e-11 -8.34261e-10
0.563979 -8.25412e-11 -8.1488e-10 0 0 0 0 0 0 -8.25412e-11 -8.1488e-10
0.564337 -7.97833e-11 -7.96041e-10 0 0 0 0 0 0 -7.97833e-11 -7.96041e-10
0.564694 -7.71296e-11 -7.77727e-10 0 0 0 0 0 0 -7.71296e-11 -7.77727e-10
0.565052 -7.45757e-11 -7.5992e-10 0 0 0 0 0 0 -7.45757e-11 -7.5992e-10
0.56541 -7.21172e-11 -7.42604e-10 0 0 0 0 0 0 -7.21172e-11 -7.42604e-10
0.565767 -6.97502e-11 -7.25762e-10 0 0 0 0 0 0 -6.97502e-11 -7.25762e-10
0.566125 -6.74707e-11 -7.0938e-10 0 0 0 0 0 0 -6.74707e-11 -7.0938e-10
0.566483 -6.52751e-11 -6.93442e-10 0 0 0 0 0 0 -6.52751e-11 -6.93442e-10
0.56684 -6.31599e-11 -6.77936e-10 0 0 0 0 0 0 -6.31599e-11 -6.77936e-10
0.567198 -6.11218e-11 -6.62846e-10 0 0 0 0 0 0 -6.11218e-11 -6.62846e-10
0.567555 -5.91576e-11 -6.48159e-10 0 0 0 0 0 0 -5.91576e-11 -6.48159e-10
0.567913 -5.72642e-11 -6.33864e-10 0 0 0 0 0 0 -5.72642e-11 -6.33864e-10
0.568271 -5.54387e-11 -6.19948e-10 0 0 0 0 0 0 -5.54387e-11 -6.19948e-10
0.568628 -5.36784e-11 -6.06398e-10 0 0 0 0 0 0 -5.36784e-11 -6.06398e-10
0.568986 -5.19807e-11 -5.93204e-10 0 0 0 0 0 0 -5.19807e-11 -5.93204e-10
0.569344 -5.0343e-11 -5.80354e-10 0 0 0 0 0 0 -5.0343e-11 -5.80354e-10
0.569701 -4.87629e-11 -5.67839e-10 0 0 0 0 0 0 -4.87629e-11 -5.67839e-10
0.570059 -4.72382e-11 -5.55647e-10 0 0 0 0 0 0 -4.72382e-11 -5.55647e-10
0.570416 -4.57666e-11 -5.4377e-10 0 0 0 0 0 0 -4.57666e-11 -5.4377e-10
0.570774 -4.43461e-11 -5.32196e-10 0 0 0 0 0 0 -4.43461e-11 -5.32196e-10
0.571132 -4.29747e-11 -5.20919e-10 0 0 0 0 0 0 -4.29747e-11 -5.20919e-10
0.571489 -4.16504e-11 -5.09927e-10 0 0 0 0 0 0 -4.16504e-11 -5.09927e-10
0.571847 -4.03713e-11 -4.99213e-10 0 0 0 0 0 0 -4.03713e-11 -4.99213e-10
0.572205 -3.91359e-11 -4.88769e-10 0 0 0 0 0 0 -3.91359e-11 -4.88769e-10
0.572562 -3.79424e-11 -4.78587e-10 0 0 0 0 0 0 -3.79424e-11 -4.78587e-10
0.57292 -3.67891e-11 -4.68658e-10 0 0 0 0 0 0 -3.67891e-11 -4.68658e-10
0.573277 -3.56746e-11 -4.58976e-10 0 0 0 0 0 0 -3.56746e-11 -4.58976e-10
0.573635 -3.45974e-11 -4.49534e-10 0 0 0 0 0 0 -3.45974e-11 -4.49534e-10
0.573993 -3.3556e-11 -4.40323e-10 0 0 0 0 0 0 -3.3556e-11 -4.40323e-10
0.57435 -3.25492e-11 -4.31339e-10 0 0 0 0 0 0 -3.25492e-11 -4.31339e-10
0.574708 -3.15757e-11 -4.22573e-10 0 0 0 0 0 0 -3.15757e-11 -4.22573e-10
0.575066 -3.06341e-11 -4.1402e-10 0 0 0 0 0 0 -3.06341e-11 -4.1402e-10
0.575423 -2.97234e-11 -4.05674e-10 0 0 0 0 0 0 -2.97234e-11 -4.05674e-10
0.575781 -2.88424e-11 -3.97529e-10 0 0 0 0 0 0 -2.88424e-11 -3.97529e-10
0.576138 -2.799e-11 -3.8958e-10 0 0 0 0 0 0 -2.799e-11 -3.8958e-10
0.576496 -2.71651e-11 -3.8182e-10 0 0 0 0 0 0 -2.71651e-11 -3.8182e-10
0.576854 -2.63668e-11 -3.74244e-10 0 0 0 0 0 0 -2.63668e-11 -3.74244e-10
0.577211 -2.55942e-11 -3.66848e-10 0 0 0 0 0 0 -2.55942e-11 -3.66848e-10
0.577569 -2.48462e-11 -3.59625e-10 0 0 0 0 0 0 -2.48462e-11 -3.59625e-10
0.577927 -2.4122e-11 -3.52573e-10 0 0 0 0 0 0 -2.4122e-11 -3.52573e-10
0.578284 -2.34207e-11 -3.45685e-10 0 0 0 0 0 0 -2.34207e-11 -3.45685e-10
0.578642 -2.27416e-11 -3.38957e-10 0 0 0 0 0 0 -2.27416e-11 -3.38957e-10
0.579 -2.20839e-11 -3.32386e-10 0 0 0 0 0 0 -2.20839e-11 -3.32386e-10
0.579357 -2.14467e-11 -3.25966e-10 0 0 0 0 0 0 -2.14467e-11 -3.25966e-10
0.579715 -2.08295e-11 -3.19693e-10 0 0 0 0 0 0 -2.08295e-11 -3.19693e-10
0.580072 -2.02314e-11 -3.13564e-10 0 0 0 0 0 0 -2.02314e-11 -3.13564e-10
0.58043 -1.96518e-11 -3.07575e-10 0 0 0 0 0 0 -1.96518e-11 -3.07575e-10
0.580788 -1.90902e-11 -3.01722e-10 0 0 0 0 0 0 -1.90902e-11 -3.01722e-10
0.581145 -1.85458e-11 -2.96001e-10 0 0 0 0 0 0 -1.85458e-11 -2.96001e-10
0.581503 -1.8018e-11 -2.90409e-10 0 0 0 0 0 0 -1.8018e-11 -2.90409e-10
0.581861 -1.75064e-11 -2.84942e-10 0 0 0 0 0 0 -1.75064e-11 -2.84942e-10
0.582218 -1.70103e-11 -2.79598e-10 0 0 0 0 0 0 -1.70103e-11 -2.79598e-10
0.582576 -1.65293e-11 -2.74372e-10 0 0 0 0 0 0 -1.65293e-11 -2.74372e-10
0.582933 -1.60628e-11 -2.69262e-10 0 0 0 0 0 0 -1.60628e-11 -2.69262e-10
0.583291 -1.56103e-11 -2.64265e-10 0 0 0 0 0 0 -1.56103e-11 -2.64265e-10
0.583649 -1.51714e-11 -2.59378e-10 0 0 0 0 0 0 -1.51714e-11 -2.59378e-10
0.584006 -1.47455e-11 -2.54598e-10 0 0 0 0 0 0 -1.47455e-11 -2.54598e-10
0.584364 -1.43324e-11 -2.49923e-10 0 0 0 0 0 0 -1.43324e-11 -2.49923e-10
0.584722 -1.39316e-11 -2.45349e-10 0 0 0 0 0 0 -1.39316e-11 -2.45349e-10
0.585079 -1.35426e-11 -2.40874e-10 0 0 0 0 0 0 -1.35426e-11 -2.40874e-10
0.585437 -1.3165e-11 -2.36495e-10 0 0 0 0 0 0 -1.3165e-11 -2.36495e-10
0.585794 -1.27986e-11 -2.32211e-10 0 0 0 0 0 0 -1.27986e-11 -2.32211e-10
0.586152 -1.24429e-11 -2.28019e-10 0 0 0 0 0 0 -1.24429e-11 -2.28019e-10
0.58651 -1.20975e-11 -2.23916e-10 0 0 0 0 0 0 -1.20975e-11 -2.23916e-10
0.586867 -1.17622e-11 -2.199e-10 0 0 0 0 0 0 -1.17622e-11 -2.199e-10
0.587225 -1.14367e-11 -2.15969e-10 0 0 0 0 0 0 -1.14367e-11 -2.15969e-10
0.587583 -1.11206e-11 -2.12121e-10 0 0 0 0 0 0 -1.11206e-11 -2.12121e-10
0.58794 -1.08135e-11 -2.08354e-10 0 0 0 0 0 0 -1.08135e-11 -2.08354e-10
0.588298 -1.05153e-11 -2.04665e-10 0 0 0 0 0 0 -1.05153e-11 -2.04665e-10
0.588655 -1.02257e-11 -2.01054e-10 0 0 0 0 0 0 -1.02257e-11 -2.01054e-10
0.589013 -9.94429e-12 -1.97518e-10 0 0 0 0 0 0 -9.94429e-12 -1.97518e-10
0.589371 -9.67092e-12 -1.94055e-10 0 0 0 0 0 0 -9.67092e-12 -1.94055e-10
0.589728 -9.40532e-12 -1.90663e-10 0 0 0 0 0 0 -9.40532e-12 -1.90663e-10
0.590086 -9.14723e-12 -1.87342e-10 0 0 0 0 0 0 -9.14723e-12 -1.87342e-10
0.590444 -8.89644e-12 -1.84088e-10 0 0 0 0 0 0 -8.89644e-12 -1.84088e-10
0.590801 -8.6527e-12 -1.80901e-10 0 0 0 0 0 0 -8.6527e-12 -1.80901e-10
0.591159 -8.41581e-12 -1.77778e-10 0 0 0 0 0 0 -8.41581e-12 -1.77778e-10
0.591516 -8.18555e-12 -1.74719e-10 0 0 0 0 0 0 -8.18555e-12 -1.74719e-10
0.591874 -7.96172e-12 -1.71722e-10 0 0 0 0 0 0 -7.96172e-12 -1.71722e-10
0.592232 -7.74412e-12 -1.68785e-10 0 0 0 0 0 0 -7.74412e-12 -1.68785e-10
0.592589 -7.53256e-12 -1.65907e-10 0 0 0 0 0 0 -7.53256e-12 -1.65907e-10
0.592947 -7.32687e-12 -1.63087e-10 0 0 0 0 0 0 -7.32687e-12 -1.63087e-10
0.593305 -7.12685e-12 -1.60322e-10 0 0 0 0 0 0 -7.12685e-12 -1.60322e-10
0.593662 -6.93235e-12 -1.57613e-10 0 0 0 0 0 0 -6.93235e-12 -1.57613e-10
0.59402 -6.74319e-12 -1.54957e-10 0 0 0 0 0 0 -6.74319e-12 -1.54957e-10
0.594378 -6.55921e-12 -1.52354e-10 0 0 0 0 0 0 -6.55921e-12 -1.52354e-10
0.594735 -6.38027e-12 -1.49802e-10 0 0 0 0 0 0 -6.38027e-12 -1.49802e-10
0.595093 -6.2062e-12 -1.47299e-10 0 0 0 0 0 0 -6.2062e-12 -1.47299e-10
0.59545 -6.03687e-12 -1.44846e-10 0 0 0 0 0 0 -6.03687e-12 -1.44846e-10
0.595808 -5.87214e-12 -1.4244e-10 0 0 0 0 0 0 -5.87214e-12 -1.4244e-10
0.596166 -5.71187e-12 -1.40081e-10 0 0 0 0 0 0 -5.71187e-12 -1.40081e-10
0.596523 -5.55592e-12 -1.37768e-10 0 0 0 0 0 0 -5.55592e-12 -1.37768e-10
0.596881 -5.40418e-12 -1.35499e-10 0 0 0 0 0 0 -5.40418e-12 -1.35499e-10
0.597239 -5.25652e-12 -1.33274e-10 0 0 0 0 0 0 -5.25652e-12 -1.33274e-10
0.597596 -5.11282e-12 -1.31091e-10 0 0 0 0 0 0 -5.11282e-12 -1.31091e-10
0.597954 -4.97297e-12 -1.2895e-10 0 0 0 0 0 0 -4.97297e-12 -1.2895e-10
0.598311 -4.83685e-12 -1.2685e-10 0 0 0 0 0 0 -4.83685e-12 -1.2685e-10
0.598669 -4.70436e-12 -1.2479e-10 0 0 0 0 0 0 -4.70436e-12 -1.2479e-10
0.599027 -4.57539e-12 -1.22768e-10 0 0 0 0 0 0 -4.57539e-12 -1.22768e-10
0.599384 -4.44985e-12 -1.20785e-10 0 0 0 0 0 0 -4.44985e-12 -1.20785e-10
