0.399828 5.07921e-11 4.02234e-11 0 0 0 0 0 0 5.07921e-11 4.02234e-11
0.400186 5.17968e-11 4.11547e-11 0 0 0 0 0 0 5.17968e-11 4.11547e-11
0.400543 5.28225e-11 4.21091e-11 0 0 0 0 0 0 5.28225e-11 4.21091e-11
0.400901 5.38696e-11 4.30871e-11 0 0 0 0 0 0 5.38696e-11 4.30871e-11
0.401258 5.49386e-11 4.40894e-11 0 0 0 0 0 0 5.49386e-11 4.40894e-11
0.401616 5.603e-11 4.51166e-11 0 0 0 0 0 0 5.603e-11 4.51166e-11
0.401974 5.71442e-11 4.61693e-11 0 0 0 0 0 0 5.71442e-11 4.61693e-11
0.402331 5.82817e-11 4.72483e-11 0 0 0 0 0 0 5.82817e-11 4.72483e-11
0.402689 5.94431e-11 4.83541e-11 0 0 0 0 0 0 5.94431e-11 4.83541e-11
0.403047 6.06287e-11 4.94875e-11 0 0 0 0 0 0 6.06287e-11 4.94875e-11
0.403404 6.18392e-11 5.06493e-11 0 0 0 0 0 0 6.18392e-11 5.06493e-11
0.403762 6.3075e-11 5.18401e-11 0 0 0 0 0 0 6.3075e-11 5.18401e-11
0.404119 6.43367e-11 5.30607e-11 0 0 0 0 0 0 6.43367e-11 5.30607e-11
0.404477 6.56249e-11 5.43118e-11 0 0 0 0 0 0 6.56249e-11 5.43118e-11
0.404835 6.694e-11 5.55944e-11 0 0 0 0 0 0 6.694e-11 5.55944e-11
0.405192 6.82827e-11 5.69092e-11 0 0 0 0 0 0 6.82827e-11 5.69092e-11
0.40555 6.96535e-11 5.8257e-11 0 0 0 0 0 0 6.96535e-11 5.8257e-11
0.405908 7.10531e-11 5.96387e-11 0 0 0 0 0 0 7.10531e-11 5.96387e-11
0.406265 7.24819e-11 6.10552e-11 0 0 0 0 0 0 7.24819e-11 6.10552e-11
0.406623 7.39407e-11 6.25074e-11 0 0 0 0 0 0 7.39407e-11 6.25074e-11
0.406981 7.54301e-11 6.39963e-11 0 0 0 0 0 0 7.54301e-11 6.39963e-11
0.407338 7.69506e-11 6.55227e-11 0 0 0 0 0 0 7.69506e-11 6.55227e-11
0.407696 7.8503e-11 6.70877e-11 0 0 0 0 0 0 7.8503e-11 6.70877e-11
0.408053 8.00879e-11 6.86923e-11 0 0 0 0 0 0 8.00879e-11 6.86923e-11
0.408411 8.1706e-11 7.03375e-11 0 0 0 0 0 0 8.1706e-11 7.03375e-11
0.408769 8.33579e-11 7.20244e-11 0 0 0 0 0 0 8.33579e-11 7.20244e-11
0.409126 8.50444e-11 7.37541e-11 0 0 0 0 0 0 8.50444e-11 7.37541e-11
0.409484 8.67662e-11 7.55276e-11 0 0 0 0 0 0 8.67662e-11 7.55276e-11
0.409842 8.85239e-11 7.73462e-11 0 0 0 0 0 0 8.85239e-11 7.73462e-11
0.410199 9.03183e-11 7.92109e-11 0 0 0 0 0 0 9.03183e-11 7.92109e-11
0.410557 9.21502e-11 8.11231e-11 0 0 0 0 0 0 9.21502e-11 8.11231e-11
0.410914 9.40203e-11 8.3084e-11 0 0 0 0 0 0 9.40203e-11 8.3084e-11
0.411272 9.59294e-11 8.50947e-11 0 0 0 0 0 0 9.59294e-11 8.50947e-11
0.41163 9.78783e-11 8.71567e-11 0 0 0 0 0 0 9.78783e-11 8.71567e-11
0.411987 9.98677e-11 8.92712e-11 0 0 0 0 0 0 9.98677e-11 8.92712e-11
0.412345 1.01899e-10 9.14397e-11 0 0 0 0 0 0 1.01899e-10 9.14397e-11
0.412703 1.03972e-10 9.36634e-11 0 0 0 0 0 0 1.03972e-10 9.36634e-11
0.41306 1.06088e-10 9.5944e-11 0 0 0 0 0 0 1.06088e-10 9.5944e-11
0.413418 1.08248e-10 9.82828e-11 0 0 0 0 0 0 1.08248e-10 9.82828e-11
0.413775 1.10452e-10 1.00681e-10 0 0 0 0 0 0 1.10452e-10 1.00681e-10
0.414133 1.12703e-10 1.03141e-10 0 0 0 0 0 0 1.12703e-10 1.03141e-10
0.414491 1.15e-10 1.05664e-10 0 0 0 0 0 0 1.15e-10 1.05664e-10
0.414848 1.17344e-10 1.08251e-10 0 0 0 0 0 0 1.17344e-10 1.08251e-10
0.415206 1.19737e-10 1.10905e-10 0 0 0 0 0 0 1.19737e-10 1.10905e-10
0.415564 1.22179e-10 1.13626e-10 0 0 0 0 0 0 1.22179e-10 1.13626e-10
0.415921 1.24671e-10 1.16417e-10 0 0 0 0 0 0 1.24671e-10 1.16417e-10
0.416279 1.27214e-10 1.19279e-10 0 0 0 0 0 0 1.27214e-10 1.19279e-10
0.416636 1.2981e-10 1.22215e-10 0 0 0 0 0 0 1.2981e-10 1.22215e-10
0.416994 1.32458e-10 1.25226e-10 0 0 0 0 0 0 1.32458e-10 1.25226e-10
0.417352 1.35161e-10 1.28314e-10 0 0 0 0 0 0 1.35161e-10 1.28314e-10
0.417709 1.37919e-10 1.31481e-10 0 0 0 0 0 0 1.37919e-10 1.31481e-10
0.418067 1.40733e-10 1.3473e-10 0 0 0 0 0 0 1.40733e-10 1.3473e-10
0.418425 1.43604e-10 1.38061e-10 0 0 0 0 0 0 1.43604e-10 1.38061e-10
0.418782 1.46533e-10 1.41478e-10 0 0 0 0 0 0 1.46533e-10 1.41478e-10
0.41914 1.49522e-10 1.44982e-10 0 0 0 0 0 0 1.49522e-10 1.44982e-10
0.419497 1.52571e-10 1.48576e-10 0 0 0 0 0 0 1.52571e-10 1.48576e-10
0.419855 1.55681e-10 1.52261e-10 0 0 0 0 0 0 1.55681e-10 1.52261e-10
0.420213 1.58854e-10 1.56042e-10 0 0 0 0 0 0 1.58854e-10 1.56042e-10
0.42057 1.6209e-10 1.59918e-10 0 0 0 0 0 0 1.6209e-10 1.59918e-10
0.420928 1.65391e-10 1.63894e-10 0 0 0 0 0 0 1.65391e-10 1.63894e-10
0.421286 1.68757e-10 1.67972e-10 0 0 0 0 0 0 1.68757e-10 1.67972e-10
0.421643 1.7219e-10 1.72153e-10 0 0 0 0 0 0 1.7219e-10 1.72153e-10
0.422001 1.75692e-10 1.76441e-10 0 0 0 0 0 0 1.75692e-10 1.76441e-10
0.422359 1.79262e-10 1.80839e-10 0 0 0 0 0 0 1.79262e-10 1.80839e-10
0.422716 1.82902e-10 1.85348e-10 0 0 0 0 0 0 1.82902e-10 1.85348e-10
0.423074 1.86614e-10 1.89973e-10 0 0 0 0 0 0 1.86614e-10 1.89973e-10
0.423431 1.90398e-10 1.94715e-10 0 0 0 0 0 0 1.90398e-10 1.94715e-10
0.423789 1.94256e-10 1.99578e-10 0 0 0 0 0 0 1.94256e-10 1.99578e-10
0.424147 1.98189e-10 2.04564e-10 0 0 0 0 0 0 1.98189e-10 2.04564e-10
0.424504 2.02197e-10 2.09676e-10 0 0 0 0 0 0 2.02197e-10 2.09676e-10
0.424862 2.06282e-10 2.14919e-10 0 0 0 0 0 0 2.06282e-10 2.14919e-10
0.42522 2.10446e-10 2.20293e-10 0 0 0 0 0 0 2.10446e-10 2.20293e-10
0.425577 2.14688e-10 2.25804e-10 0 0 0 0 0 0 2.14688e-10 2.25804e-10
0.425935 2.19011e-10 2.31454e-10 0 0 0 0 0 0 2.19011e-10 2.31454e-10
0.426292 2.23415e-10 2.37246e-10 0 0 0 0 0 0 2.23415e-10 2.37246e-10
0.42665 2.27902e-10 2.43184e-10 0 0 0 0 0 0 2.27902e-10 2.43184e-10
0.427008 2.32473e-10 2.49271e-10 0 0 0 0 0 0 2.32473e-10 2.49271e-10
0.427365 2.37128e-10 2.55511e-10 0 0 0 0 0 0 2.37128e-10 2.55511e-10
0.427723 2.41869e-10 2.61907e-10 0 0 0 0 0 0 2.41869e-10 2.61907e-10
0.428081 2.46697e-10 2.68463e-10 0 0 0 0 0 0 2.46697e-10 2.68463e-10
0.428438 2.51612e-10 2.75182e-10 0 0 0 0 0 0 2.51612e-10 2.75182e-10
0.428796 2.56617e-10 2.82068e-10 0 0 0 0 0 0 2.56617e-10 2.82068e-10
0.429153 2.61711e-10 2.89126e-10 0 0 0 0 0 0 2.61711e-10 2.89126e-10
0.429511 2.66896e-10 2.96358e-10 0 0 0 0 0 0 2.66896e-10 2.96358e-10
0.429869 2.72172e-10 3.03769e-10 0 0 0 0 0 0 2.72172e-10 3.03769e-10
0.430226 2.77541e-10 3.11362e-10 0 0 0 0 0 0 2.77541e-10 3.11362e-10
0.430584 2.83004e-10 3.19142e-10 0 0 0 0 0 0 2.83004e-10 3.19142e-10
0.430942 2.8856e-10 3.27113e-10 0 0 0 0 0 0 2.8856e-10 3.27113e-10
0.431299 2.94212e-10 3.35279e-10 0 0 0 0 0 0 2.94212e-10 3.35279e-10
0.431657 2.9996e-10 3.43643e-10 0 0 0 0 0 0 2.9996e-10 3.43643e-10
0.432014 3.05803e-10 3.52211e-10 0 0 0 0 0 0 3.05803e-10 3.52211e-10
0.432372 3.11744e-10 3.60985e-10 0 0 0 0 0 0 3.11744e-10 3.60985e-10
0.43273 3.17783e-10 3.69971e-10 0 0 0 0 0 0 3.17783e-10 3.69971e-10
0.433087 3.23919e-10 3.79173e-10 0 0 0 0 0 0 3.23919e-10 3.79173e-10
0.433445 3.30154e-10 3.88595e-10 0 0 0 0 0 0 3.30154e-10 3.88595e-10
0.433803 3.36488e-10 3.98242e-10 0 0 0 0 0 0 3.36488e-10 3.98242e-10
0.43416 3.42921e-10 4.08117e-10 0 0 0 0 0 0 3.42921e-10 4.08117e-10
0.434518 3.49453e-10 4.18225e-10 0 0 0 0 0 0 3.49453e-10 4.18225e-10
0.434875 3.56085e-10 4.28571e-10 0 0 0 0 0 0 3.56085e-10 4.28571e-10
0.435233 3.62817e-10 4.39159e-10 0 0 0 0 0 0 3.62817e-10 4.39159e-10
0.435591 3.69648e-10 4.49993e-10 0 0 0 0 0 0 3.69648e-10 4.49993e-10
0.435948 3.76578e-10 4.61078e-10 0 0 0 0 0 0 3.76578e-10 4.61078e-10
0.436306 3.83607e-10 4.72418e-10 0 0 0 0 0 0 3.83607e-10 4.72418e-10
0.436664 3.90735e-10 4.84017e-10 0 0 0 0 0 0 3.90735e-10 4.84017e-10
0.437021 3.97961e-10 4.9588e-10 0 0 0 0 0 0 3.97961e-10 4.9588e-10
0.437379 4.05285e-10 5.0801e-10 0 0 0 0 0 0 4.05285e-10 5.0801e-10
0.437737 4.12706e-10 5.20413e-10 0 0 0 0 0 0 4.12706e-10 5.20413e-10
0.438094 4.20222e-10 5.33092e-10 0 0 0 0 0 0 4.20222e-10 5.33092e-10
0.438452 4.27833e-10 5.46052e-10 0 0 0 0 0 0 4.27833e-10 5.46052e-10
0.438809 4.35537e-10 5.59295e-10 0 0 0 0 0 0 4.35537e-10 5.59295e-10
0.439167 4.43334e-10 5.72827e-10 0 0 0 0 0 0 4.43334e-10 5.72827e-10
0.439525 4.51221e-10 5.86651e-10 0 0 0 0 0 0 4.51221e-10 5.86651e-10
0.439882 4.59197e-10 6.00771e-10 0 0 0 0 0 0 4.59197e-10 6.00771e-10
0.44024 4.6726e-10 6.15189e-10 0 0 0 0 0 0 4.6726e-10 6.15189e-10
0.440598 4.75408e-10 6.2991e-10 0 0 0 0 0 0 4.75408e-10 6.2991e-10
0.440955 4.83638e-10 6.44937e-10 0 0 0 0 0 0 4.83638e-10 6.44937e-10
0.441313 4.91947e-10 6.60273e-10 0 0 0 0 0 0 4.91947e-10 6.60273e-10
0.44167 5.00334e-10 6.7592e-10 0 0 0 0 0 0 5.00334e-10 6.7592e-10
0.442028 5.08795e-10 6.91882e-10 0 0 0 0 0 0 5.08795e-10 6.91882e-10
0.442386 5.17326e-10 7.08159e-10 0 0 0 0 0 0 5.17326e-10 7.08159e-10
0.442743 5.25925e-10 7.24755e-10 0 0 0 0 0 0 5.25925e-10 7.24755e-10
0.443101 5.34586e-10 7.41672e-10 0 0 0 0 0 0 5.34586e-10 7.41672e-10
0.443459 5.43307e-10 7.5891e-10 0 0 0 0 0 0 5.43307e-10 7.5891e-10
0.443816 5.52083e-10 7.76471e-10 0 0 0 0 0 0 5.52083e-10 7.76471e-10
0.444174 5.60908e-10 7.94355e-10 0 0 0 0 0 0 5.60908e-10 7.94355e-10
0.444531 5.69779e-10 8.12563e-10 0 0 0 0 0 0 5.69779e-10 8.12563e-10
0.444889 5.78689e-10 8.31095e-10 0 0 0 0 0 0 5.78689e-10 8.31095e-10
0.445247 5.87633e-10 8.4995e-10 0 0 0 0 0 0 5.87633e-10 8.4995e-10
0.445604 5.96606e-10 8.69127e-10 0 0 0 0 0 0 5.96606e-10 8.69127e-10
0.445962 6.05599e-10 8.88624e-10 0 0 0 0 0 0 6.05599e-10 8.88624e-10
0.44632 6.14607e-10 9.08439e-10 0 0 0 0 0 0 6.14607e-10 9.08439e-10
0.446677 6.23623e-10 9.2857e-10 0 0 0 0 0 0 6.23623e-10 9.2857e-10
0.447035 6.32639e-10 9.49013e-10 0 0 0 0 0 0 6.32639e-10 9.49013e-10
0.447392 6.41646e-10 9.69764e-10 0 0 0 0 0 0 6.41646e-10 9.69764e-10
0.44775 6.50637e-10 9.90818e-10 0 0 0 0 0 0 6.50637e-10 9.90818e-10
0.448108 6.59603e-10 1.01217e-09 0 0 0 0 0 0 6.59603e-10 1.01217e-09
0.448465 6.68534e-10 1.03381e-09 0 0 0 0 0 0 6.68534e-10 1.03381e-09
0.448823 6.77421e-10 1.05574e-09 0 0 0 0 0 0 6.77421e-10 1.05574e-09
0.449181 6.86253e-10 1.07794e-09 0 0 0 0 0 0 6.86253e-10 1.07794e-09
0.449538 6.9502e-10 1.1004e-09 0 0 0 0 0 0 6.9502e-10 1.1004e-09
0.449896 7.03711e-10 1.12313e-09 0 0 0 0 0 0 7.03711e-10 1.12313e-09
0.450253 7.12313e-10 1.14609e-09 0 0 0 0 0 0 7.12313e-10 1.14609e-09
0.450611 7.20816e-10 1.16929e-09 0 0 0 0 0 0 7.20816e-10 1.16929e-09
0.450969 7.29205e-10 1.19271e-09 0 0 0 0 0 0 7.29205e-10 1.19271e-09
0.451326 7.37468e-10 1.21633e-09 0 0 0 0 0 0 7.37468e-10 1.21633e-09
0.451684 7.45592e-10 1.24014e-09 0 0 0 0 0 0 7.45592e-10 1.24014e-09
0.452042 7.53561e-10 1.26411e-09 0 0 0 0 0 0 7.53561e-10 1.26411e-09
0.452399 7.61362e-10 1.28824e-09 0 0 0 0 0 0 7.61362e-10 1.28824e-09
0.452757 7.68979e-10 1.3125e-09 0 0 0 0 0 0 7.68979e-10 1.3125e-09
0.453115 7.76395e-10 1.33686e-09 0 0 0 0 0 0 7.76395e-10 1.33686e-09
0.453472 7.83595e-10 1.3613e-09 0 0 0 0 0 0 7.83595e-10 1.3613e-09
0.45383 7.90562e-10 1.3858e-09 0 0 0 0 0 0 7.90562e-10 1.3858e-09
0.454187 7.97279e-10 1.41033e-09 0 0 0 0 0 0 7.97279e-10 1.41033e-09
0.454545 8.03726e-10 1.43486e-09 0 0 0 0 0 0 8.03726e-10 1.43486e-09
0.454903 8.09887e-10 1.45936e-09 0 0 0 0 0 0 8.09887e-10 1.45936e-09
0.45526 8.15742e-10 1.48379e-09 0 0 0 0 0 0 8.15742e-10 1.48379e-09
0.455618 8.21271e-10 1.50812e-09 0 0 0 0 0 0 8.21271e-10 1.50812e-09
0.455976 8.26454e-10 1.5323e-09 0 0 0 0 0 0 8.26454e-10 1.5323e-09
0.456333 8.31272e-10 1.55631e-09 0 0 0 0 0 0 8.31272e-10 1.55631e-09
0.456691 8.35703e-10 1.58009e-09 0 0 0 0 0 0 8.35703e-10 1.58009e-09
0.457048 8.39725e-10 1.60361e-09 0 0 0 0 0 0 8.39725e-10 1.60361e-09
0.457406 8.43319e-10 1.6268e-09 0 0 0 0 0 0 8.43319e-10 1.6268e-09
0.457764 8.4646e-10 1.64963e-09 0 0 0 0 0 0 8.4646e-10 1.64963e-09
0.458121 8.49128e-10 1.67204e-09 0 0 0 0 0 0 8.49128e-10 1.67204e-09
0.458479 8.51299e-10 1.69397e-09 0 0 0 0 0 0 8.51299e-10 1.69397e-09
0.458837 8.5295e-10 1.71536e-09 0 0 0 0 0 0 8.5295e-10 1.71536e-09
0.459194 8.54059e-10 1.73615e-09 0 0 0 0 0 0 8.54059e-10 1.73615e-09
0.459552 8.54602e-10 1.75627e-09 0 0 0 0 0 0 8.54602e-10 1.75627e-09
0.459909 8.54556e-10 1.77566e-09 0 0 0 0 0 0 8.54556e-10 1.77566e-09
0.460267 8.53898e-10 1.79425e-09 0 0 0 0 0 0 8.53898e-10 1.79425e-09
0.460625 8.52603e-10 1.81195e-09 0 0 0 0 0 0 8.52603e-10 1.81195e-09
0.460982 8.5065e-10 1.82869e-09 0 0 0 0 0 0 8.5065e-10 1.82869e-09
0.46134 8.48014e-10 1.84439e-09 0 0 0 0 0 0 8.48014e-10 1.84439e-09
0.461698 8.44673e-10 1.85897e-09 0 0 0 0 0 0 8.44673e-10 1.85897e-09
0.462055 8.40604e-10 1.87232e-09 0 0 0 0 0 0 8.40604e-10 1.87232e-09
0.462413 8.35786e-10 1.88437e-09 0 0 0 0 0 0 8.35786e-10 1.88437e-09
0.46277 8.30196e-10 1.89501e-09 0 0 0 0 0 0 8.30196e-10 1.89501e-09
0.463128 8.23814e-10 1.90415e-09 0 0 0 0 0 0 8.23814e-10 1.90415e-09
0.463486 8.1662e-10 1.91167e-09 0 0 0 0 0 0 8.1662e-10 1.91167e-09
0.463843 8.08594e-10 1.91748e-09 0 0 0 0 0 0 8.08594e-10 1.91748e-09
0.464201 7.99717e-10 1.92147e-09 0 0 0 0 0 0 7.99717e-10 1.92147e-09
0.464559 7.89973e-10 1.92351e-09 0 0 0 0 0 0 7.89973e-10 1.92351e-09
0.464916 7.79345e-10 1.92349e-09 0 0 0 0 0 0 7.79345e-10 1.92349e-09
0.465274 7.67818e-10 1.92129e-09 0 0 0 0 0 0 7.67818e-10 1.92129e-09
0.465631 7.55379e-10 1.91679e-09 0 0 0 0 0 0 7.55379e-10 1.91679e-09
0.465989 7.42017e-10 1.90985e-09 0 0 0 0 0 0 7.42017e-10 1.90985e-09
0.466347 7.27721e-10 1.90034e-09 0 0 0 0 0 0 7.27721e-10 1.90034e-09
0.466704 7.12484e-10 1.88813e-09 0 0 0 0 0 0 7.12484e-10 1.88813e-09
0.467062 6.963e-10 1.87308e-09 0 0 0 0 0 0 6.963e-10 1.87308e-09
0.46742 6.79165e-10 1.85505e-09 0 0 0 0 0 0 6.79165e-10 1.85505e-09
0.467777 6.61079e-10 1.8339e-09 0 0 0 0 0 0 6.61079e-10 1.8339e-09
0.468135 6.42042e-10 1.80947e-09 0 0 0 0 0 0 6.42042e-10 1.80947e-09
0.468493 6.2206e-10 1.78162e-09 0 0 0 0 0 0 6.2206e-10 1.78162e-09
0.46885 6.01139e-10 1.75021e-09 0 0 0 0 0 0 6.01139e-10 1.75021e-09
0.469208 5.79291e-10 1.71507e-09 0 0 0 0 0 0 5.79291e-10 1.71507e-09
0.469565 5.56529e-10 1.67606e-09 0 0 0 0 0 0 5.56529e-10 1.67606e-09
0.469923 5.3287e-10 1.63301e-09 0 0 0 0 0 0 5.3287e-10 1.63301e-09
0.470281 5.08336e-10 1.58577e-09 0 0 0 0 0 0 5.08336e-10 1.58577e-09
0.470638 4.82952e-10 1.53419e-09 0 0 0 0 0 0 4.82952e-10 1.53419e-09
0.470996 4.56746e-10 1.47811e-09 0 0 0 0 0 0 4.56746e-10 1.47811e-09
0.471354 4.29753e-10 1.41738e-09 0 0 0 0 0 0 4.29753e-10 1.41738e-09
0.471711 4.0201e-10 1.35183e-09 0 0 0 0 0 0 4.0201e-10 1.35183e-09
0.472069 3.73559e-10 1.28131e-09 0 0 0 0 0 0 3.73559e-10 1.28131e-09
0.472426 3.44447e-10 1.20568e-09 0 0 0 0 0 0 3.44447e-10 1.20568e-09
0.472784 3.14727e-10 1.12478e-09 0 0 0 0 0 0 3.14727e-10 1.12478e-09
0.473142 2.84454e-10 1.03847e-09 0 0 0 0 0 0 2.84454e-10 1.03847e-09
0.473499 2.53692e-10 9.46596e-10 0 0 0 0 0 0 2.53692e-10 9.46596e-10
0.473857 2.22508e-10 8.49031e-10 0 0 0 0 0 0 2.22508e-10 8.49031e-10
0.474215 1.90974e-10 7.45637e-10 0 0 0 0 0 0 1.90974e-10 7.45637e-10
0.474572 1.59168e-10 6.36288e-10 0 0 0 0 0 0 1.59168e-10 6.36288e-10
0.47493 1.27173e-10 5.20861e-10 0 0 0 0 0 0 1.27173e-10 5.20861e-10
0.475287 9.50787e-11 3.99244e-10 0 0 0 0 0 0 9.50787e-11 3.99244e-10
0.475645 6.29793e-11 2.71329e-10 0 0 0 0 0 0 6.29793e-11 2.71329e-10
0.476003 3.09747e-11 1.37019e-10 0 0 0 0 0 0 3.09747e-11 1.37019e-10
0.47636 -8.29827e-13 -3.77218e-12 0 0 0 0 0 0 -8.29827e-13 -3.77218e-12
0.476718 -3.23236e-11 -1.51123e-10 0 0 0 0 0 0 -3.23236e-11 -1.51123e-10
0.477076 -6.33906e-11 -3.05099e-10 0 0 0 0 0 0 -6.33906e-11 -3.05099e-10
0.477433 -9.39098e-11 -4.65755e-10 0 0 0 0 0 0 -9.39098e-11 -4.65755e-10
0.477791 -1.23755e-10 -6.33131e-10 0 0 0 0 0 0 -1.23755e-10 -6.33131e-10
0.478148 -1.52795e-10 -8.07254e-10 0 0 0 0 0 0 -1.52795e-10 -8.07254e-10
0.478506 -1.80895e-10 -9.88136e-10 0 0 0 0 0 0 -1.80895e-10 -9.88136e-10
0.478864 -2.07914e-10 -1.17578e-09 0 0 0 0 0 0 -2.07914e-10 -1.17578e-09
0.479221 -2.3371e-10 -1.37015e-09 0 0 0 0 0 0 -2.3371e-10 -1.37015e-09
0.479579 -2.58133e-10 -1.57123e-09 0 0 0 0 0 0 -2.58133e-10 -1.57123e-09
0.479937 -2.81035e-10 -1.77895e-09 0 0 0 0 0 0 -2.81035e-10 -1.77895e-09
0.480294 -3.0226e-10 -1.99324e-09 0 0 0 0 0 0 -3.0226e-10 -1.99324e-09
0.480652 -3.21654e-10 -2.21402e-09 0 0 0 0 0 0 -3.21654e-10 -2.21402e-09
0.481009 -3.39057e-10 -2.44116e-09 0 0 0 0 0 0 -3.39057e-10 -2.44116e-09
0.481367 -3.54311e-10 -2.67453e-09 0 0 0 0 0 0 -3.54311e-10 -2.67453e-09
0.481725 -3.67256e-10 -2.91398e-09 0 0 0 0 0 0 -3.67256e-10 -2.91398e-09
0.482082 -3.77731e-10 -3.15932e-09 0 0 0 0 0 0 -3.77731e-10 -3.15932e-09
0.48244 -3.85577e-10 -3.41037e-09 0 0 0 0 0 0 -3.85577e-10 -3.41037e-09
0.482798 -3.90634e-10 -3.6669e-09 0 0 0 0 0 0 -3.90634e-10 -3.6669e-09
0.483155 -3.92747e-10 -3.92866e-09 0 0 0 0 0 0 -3.92747e-10 -3.92866e-09
0.483513 -3.9176e-10 -4.19538e-09 0 0 0 0 0 0 -3.9176e-10 -4.19538e-09
0.483871 -3.87524e-10 -4.46677e-09 0 0 0 0 0 0 -3.87524e-10 -4.46677e-09
0.484228 -3.79892e-10 -4.74252e-09 0 0 0 0 0 0 -3.79892e-10 -4.74252e-09
0.484586 -3.68721e-10 -5.02228e-09 0 0 0 0 0 0 -3.68721e-10 -5.02228e-09
0.484943 -3.53878e-10 -5.30569e-09 0 0 0 0 0 0 -3.53878e-10 -5.30569e-09
0.485301 -3.35232e-10 -5.59237e-09 0 0 0 0 0 0 -3.35232e-10 -5.59237e-09
0.485659 -3.12663e-10 -5.88191e-09 0 0 0 0 0 0 -3.12663e-10 -5.88191e-09
0.486016 -2.86058e-10 -6.17388e-09 0 0 0 0 0 0 -2.86058e-10 -6.17388e-09
0.486374 -2.55313e-10 -6.46782e-09 0 0 0 0 0 0 -2.55313e-10 -6.46782e-09
0.486732 -2.20335e-10 -6.76326e-09 0 0 0 0 0 0 -2.20335e-10 -6.76326e-09
0.487089 -1.81042e-10 -7.05971e-09 0 0 0 0 0 0 -1.81042e-10 -7.05971e-09
0.487447 -1.37365e-10 -7.35666e-09 0 0 0 0 0 0 -1.37365e-10 -7.35666e-09
0.487804 -8.92446e-11 -7.65358e-09 0 0 0 0 0 0 -8.92446e-11 -7.65358e-09
0.488162 -3.66378e-11 -7.94991e-09 0 0 0 0 0 0 -3.66378e-11 -7.94991e-09
0.48852 2.04852e-11 -8.24511e-09 0 0 0 0 0 0 2.04852e-11 -8.24511e-09
0.488877 8.21393e-11 -8.53858e-09 0 0 0 0 0 0 8.21393e-11 -8.53858e-09
0.489235 1.48324e-10 -8.82976e-09 0 0 0 0 0 0 1.48324e-10 -8.82976e-09
0.489593 2.19021e-10 -9.11803e-09 0 0 0 0 0 0 2.19021e-10 -9.11803e-09
0.48995 2.94198e-10 -9.4028e-09 0 0 0 0 0 0 2.94198e-10 -9.4028e-09
0.490308 3.73804e-10 -9.68344e-09 0 0 0 0 0 0 3.73804e-10 -9.68344e-09
0.490665 4.57769e-10 -9.95935e-09 0 0 0 0 0 0 4.57769e-10 -9.95935e-09
0.491023 5.46007e-10 -1.02299e-08 0 0 0 0 0 0 5.46007e-10 -1.02299e-08
0.491381 6.38413e-10 -1.04945e-08 0 0 0 0 0 0 6.38413e-10 -1.04945e-08
0.491738 7.34865e-10 -1.07525e-08 0 0 0 0 0 0 7.34865e-10 -1.07525e-08
0.492096 8.3522e-10 -1.10032e-08 0 0 0 0 0 0 8.3522e-10 -1.10032e-08
0.492454 9.39318e-10 -1.12462e-08 0 0 0 0 0 0 9.39318e-10 -1.12462e-08
0.492811 1.04698e-09 -1.14808e-08 0 0 0 0 0 0 1.04698e-09 -1.14808e-08
0.493169 1.15802e-09 -1.17063e-08 0 0 0 0 0 0 1.15802e-09 -1.17063e-08
0.493526 1.2722e-09 -1.19223e-08 0 0 0 0 0 0 1.2722e-09 -1.19223e-08
0.493884 1.38932e-09 -1.21282e-08 0 0 0 0 0 0 1.38932e-09 -1.21282e-08
0.494242 1.50911e-09 -1.23234e-08 0 0 0 0 0 0 1.50911e-09 -1.23234e-08
0.494599 1.63131e-09 -1.25075e-08 0 0 0 0 0 0 1.63131e-09 -1.25075e-08
0.494957 1.75564e-09 -1.26799e-08 0 0 0 0 0 0 1.75564e-09 -1.26799e-08
0.495315 1.88182e-09 -1.28401e-08 0 0 0 0 0 0 1.88182e-09 -1.28401e-08
0.495672 2.00952e-09 -1.29878e-08 0 0 0 0 0 0 2.00952e-09 -1.29878e-08
0.49603 2.13844e-09 -1.31225e-08 0 0 0 0 0 0 2.13844e-09 -1.31225e-08
0.496387 2.26824e-09 -1.32439e-08 0 0 0 0 0 0 2.26824e-09 -1.32439e-08
0.496745 2.39859e-09 -1.33516e-08 0 0 0 0 0 0 2.39859e-09 -1.33516e-08
0.497103 2.52912e-09 -1.34453e-08 0 0 0 0 0 0 2.52912e-09 -1.34453e-08
0.49746 2.65948e-09 -1.35248e-08 0 0 0 0 0 0 2.65948e-09 -1.35248e-08
0.497818 2.78932e-09 -1.35897e-08 0 0 0 0 0 0 2.78932e-09 -1.35897e-08
0.498176 2.91826e-09 -1.364e-08 0 0 0 0 0 0 2.91826e-09 -1.364e-08
0.498533 3.04592e-09 -1.36754e-08 0 0 0 0 0 0 3.04592e-09 -1.36754e-08
0.498891 3.17194e-09 -1.36959e-08 0 0 0 0 0 0 3.17194e-09 -1.36959e-08
0.499249 3.29595e-09 -1.37013e-08 0 0 0 0 0 0 3.29595e-09 -1.37013e-08
0.499606 3.41757e-09 -1.36917e-08 0 0 0 0 0 0 3.41757e-09 -1.36917e-08
0.499964 3.53643e-09 -1.36671e-08 0 0 0 0 0 0 3.53643e-09 -1.36671e-08
0.500321 3.65218e-09 -1.36276e-08 0 0 0 0 0 0 3.65218e-09 -1.36276e-08
0.500679 3.76445e-09 -1.35732e-08 0 0 0 0 0 0 3.76445e-09 -1.35732e-08
0.501037 3.87289e-09 -1.35041e-08 0 0 0 0 0 0 3.87289e-09 -1.35041e-08
0.501394 3.97717e-09 -1.34204e-08 0 0 0 0 0 0 3.97717e-09 -1.34204e-08
0.501752 4.07696e-09 -1.33225e-08 0 0 0 0 0 0 4.07696e-09 -1.33225e-08
0.50211 4.17194e-09 -1.32105e-08 0 0 0 0 0 0 4.17194e-09 -1.32105e-08
0.502467 4.26181e-09 -1.30848e-08 0 0 0 0 0 0 4.26181e-09 -1.30848e-08
0.502825 4.34628e-09 -1.29458e-08 0 0 0 0 0 0 4.34628e-09 -1.29458e-08
0.503182 4.42508e-09 -1.27937e-08 0 0 0 0 0 0 4.42508e-09 -1.27937e-08
0.50354 4.49796e-09 -1.2629e-08 0 0 0 0 0 0 4.49796e-09 -1.2629e-08
0.503898 4.56469e-09 -1.24523e-08 0 0 0 0 0 0 4.56469e-09 -1.24523e-08
0.504255 4.62504e-09 -1.22638e-08 0 0 0 0 0 0 4.62504e-09 -1.22638e-08
0.504613 4.67882e-09 -1.20642e-08 0 0 0 0 0 0 4.67882e-09 -1.20642e-08
0.504971 4.72586e-09 -1.1854e-08 0 0 0 0 0 0 4.72586e-09 -1.1854e-08
0.505328 4.76601e-09 -1.16337e-08 0 0 0 0 0 0 4.76601e-09 -1.16337e-08
0.505686 4.79914e-09 -1.14039e-08 0 0 0 0 0 0 4.79914e-09 -1.14039e-08
0.506043 4.82514e-09 -1.11652e-08 0 0 0 0 0 0 4.82514e-09 -1.11652e-08
0.506401 4.84391e-09 -1.09183e-08 0 0 0 0 0 0 4.84391e-09 -1.09183e-08
0.506759 4.85542e-09 -1.06636e-08 0 0 0 0 0 0 4.85542e-09 -1.06636e-08
0.507116 4.8596e-09 -1.0402e-08 0 0 0 0 0 0 4.8596e-09 -1.0402e-08
0.507474 4.85646e-09 -1.0134e-08 0 0 0 0 0 0 4.85646e-09 -1.0134e-08
0.507832 4.84599e-09 -9.86026e-09 0 0 0 0 0 0 4.84599e-09 -9.86026e-09
0.508189 4.82822e-09 -9.58147e-09 0 0 0 0 0 0 4.82822e-09 -9.58147e-09
0.508547 4.80321e-09 -9.29827e-09 0 0 0 0 0 0 4.80321e-09 -9.29827e-09
0.508904 4.77104e-09 -9.01132e-09 0 0 0 0 0 0 4.77104e-09 -9.01132e-09
0.509262 4.73178e-09 -8.72128e-09 0 0 0 0 0 0 4.73178e-09 -8.72128e-09
0.50962 4.68557e-09 -8.42879e-09 0 0 0 0 0 0 4.68557e-09 -8.42879e-09
0.509977 4.63253e-09 -8.13449e-09 0 0 0 0 0 0 4.63253e-09 -8.13449e-09
0.510335 4.57281e-09 -7.83902e-09 0 0 0 0 0 0 4.57281e-09 -7.83902e-09
0.510693 4.50659e-09 -7.54299e-09 0 0 0 0 0 0 4.50659e-09 -7.54299e-09
0.51105 4.43405e-09 -7.24701e-09 0 0 0 0 0 0 4.43405e-09 -7.24701e-09
0.511408 4.3554e-09 -6.95165e-09 0 0 0 0 0 0 4.3554e-09 -6.95165e-09
0.511765 4.27085e-09 -6.6575e-09 0 0 0 0 0 0 4.27085e-09 -6.6575e-09
0.512123 4.18064e-09 -6.3651e-09 0 0 0 0 0 0 4.18064e-09 -6.3651e-09
0.512481 4.085e-09 -6.07498e-09 0 0 0 0 0 0 4.085e-09 -6.07498e-09
0.512838 3.9842e-09 -5.78765e-09 0 0 0 0 0 0 3.9842e-09 -5.78765e-09
0.513196 3.87849e-09 -5.5036e-09 0 0 0 0 0 0 3.87849e-09 -5.5036e-09
0.513554 3.76815e-09 -5.2233e-09 0 0 0 0 0 0 3.76815e-09 -5.2233e-09
0.513911 3.65346e-09 -4.94717e-09 0 0 0 0 0 0 3.65346e-09 -4.94717e-09
0.514269 3.5347e-09 -4.67564e-09 0 0 0 0 0 0 3.5347e-09 -4.67564e-09
0.514627 3.41218e-09 -4.40908e-09 0 0 0 0 0 0 3.41218e-09 -4.40908e-09
0.514984 3.28617e-09 -4.14786e-09 0 0 0 0 0 0 3.28617e-09 -4.14786e-09
0.515342 3.15699e-09 -3.89231e-09 0 0 0 0 0 0 3.15699e-09 -3.89231e-09
0.515699 3.02493e-09 -3.64275e-09 0 0 0 0 0 0 3.02493e-09 -3.64275e-09
0.516057 2.89029e-09 -3.39944e-09 0 0 0 0 0 0 2.89029e-09 -3.39944e-09
0.516415 2.75337e-09 -3.16265e-09 0 0 0 0 0 0 2.75337e-09 -3.16265e-09
0.516772 2.61446e-09 -2.9326e-09 0 0 0 0 0 0 2.61446e-09 -2.9326e-09
0.51713 2.47387e-09 -2.70949e-09 0 0 0 0 0 0 2.47387e-09 -2.70949e-09
0.517488 2.33189e-09 -2.49351e-09 0 0 0 0 0 0 2.33189e-09 -2.49351e-09
0.517845 2.1888e-09 -2.28479e-09 0 0 0 0 0 0 2.1888e-09 -2.28479e-09
0.518203 2.04489e-09 -2.08346e-09 0 0 0 0 0 0 2.04489e-09 -2.08346e-09
0.51856 1.90042e-09 -1.88964e-09 0 0 0 0 0 0 1.90042e-09 -1.88964e-09
0.518918 1.75568e-09 -1.70338e-09 0 0 0 0 0 0 1.75568e-09 -1.70338e-09
0.519276 1.61092e-09 -1.52475e-09 0 0 0 0 0 0 1.61092e-09 -1.52475e-09
0.519633 1.46639e-09 -1.35379e-09 0 0 0 0 0 0 1.46639e-09 -1.35379e-09
0.519991 1.32235e-09 -1.1905e-09 0 0 0 0 0 0 1.32235e-09 -1.1905e-09
0.520349 1.17903e-09 -1.03487e-09 0 0 0 0 0 0 1.17903e-09 -1.03487e-09
0.520706 1.03665e-09 -8.86891e-10 0 0 0 0 0 0 1.03665e-09 -8.86891e-10
0.521064 8.95437e-10 -7.46505e-10 0 0 0 0 0 0 8.95437e-10 -7.46505e-10
0.521421 7.55596e-10 -6.13654e-10 0 0 0 0 0 0 7.55596e-10 -6.13654e-10
0.521779 6.17324e-10 -4.8826e-10 0 0 0 0 0 0 6.17324e-10 -4.8826e-10
0.522137 4.80807e-10 -3.70231e-10 0 0 0 0 0 0 4.80807e-10 -3.70231e-10
0.522494 3.46223e-10 -2.5946e-10 0 0 0 0 0 0 3.46223e-10 -2.5946e-10
0.522852 2.13737e-10 -1.55828e-10 0 0 0 0 0 0 2.13737e-10 -1.55828e-10
0.52321 8.35036e-11 -5.92043e-11 0 0 0 0 0 0 8.35036e-11 -5.92043e-11
0.523567 -4.43332e-11 3.05545e-11 0 0 0 0 0 0 -4.43332e-11 3.05545e-11
0.523925 -1.6964e-10 1.136e-10 0 0 0 0 0 0 -1.6964e-10 1.136e-10
0.524282 -2.92293e-10 1.90093e-10 0 0 0 0 0 0 -2.92293e-10 1.90093e-10
0.52464 -4.12181e-10 2.60203e-10 0 0 0 0 0 0 -4.12181e-10 2.60203e-10
0.524998 -5.29202e-10 3.24106e-10 0 0 0 0 0 0 -5.29202e-10 3.24106e-10
0.525355 -6.43264e-10 3.81983e-10 0 0 0 0 0 0 -6.43264e-10 3.81983e-10
0.525713 -7.54284e-10 4.34022e-10 0 0 0 0 0 0 -7.54284e-10 4.34022e-10
0.526071 -8.62193e-10 4.80415e-10 0 0 0 0 0 0 -8.62193e-10 4.80415e-10
0.526428 -9.66925e-10 5.21357e-10 0 0 0 0 0 0 -9.66925e-10 5.21357e-10
0.526786 -1.06843e-09 5.57047e-10 0 0 0 0 0 0 -1.06843e-09 5.57047e-10
0.527143 -1.16666e-09 5.87683e-10 0 0 0 0 0 0 -1.16666e-09 5.87683e-10
0.527501 -1.26158e-09 6.13469e-10 0 0 0 0 0 0 -1.26158e-09 6.13469e-10
0.527859 -1.35317e-09 6.34606e-10 0 0 0 0 0 0 -1.35317e-09 6.34606e-10
0.528216 -1.4414e-09 6.51296e-10 0 0 0 0 0 0 -1.4414e-09 6.51296e-10
0.528574 -1.52626e-09 6.63742e-10 0 0 0 0 0 0 -1.52626e-09 6.63742e-10
0.528932 -1.60775e-09 6.72143e-10 0 0 0 0 0 0 -1.60775e-09 6.72143e-10
0.529289 -1.68587e-09 6.76701e-10 0 0 0 0 0 0 -1.68587e-09 6.76701e-10
0.529647 -1.76063e-09 6.7761e-10 0 0 0 0 0 0 -1.76063e-09 6.7761e-10
0.530005 -1.83204e-09 6.75068e-10 0 0 0 0 0 0 -1.83204e-09 6.75068e-10
0.530362 -1.90013e-09 6.69264e-10 0 0 0 0 0 0 -1.90013e-09 6.69264e-10
0.53072 -1.96491e-09 6.60389e-10 0 0 0 0 0 0 -1.96491e-09 6.60389e-10
0.531077 -2.02644e-09 6.48627e-10 0 0 0 0 0 0 -2.02644e-09 6.48627e-10
0.531435 -2.08472e-09 6.3416e-10 0 0 0 0 0 0 -2.08472e-09 6.3416e-10
0.531793 -2.13982e-09 6.17165e-10 0 0 0 0 0 0 -2.13982e-09 6.17165e-10
0.53215 -2.19177e-09 5.97814e-10 0 0 0 0 0 0 -2.19177e-09 5.97814e-10
0.532508 -2.24063e-09 5.76277e-10 0 0 0 0 0 0 -2.24063e-09 5.76277e-10
0.532866 -2.28644e-09 5.52716e-10 0 0 0 0 0 0 -2.28644e-09 5.52716e-10
0.533223 -2.32926e-09 5.27291e-10 0 0 0 0 0 0 -2.32926e-09 5.27291e-10
0.533581 -2.36914e-09 5.00155e-10 0 0 0 0 0 0 -2.36914e-09 5.00155e-10
0.533938 -2.40616e-09 4.71457e-10 0 0 0 0 0 0 -2.40616e-09 4.71457e-10
0.534296 -2.44037e-09 4.41341e-10 0 0 0 0 0 0 -2.44037e-09 4.41341e-10
0.534654 -2.47183e-09 4.09946e-10 0 0 0 0 0 0 -2.47183e-09 4.09946e-10
0.535011 -2.50061e-09 3.77404e-10 0 0 0 0 0 0 -2.50061e-09 3.77404e-10
0.535369 -2.52679e-09 3.43843e-10 0 0 0 0 0 0 -2.52679e-09 3.43843e-10
0.535727 -2.55042e-09 3.09387e-10 0 0 0 0 0 0 -2.55042e-09 3.09387e-10
0.536084 -2.57159e-09 2.74152e-10 0 0 0 0 0 0 -2.57159e-09 2.74152e-10
0.536442 -2.59036e-09 2.38251e-10 0 0 0 0 0 0 -2.59036e-09 2.38251e-10
0.536799 -2.60679e-09 2.01791e-10 0 0 0 0 0 0 -2.60679e-09 2.01791e-10
0.537157 -2.62098e-09 1.64874e-10 0 0 0 0 0 0 -2.62098e-09 1.64874e-10
0.537515 -2.63297e-09 1.27598e-10 0 0 0 0 0 0 -2.63297e-09 1.27598e-10
0.537872 -2.64286e-09 9.0054e-11 0 0 0 0 0 0 -2.64286e-09 9.0054e-11
0.53823 -2.65071e-09 5.23297e-11 0 0 0 0 0 0 -2.65071e-09 5.23297e-11
0.538588 -2.65659e-09 1.45077e-11 0 0 0 0 0 0 -2.65659e-09 1.45077e-11
0.538945 -2.66058e-09 -2.3334e-11 0 0 0 0 0 0 -2.66058e-09 -2.3334e-11
0.539303 -2.66274e-09 -6.1122e-11 0 0 0 0 0 0 -2.66274e-09 -6.1122e-11
0.53966 -2.66315e-09 -9.87874e-11 0 0 0 0 0 0 -2.66315e-09 -9.87874e-11
0.540018 -2.66187e-09 -1.36265e-10 0 0 0 0 0 0 -2.66187e-09 -1.36265e-10
0.540376 -2.65898e-09 -1.73495e-10 0 0 0 0 0 0 -2.65898e-09 -1.73495e-10
0.540733 -2.65454e-09 -2.10421e-10 0 0 0 0 0 0 -2.65454e-09 -2.10421e-10
0.541091 -2.64862e-09 -2.46989e-10 0 0 0 0 0 0 -2.64862e-09 -2.46989e-10
0.541449 -2.64128e-09 -2.83152e-10 0 0 0 0 0 0 -2.64128e-09 -2.83152e-10
0.541806 -2.63259e-09 -3.18863e-10 0 0 0 0 0 0 -2.63259e-09 -3.18863e-10
0.542164 -2.62262e-09 -3.54082e-10 0 0 0 0 0 0 -2.62262e-09 -3.54082e-10
0.542521 -2.61141e-09 -3.88769e-10 0 0 0 0 0 0 -2.61141e-09 -3.88769e-10
0.542879 -2.59904e-09 -4.2289e-10 0 0 0 0 0 0 -2.59904e-09 -4.2289e-10
0.543237 -2.58557e-09 -4.56413e-10 0 0 0 0 0 0 -2.58557e-09 -4.56413e-10
0.543594 -2.57105e-09 -4.89308e-10 0 0 0 0 0 0 -2.57105e-09 -4.89308e-10
0.543952 -2.55553e-09 -5.2155e-10 0 0 0 0 0 0 -2.55553e-09 -5.2155e-10
0.54431 -2.53908e-09 -5.53116e-10 0 0 0 0 0 0 -2.53908e-09 -5.53116e-10
0.544667 -2.52175e-09 -5.83984e-10 0 0 0 0 0 0 -2.52175e-09 -5.83984e-10
0.545025 -2.50358e-09 -6.14135e-10 0 0 0 0 0 0 -2.50358e-09 -6.14135e-10
0.545382 -2.48464e-09 -6.43555e-10 0 0 0 0 0 0 -2.48464e-09 -6.43555e-10
0.54574 -2.46496e-09 -6.72229e-10 0 0 0 0 0 0 -2.46496e-09 -6.72229e-10
0.546098 -2.4446e-09 -7.00146e-10 0 0 0 0 0 0 -2.4446e-09 -7.00146e-10
0.546455 -2.4236e-09 -7.27295e-10 0 0 0 0 0 0 -2.4236e-09 -7.27295e-10
0.546813 -2.40201e-09 -7.53669e-10 0 0 0 0 0 0 -2.40201e-09 -7.53669e-10
0.547171 -2.37986e-09 -7.79263e-10 0 0 0 0 0 0 -2.37986e-09 -7.79263e-10
0.547528 -2.35721e-09 -8.04072e-10 0 0 0 0 0 0 -2.35721e-09 -8.04072e-10
0.547886 -2.33409e-09 -8.28092e-10 0 0 0 0 0 0 -2.33409e-09 -8.28092e-10
0.548244 -2.31054e-09 -8.51324e-10 0 0 0 0 0 0 -2.31054e-09 -8.51324e-10
0.548601 -2.2866e-09 -8.73766e-10 0 0 0 0 0 0 -2.2866e-09 -8.73766e-10
0.548959 -2.26231e-09 -8.95421e-10 0 0 0 0 0 0 -2.26231e-09 -8.95421e-10
0.549316 -2.23769e-09 -9.16292e-10 0 0 0 0 0 0 -2.23769e-09 -9.16292e-10
0.549674 -2.21278e-09 -9.36381e-10 0 0 0 0 0 0 -2.21278e-09 -9.36381e-10
0.550032 -2.18762e-09 -9.55694e-10 0 0 0 0 0 0 -2.18762e-09 -9.55694e-10
0.550389 -2.16223e-09 -9.74237e-10 0 0 0 0 0 0 -2.16223e-09 -9.74237e-10
0.550747 -2.13664e-09 -9.92016e-10 0 0 0 0 0 0 -2.13664e-09 -9.92016e-10
0.551105 -2.11089e-09 -1.00904e-09 0 0 0 0 0 0 -2.11089e-09 -1.00904e-09
0.551462 -2.08499e-09 -1.02532e-09 0 0 0 0 0 0 -2.08499e-09 -1.02532e-09
0.55182 -2.05898e-09 -1.04085e-09 0 0 0 0 0 0 -2.05898e-09 -1.04085e-09
0.552177 -2.03288e-09 -1.05566e-09 0 0 0 0 0 0 -2.03288e-09 -1.05566e-09
0.552535 -2.00671e-09 -1.06975e-09 0 0 0 0 0 0 -2.00671e-09 -1.06975e-09
0.552893 -1.98049e-09 -1.08313e-09 0 0 0 0 0 0 -1.98049e-09 -1.08313e-09
0.55325 -1.95425e-09 -1.09582e-09 0 0 0 0 0 0 -1.95425e-09 -1.09582e-09
0.553608 -1.92801e-09 -1.10782e-09 0 0 0 0 0 0 -1.92801e-09 -1.10782e-09
0.553966 -1.90178e-09 -1.11914e-09 0 0 0 0 0 0 -1.90178e-09 -1.11914e-09
0.554323 -1.87559e-09 -1.12981e-09 0 0 0 0 0 0 -1.87559e-09 -1.12981e-09
0.554681 -1.84945e-09 -1.13983e-09 0 0 0 0 0 0 -1.84945e-09 -1.13983e-09
0.555038 -1.82337e-09 -1.14921e-09 0 0 0 0 0 0 -1.82337e-09 -1.14921e-09
0.555396 -1.79738e-09 -1.15797e-09 0 0 0 0 0 0 -1.79738e-09 -1.15797e-09
0.555754 -1.77148e-09 -1.16612e-09 0 0 0 0 0 0 -1.77148e-09 -1.16612e-09
0.556111 -1.7457e-09 -1.17368e-09 0 0 0 0 0 0 -1.7457e-09 -1.17368e-09
0.556469 -1.72004e-09 -1.18066e-09 0 0 0 0 0 0 -1.72004e-09 -1.18066e-09
0.556827 -1.69452e-09 -1.18707e-09 0 0 0 0 0 0 -1.69452e-09 -1.18707e-09
0.557184 -1.66914e-09 -1.19292e-09 0 0 0 0 0 0 -1.66914e-09 -1.19292e-09
0.557542 -1.64393e-09 -1.19823e-09 0 0 0 0 0 0 -1.64393e-09 -1.19823e-09
0.557899 -1.61888e-09 -1.20302e-09 0 0 0 0 0 0 -1.61888e-09 -1.20302e-09
0.558257 -1.59401e-09 -1.20729e-09 0 0 0 0 0 0 -1.59401e-09 -1.20729e-09
0.558615 -1.56933e-09 -1.21106e-09 0 0 0 0 0 0 -1.56933e-09 -1.21106e-09
0.558972 -1.54485e-09 -1.21435e-09 0 0 0 0 0 0 -1.54485e-09 -1.21435e-09
0.55933 -1.52057e-09 -1.21716e-09 0 0 0 0 0 0 -1.52057e-09 -1.21716e-09
0.559688 -1.4965e-09 -1.21951e-09 0 0 0 0 0 0 -1.4965e-09 -1.21951e-09
0.560045 -1.47264e-09 -1.22142e-09 0 0 0 0 0 0 -1.47264e-09 -1.22142e-09
0.560403 -1.44901e-09 -1.22289e-09 0 0 0 0 0 0 -1.44901e-09 -1.22289e-09
0.56076 -1.42561e-09 -1.22395e-09 0 0 0 0 0 0 -1.42561e-09 -1.22395e-09
0.561118 -1.40244e-09 -1.2246e-09 0 0 0 0 0 0 -1.40244e-09 -1.2246e-09
0.561476 -1.3795e-09 -1.22485e-09 0 0 0 0 0 0 -1.3795e-09 -1.22485e-09
0.561833 -1.35681e-09 -1.22472e-09 0 0 0 0 0 0 -1.35681e-09 -1.22472e-09
0.562191 -1.33437e-09 -1.22422e-09 0 0 0 0 0 0 -1.33437e-09 -1.22422e-09
0.562549 -1.31217e-09 -1.22337e-09 0 0 0 0 0 0 -1.31217e-09 -1.22337e-09
0.562906 -1.29023e-09 -1.22217e-09 0 0 0 0 0 0 -1.29023e-09 -1.22217e-09
0.563264 -1.26854e-09 -1.22063e-09 0 0 0 0 0 0 -1.26854e-09 -1.22063e-09
0.563622 -1.24711e-09 -1.21878e-09 0 0 0 0 0 0 -1.24711e-09 -1.21878e-09
0.563979 -1.22593e-09 -1.21661e-09 0 0 0 0 0 0 -1.22593e-09 -1.21661e-09
0.564337 -1.20502e-09 -1.21415e-09 0 0 0 0 0 0 -1.20502e-09 -1.21415e-09
0.564694 -1.18437e-09 -1.21139e-09 0 0 0 0 0 0 -1.18437e-09 -1.21139e-09
0.565052 -1.16398e-09 -1.20836e-09 0 0 0 0 0 0 -1.16398e-09 -1.20836e-09
0.56541 -1.14385e-09 -1.20506e-09 0 0 0 0 0 0 -1.14385e-09 -1.20506e-09
0.565767 -1.12399e-09 -1.20151e-09 0 0 0 0 0 0 -1.12399e-09 -1.20151e-09
0.566125 -1.1044e-09 -1.19771e-09 0 0 0 0 0 0 -1.1044e-09 -1.19771e-09
0.566483 -1.08506e-09 -1.19367e-09 0 0 0 0 0 0 -1.08506e-09 -1.19367e-09
0.56684 -1.066e-09 -1.1894e-09 0 0 0 0 0 0 -1.066e-09 -1.1894e-09
0.567198 -1.04719e-09 -1.18492e-09 0 0 0 0 0 0 -1.04719e-09 -1.18492e-09
0.567555 -1.02865e-09 -1.18023e-09 0 0 0 0 0 0 -1.02865e-09 -1.18023e-09
0.567913 -1.01037e-09 -1.17534e-09 0 0 0 0 0 0 -1.01037e-09 -1.17534e-09
0.568271 -9.92354e-10 -1.17026e-09 0 0 0 0 0 0 -9.92354e-10 -1.17026e-09
0.568628 -9.74598e-10 -1.16499e-09 0 0 0 0 0 0 -9.74598e-10 -1.16499e-09
0.568986 -9.57101e-10 -1.15956e-09 0 0 0 0 0 0 -9.57101e-10 -1.15956e-09
0.569344 -9.39862e-10 -1.15395e-09 0 0 0 0 0 0 -9.39862e-10 -1.15395e-09
0.569701 -9.22881e-10 -1.14819e-09 0 0 0 0 0 0 -9.22881e-10 -1.14819e-09
0.570059 -9.06154e-10 -1.14228e-09 0 0 0 0 0 0 -9.06154e-10 -1.14228e-09
0.570416 -8.8968e-10 -1.13623e-09 0 0 0 0 0 0 -8.8968e-10 -1.13623e-09
0.570774 -8.73459e-10 -1.13004e-09 0 0 0 0 0 0 -8.73459e-10 -1.13004e-09
0.571132 -8.57487e-10 -1.12373e-09 0 0 0 0 0 0 -8.57487e-10 -1.12373e-09
0.571489 -8.41762e-10 -1.11729e-09 0 0 0 0 0 0 -8.41762e-10 -1.11729e-09
0.571847 -8.26284e-10 -1.11073e-09 0 0 0 0 0 0 -8.26284e-10 -1.11073e-09
0.572205 -8.11049e-10 -1.10407e-09 0 0 0 0 0 0 -8.11049e-10 -1.10407e-09
0.572562 -7.96055e-10 -1.09731e-09 0 0 0 0 0 0 -7.96055e-10 -1.09731e-09
0.57292 -7.813e-10 -1.09045e-09 0 0 0 0 0 0 -7.813e-10 -1.09045e-09
0.573277 -7.66782e-10 -1.08351e-09 0 0 0 0 0 0 -7.66782e-10 -1.08351e-09
0.573635 -7.52498e-10 -1.07647e-09 0 0 0 0 0 0 -7.52498e-10 -1.07647e-09
0.573993 -7.38446e-10 -1.06936e-09 0 0 0 0 0 0 -7.38446e-10 -1.06936e-09
0.57435 -7.24624e-10 -1.06218e-09 0 0 0 0 0 0 -7.24624e-10 -1.06218e-09
0.574708 -7.11028e-10 -1.05493e-09 0 0 0 0 0 0 -7.11028e-10 -1.05493e-09
0.575066 -6.97657e-10 -1.04761e-09 0 0 0 0 0 0 -6.97657e-10 -1.04761e-09
0.575423 -6.84507e-10 -1.04024e-09 0 0 0 0 0 0 -6.84507e-10 -1.04024e-09
0.575781 -6.71577e-10 -1.03282e-09 0 0 0 0 0 0 -6.71577e-10 -1.03282e-09
0.576138 -6.58863e-10 -1.02534e-09 0 0 0 0 0 0 -6.58863e-10 -1.02534e-09
0.576496 -6.46363e-10 -1.01783e-09 0 0 0 0 0 0 -6.46363e-10 -1.01783e-09
0.576854 -6.34073e-10 -1.01027e-09 0 0 0 0 0 0 -6.34073e-10 -1.01027e-09
0.577211 -6.21993e-10 -1.00268e-09 0 0 0 0 0 0 -6.21993e-10 -1.00268e-09
0.577569 -6.10118e-10 -9.95052e-10 0 0 0 0 0 0 -6.10118e-10 -9.95052e-10
0.577927 -5.98446e-10 -9.874e-10 0 0 0 0 0 0 -5.98446e-10 -9.874e-10
0.578284 -5.86974e-10 -9.79723e-10 0 0 0 0 0 0 -5.86974e-10 -9.79723e-10
0.578642 -5.757e-10 -9.72026e-10 0 0 0 0 0 0 -5.757e-10 -9.72026e-10
0.579 -5.6462e-10 -9.64311e-10 0 0 0 0 0 0 -5.6462e-10 -9.64311e-10
0.579357 -5.53733e-10 -9.56583e-10 0 0 0 0 0 0 -5.53733e-10 -9.56583e-10
0.579715 -5.43036e-10 -9.48845e-10 0 0 0 0 0 0 -5.43036e-10 -9.48845e-10
0.580072 -5.32525e-10 -9.41099e-10 0 0 0 0 0 0 -5.32525e-10 -9.41099e-10
0.58043 -5.22198e-10 -9.33348e-10 0 0 0 0 0 0 -5.22198e-10 -9.33348e-10
0.580788 -5.12053e-10 -9.25596e-10 0 0 0 0 0 0 -5.12053e-10 -9.25596e-10
0.581145 -5.02086e-10 -9.17845e-10 0 0 0 0 0 0 -5.02086e-10 -9.17845e-10
0.581503 -4.92296e-10 -9.10097e-10 0 0 0 0 0 0 -4.92296e-10 -9.10097e-10
0.581861 -4.82679e-10 -9.02356e-10 0 0 0 0 0 0 -4.82679e-10 -9.02356e-10
0.582218 -4.73232e-10 -8.94624e-10 0 0 0 0 0 0 -4.73232e-10 -8.94624e-10
0.582576 -4.63954e-10 -8.86903e-10 0 0 0 0 0 0 -4.63954e-10 -8.86903e-10
0.582933 -4.54842e-10 -8.79194e-10 0 0 0 0 0 0 -4.54842e-10 -8.79194e-10
0.583291 -4.45893e-10 -8.71502e-10 0 0 0 0 0 0 -4.45893e-10 -8.71502e-10
0.583649 -4.37104e-10 -8.63827e-10 0 0 0 0 0 0 -4.37104e-10 -8.63827e-10
0.584006 -4.28473e-10 -8.56171e-10 0 0 0 0 0 0 -4.28473e-10 -8.56171e-10
0.584364 -4.19998e-10 -8.48537e-10 0 0 0 0 0 0 -4.19998e-10 -8.48537e-10
0.584722 -4.11675e-10 -8.40925e-10 0 0 0 0 0 0 -4.11675e-10 -8.40925e-10
0.585079 -4.03503e-10 -8.33339e-10 0 0 0 0 0 0 -4.03503e-10 -8.33339e-10
0.585437 -3.9548e-10 -8.25779e-10 0 0 0 0 0 0 -3.9548e-10 -8.25779e-10
0.585794 -3.87602e-10 -8.18247e-10 0 0 0 0 0 0 -3.87602e-10 -8.18247e-10
0.586152 -3.79867e-10 -8.10745e-10 0 0 0 0 0 0 -3.79867e-10 -8.10745e-10
0.58651 -3.72274e-10 -8.03274e-10 0 0 0 0 0 0 -3.72274e-10 -8.03274e-10
0.586867 -3.64819e-10 -7.95835e-10 0 0 0 0 0 0 -3.64819e-10 -7.95835e-10
0.587225 -3.575e-10 -7.88429e-10 0 0 0 0 0 0 -3.575e-10 -7.88429e-10
0.587583 -3.50316e-10 -7.81059e-10 0 0 0 0 0 0 -3.50316e-10 -7.81059e-10
0.58794 -3.43263e-10 -7.73725e-10 0 0 0 0 0 0 -3.43263e-10 -7.73725e-10
0.588298 -3.3634e-10 -7.66427e-10 0 0 0 0 0 0 -3.3634e-10 -7.66427e-10
0.588655 -3.29545e-10 -7.59168e-10 0 0 0 0 0 0 -3.29545e-10 -7.59168e-10
0.589013 -3.22875e-10 -7.51948e-10 0 0 0 0 0 0 -3.22875e-10 -7.51948e-10
0.589371 -3.16328e-10 -7.44768e-10 0 0 0 0 0 0 -3.16328e-10 -7.44768e-10
0.589728 -3.09902e-10 -7.37629e-10 0 0 0 0 0 0 -3.09902e-10 -7.37629e-10
0.590086 -3.03594e-10 -7.30532e-10 0 0 0 0 0 0 -3.03594e-10 -7.30532e-10
0.590444 -2.97404e-10 -7.23477e-10 0 0 0 0 0 0 -2.97404e-10 -7.23477e-10
0.590801 -2.91329e-10 -7.16465e-10 0 0 0 0 0 0 -2.91329e-10 -7.16465e-10
0.591159 -2.85366e-10 -7.09498e-10 0 0 0 0 0 0 -2.85366e-10 -7.09498e-10
0.591516 -2.79515e-10 -7.02575e-10 0 0 0 0 0 0 -2.79515e-10 -7.02575e-10
0.591874 -2.73772e-10 -6.95698e-10 0 0 0 0 0 0 -2.73772e-10 -6.95698e-10
0.592232 -2.68137e-10 -6.88866e-10 0 0 0 0 0 0 -2.68137e-10 -6.88866e-10
0.592589 -2.62607e-10 -6.8208e-10 0 0 0 0 0 0 -2.62607e-10 -6.8208e-10
0.592947 -2.5718e-10 -6.75342e-10 0 0 0 0 0 0 -2.5718e-10 -6.75342e-10
0.593305 -2.51855e-10 -6.6865e-10 0 0 0 0 0 0 -2.51855e-10 -6.6865e-10
0.593662 -2.46629e-10 -6.62006e-10 0 0 0 0 0 0 -2.46629e-10 -6.62006e-10
0.59402 -2.41501e-10 -6.5541e-10 0 0 0 0 0 0 -2.41501e-10 -6.5541e-10
0.594378 -2.3647e-10 -6.48863e-10 0 0 0 0 0 0 -2.3647e-10 -6.48863e-10
0.594735 -2.31533e-10 -6.42364e-10 0 0 0 0 0 0 -2.31533e-10 -6.42364e-10
0.595093 -2.26688e-10 -6.35914e-10 0 0 0 0 0 0 -2.26688e-10 -6.35914e-10
0.59545 -2.21935e-10 -6.29514e-10 0 0 0 0 0 0 -2.21935e-10 -6.29514e-10
0.595808 -2.17272e-10 -6.23162e-10 0 0 0 0 0 0 -2.17272e-10 -6.23162e-10
0.596166 -2.12696e-10 -6.16861e-10 0 0 0 0 0 0 -2.12696e-10 -6.16861e-10
0.596523 -2.08207e-10 -6.10609e-10 0 0 0 0 0 0 -2.08207e-10 -6.10609e-10
0.596881 -2.03802e-10 -6.04407e-10 0 0 0 0 0 0 -2.03802e-10 -6.04407e-10
0.597239 -1.99481e-10 -5.98255e-10 0 0 0 0 0 0 -1.99481e-10 -5.98255e-10
0.597596 -1.95241e-10 -5.92153e-10 0 0 0 0 0 0 -1.95241e-10 -5.92153e-10
0.597954 -1.91082e-10 -5.86101e-10 0 0 0 0 0 0 -1.91082e-10 -5.86101e-10
0.598311 -1.87001e-10 -5.80099e-10 0 0 0 0 0 0 -1.87001e-10 -5.80099e-10
0.598669 -1.82998e-10 -5.74148e-10 0 0 0 0 0 0 -1.82998e-10 -5.74148e-10
0.599027 -1.7907e-10 -5.68247e-10 0 0 0 0 0 0 -1.7907e-10 -5.68247e-10
0.599384 -1.75218e-10 -5.62396e-10 0 0 0 0 0 0 -1.75218e-10 -5.62396e-10
