0.399828 4.46003e-11 9.82385e-12 -1.56925e-10 1.53348e-09 -1.12324e-10 1.5433e-09
0.400066 4.53862e-11 1.00167e-11 -1.59796e-10 1.55764e-09 -1.14409e-10 1.56765e-09
0.400305 4.61877e-11 1.02138e-11 -1.62725e-10 1.58223e-09 -1.16538e-10 1.59244e-09
0.400543 4.70051e-11 1.04151e-11 -1.65715e-10 1.60726e-09 -1.1871e-10 1.61767e-09
0.400782 4.78387e-11 1.06209e-11 -1.68766e-10 1.63273e-09 -1.20927e-10 1.64335e-09
0.40102 4.86889e-11 1.08312e-11 -1.71879e-10 1.65866e-09 -1.2319e-10 1.66949e-09
0.401258 4.9556e-11 1.10462e-11 -1.75057e-10 1.68505e-09 -1.25501e-10 1.69609e-09
0.401497 5.04405e-11 1.12659e-11 -1.783e-10 1.71191e-09 -1.2786e-10 1.72317e-09
0.401735 5.13427e-11 1.14905e-11 -1.8161e-10 1.73925e-09 -1.30268e-10 1.75074e-09
0.401974 5.22631e-11 1.172e-11 -1.84989e-10 1.76709e-09 -1.32726e-10 1.77881e-09
0.402212 5.32019e-11 1.19547e-11 -1.88438e-10 1.79543e-09 -1.35236e-10 1.80738e-09
0.402451 5.41597e-11 1.21945e-11 -1.91959e-10 1.82428e-09 -1.37799e-10 1.83647e-09
0.402689 5.51369e-11 1.24398e-11 -1.95553e-10 1.85365e-09 -1.40416e-10 1.86609e-09
0.402927 5.61338e-11 1.26905e-11 -1.99222e-10 1.88355e-09 -1.43088e-10 1.89624e-09
0.403166 5.7151e-11 1.29469e-11 -2.02968e-10 1.914e-09 -1.45817e-10 1.92694e-09
0.403404 5.81888e-11 1.3209e-11 -2.06792e-10 1.945e-09 -1.48603e-10 1.95821e-09
0.403643 5.92479e-11 1.3477e-11 -2.10697e-10 1.97656e-09 -1.51449e-10 1.99004e-09
0.403881 6.03285e-11 1.37511e-11 -2.14684e-10 2.0087e-09 -1.54356e-10 2.02245e-09
0.404119 6.14313e-11 1.40314e-11 -2.18756e-10 2.04143e-09 -1.57325e-10 2.05546e-09
0.404358 6.25567e-11 1.4318e-11 -2.22914e-10 2.07476e-09 -1.60357e-10 2.08908e-09
0.404596 6.37053e-11 1.46112e-11 -2.27159e-10 2.10871e-09 -1.63454e-10 2.12332e-09
0.404835 6.48775e-11 1.4911e-11 -2.31495e-10 2.14328e-09 -1.66618e-10 2.15819e-09
0.405073 6.6074e-11 1.52177e-11 -2.35924e-10 2.17848e-09 -1.6985e-10 2.1937e-09
0.405312 6.72952e-11 1.55314e-11 -2.40447e-10 2.21434e-09 -1.73152e-10 2.22987e-09
0.40555 6.85418e-11 1.58524e-11 -2.45067e-10 2.25086e-09 -1.76525e-10 2.26671e-09
0.405788 6.98143e-11 1.61807e-11 -2.49786e-10 2.28806e-09 -1.79971e-10 2.30424e-09
0.406027 7.11133e-11 1.65165e-11 -2.54606e-10 2.32595e-09 -1.83493e-10 2.34247e-09
0.406265 7.24395e-11 1.68602e-11 -2.5953e-10 2.36455e-09 -1.87091e-10 2.38141e-09
0.406504 7.37934e-11 1.72118e-11 -2.64561e-10 2.40387e-09 -1.90767e-10 2.42109e-09
0.406742 7.51758e-11 1.75715e-11 -2.697e-10 2.44393e-09 -1.94524e-10 2.4615e-09
0.406981 7.65872e-11 1.79397e-11 -2.74951e-10 2.48474e-09 -1.98364e-10 2.50268e-09
0.407219 7.80284e-11 1.83164e-11 -2.80316e-10 2.52631e-09 -2.02287e-10 2.54463e-09
0.407457 7.95e-11 1.87019e-11 -2.85797e-10 2.56867e-09 -2.06297e-10 2.58737e-09
0.407696 8.10028e-11 1.90965e-11 -2.91399e-10 2.61183e-09 -2.10396e-10 2.63093e-09
0.407934 8.25375e-11 1.95003e-11 -2.97123e-10 2.65581e-09 -2.14586e-10 2.67531e-09
0.408173 8.41048e-11 1.99136e-11 -3.02973e-10 2.70062e-09 -2.18868e-10 2.72053e-09
0.408411 8.57055e-11 2.03367e-11 -3.08951e-10 2.74628e-09 -2.23245e-10 2.76661e-09
0.408649 8.73405e-11 2.07698e-11 -3.15061e-10 2.79281e-09 -2.2772e-10 2.81358e-09
0.408888 8.90105e-11 2.12132e-11 -3.21306e-10 2.84022e-09 -2.32295e-10 2.86144e-09
0.409126 9.07163e-11 2.16671e-11 -3.27689e-10 2.88855e-09 -2.36973e-10 2.91022e-09
0.409365 9.24588e-11 2.21318e-11 -3.34214e-10 2.9378e-09 -2.41755e-10 2.95993e-09
0.409603 9.4239e-11 2.26076e-11 -3.40883e-10 2.988e-09 -2.46644e-10 3.0106e-09
0.409842 9.60576e-11 2.30948e-11 -3.47702e-10 3.03916e-09 -2.51644e-10 3.06225e-09
0.41008 9.79156e-11 2.35937e-11 -3.54673e-10 3.09131e-09 -2.56757e-10 3.1149e-09
0.410318 9.9814e-11 2.41046e-11 -3.618e-10 3.14446e-09 -2.61986e-10 3.16857e-09
0.410557 1.01754e-10 2.46278e-11 -3.69086e-10 3.19865e-09 -2.67333e-10 3.22328e-09
0.410795 1.03736e-10 2.51637e-11 -3.76537e-10 3.25389e-09 -2.72801e-10 3.27905e-09
0.411034 1.05761e-10 2.57125e-11 -3.84156e-10 3.3102e-09 -2.78395e-10 3.33592e-09
0.411272 1.07831e-10 2.62747e-11 -3.91947e-10 3.36762e-09 -2.84116e-10 3.39389e-09
0.41151 1.09946e-10 2.68506e-11 -3.99914e-10 3.42615e-09 -2.89968e-10 3.453e-09
0.411749 1.12108e-10 2.74405e-11 -4.08063e-10 3.48583e-09 -2.95955e-10 3.51327e-09
0.411987 1.14318e-10 2.80449e-11 -4.16396e-10 3.54668e-09 -3.02079e-10 3.57472e-09
0.412226 1.16576e-10 2.8664e-11 -4.2492e-10 3.60873e-09 -3.08344e-10 3.63739e-09
0.412464 1.18885e-10 2.92984e-11 -4.33639e-10 3.67199e-09 -3.14755e-10 3.70129e-09
0.412703 1.21245e-10 2.99484e-11 -4.42558e-10 3.73651e-09 -3.21313e-10 3.76646e-09
0.412941 1.23657e-10 3.06145e-11 -4.51682e-10 3.80231e-09 -3.28025e-10 3.83293e-09
0.413179 1.26124e-10 3.12971e-11 -4.61016e-10 3.86941e-09 -3.34892e-10 3.90071e-09
0.413418 1.28645e-10 3.19967e-11 -4.70565e-10 3.93785e-09 -3.4192e-10 3.96985e-09
0.413656 1.31224e-10 3.27136e-11 -4.80336e-10 4.00765e-09 -3.49112e-10 4.04036e-09
0.413895 1.3386e-10 3.34484e-11 -4.90333e-10 4.07885e-09 -3.56473e-10 4.11229e-09
0.414133 1.36556e-10 3.42017e-11 -5.00562e-10 4.15147e-09 -3.64006e-10 4.18567e-09
0.414371 1.39313e-10 3.49738e-11 -5.1103e-10 4.22554e-09 -3.71717e-10 4.26052e-09
0.41461 1.42132e-10 3.57653e-11 -5.21743e-10 4.30111e-09 -3.79611e-10 4.33687e-09
0.414848 1.45016e-10 3.65768e-11 -5.32707e-10 4.3782e-09 -3.87691e-10 4.41477e-09
0.415087 1.47965e-10 3.74087e-11 -5.43928e-10 4.45684e-09 -3.95963e-10 4.49425e-09
0.415325 1.50981e-10 3.82618e-11 -5.55413e-10 4.53708e-09 -4.04432e-10 4.57534e-09
0.415564 1.54067e-10 3.91365e-11 -5.67169e-10 4.61894e-09 -4.13103e-10 4.65808e-09
0.415802 1.57223e-10 4.00335e-11 -5.79204e-10 4.70247e-09 -4.21981e-10 4.74251e-09
0.41604 1.60452e-10 4.09534e-11 -5.91524e-10 4.78771e-09 -4.31072e-10 4.82866e-09
0.416279 1.63755e-10 4.18968e-11 -6.04136e-10 4.87468e-09 -4.40381e-10 4.91657e-09
0.416517 1.67135e-10 4.28644e-11 -6.17049e-10 4.96343e-09 -4.49914e-10 5.0063e-09
0.416756 1.70593e-10 4.38569e-11 -6.30271e-10 5.05401e-09 -4.59678e-10 5.09786e-09
0.416994 1.74132e-10 4.4875e-11 -6.4381e-10 5.14644e-09 -4.69678e-10 5.19132e-09
0.417233 1.77753e-10 4.59194e-11 -6.57673e-10 5.24079e-09 -4.79921e-10 5.2867e-09
0.417471 1.81458e-10 4.69909e-11 -6.7187e-10 5.33708e-09 -4.90412e-10 5.38407e-09
0.417709 1.8525e-10 4.80903e-11 -6.8641e-10 5.43536e-09 -5.0116e-10 5.48345e-09
0.417948 1.89131e-10 4.92182e-11 -7.01302e-10 5.53569e-09 -5.1217e-10 5.58491e-09
0.418186 1.93104e-10 5.03757e-11 -7.16555e-10 5.6381e-09 -5.23451e-10 5.68848e-09
0.418425 1.9717e-10 5.15635e-11 -7.32178e-10 5.74265e-09 -5.35008e-10 5.79421e-09
0.418663 2.01333e-10 5.27824e-11 -7.48183e-10 5.84938e-09 -5.4685e-10 5.90216e-09
0.418901 2.05594e-10 5.40335e-11 -7.64578e-10 5.95835e-09 -5.58984e-10 6.01238e-09
0.41914 2.09956e-10 5.53175e-11 -7.81375e-10 6.0696e-09 -5.71419e-10 6.12492e-09
0.419378 2.14422e-10 5.66356e-11 -7.98585e-10 6.1832e-09 -5.84163e-10 6.23984e-09
0.419617 2.18995e-10 5.79886e-11 -8.16219e-10 6.2992e-09 -5.97224e-10 6.35718e-09
0.419855 2.23678e-10 5.93777e-11 -8.34288e-10 6.41764e-09 -6.1061e-10 6.47702e-09
0.420094 2.28473e-10 6.08038e-11 -8.52804e-10 6.5386e-09 -6.24331e-10 6.5994e-09
0.420332 2.33383e-10 6.2268e-11 -8.7178e-10 6.66213e-09 -6.38397e-10 6.72439e-09
0.42057 2.38412e-10 6.37715e-11 -8.91228e-10 6.78828e-09 -6.52816e-10 6.85205e-09
0.420809 2.43563e-10 6.53155e-11 -9.11161e-10 6.91713e-09 -6.67598e-10 6.98245e-09
0.421047 2.48838e-10 6.6901e-11 -9.31593e-10 7.04874e-09 -6.82754e-10 7.11564e-09
0.421286 2.54242e-10 6.85295e-11 -9.52537e-10 7.18316e-09 -6.98295e-10 7.25169e-09
0.421524 2.59778e-10 7.02021e-11 -9.74007e-10 7.32048e-09 -7.14229e-10 7.39068e-09
0.421762 2.65449e-10 7.19201e-11 -9.96019e-10 7.46076e-09 -7.3057e-10 7.53268e-09
0.422001 2.71259e-10 7.3685e-11 -1.01859e-09 7.60406e-09 -7.47328e-10 7.67775e-09
0.422239 2.77212e-10 7.54982e-11 -1.04173e-09 7.75047e-09 -7.64515e-10 7.82597e-09
0.422478 2.83312e-10 7.7361e-11 -1.06546e-09 7.90006e-09 -7.82144e-10 7.97742e-09
0.422716 2.89562e-10 7.9275e-11 -1.08979e-09 8.0529e-09 -8.00226e-10 8.13217e-09
0.422955 2.95967e-10 8.12417e-11 -1.11474e-09 8.20907e-09 -8.18775e-10 8.29031e-09
0.423193 3.02531e-10 8.32628e-11 -1.14034e-09 8.36866e-09 -8.37804e-10 8.45192e-09
0.423431 3.09259e-10 8.53399e-11 -1.16659e-09 8.53174e-09 -8.57326e-10 8.61708e-09
0.42367 3.16155e-10 8.74747e-11 -1.19351e-09 8.69841e-09 -8.77357e-10 8.78588e-09
0.423908 3.23223e-10 8.9669e-11 -1.22113e-09 8.86874e-09 -8.9791e-10 8.95841e-09
0.424147 3.30469e-10 9.19246e-11 -1.24947e-09 9.04284e-09 -9.19001e-10 9.13476e-09
0.424385 3.37898e-10 9.42434e-11 -1.27854e-09 9.22079e-09 -9.40644e-10 9.31503e-09
0.424623 3.45513e-10 9.66273e-11 -1.30837e-09 9.40268e-09 -9.62857e-10 9.49931e-09
0.424862 3.53322e-10 9.90784e-11 -1.33898e-09 9.58862e-09 -9.85656e-10 9.6877e-09
0.4251 3.61329e-10 1.01599e-10 -1.37039e-09 9.7787e-09 -1.00906e-09 9.8803e-09
0.425339 3.69539e-10 1.0419e-10 -1.40262e-09 9.97303e-09 -1.03308e-09 1.00772e-08
0.425577 3.77959e-10 1.06856e-10 -1.4357e-09 1.01717e-08 -1.05774e-09 1.02786e-08
0.425816 3.86594e-10 1.09597e-10 -1.46965e-09 1.03749e-08 -1.08306e-09 1.04845e-08
0.426054 3.95451e-10 1.12417e-10 -1.50451e-09 1.05826e-08 -1.10905e-09 1.0695e-08
0.426292 4.04536e-10 1.15317e-10 -1.54028e-09 1.0795e-08 -1.13575e-09 1.09103e-08
0.426531 4.13855e-10 1.18301e-10 -1.57701e-09 1.10122e-08 -1.16316e-09 1.11305e-08
0.426769 4.23415e-10 1.21371e-10 -1.61472e-09 1.12343e-08 -1.1913e-09 1.13557e-08
0.427008 4.33223e-10 1.24529e-10 -1.65344e-09 1.14615e-08 -1.22021e-09 1.1586e-08
0.427246 4.43287e-10 1.27779e-10 -1.69319e-09 1.16939e-08 -1.24991e-09 1.18216e-08
0.427485 4.53612e-10 1.31124e-10 -1.73402e-09 1.19315e-08 -1.28041e-09 1.20626e-08
0.427723 4.64208e-10 1.34565e-10 -1.77595e-09 1.21746e-08 -1.31174e-09 1.23092e-08
0.427961 4.75081e-10 1.38108e-10 -1.81901e-09 1.24233e-08 -1.34393e-09 1.25614e-08
0.4282 4.86241e-10 1.41754e-10 -1.86324e-09 1.26777e-08 -1.377e-09 1.28195e-08
0.428438 4.97695e-10 1.45508e-10 -1.90867e-09 1.2938e-08 -1.41098e-09 1.30835e-08
0.428677 5.09452e-10 1.49372e-10 -1.95534e-09 1.32044e-08 -1.44589e-09 1.33537e-08
0.428915 5.2152e-10 1.53351e-10 -2.00329e-09 1.34768e-08 -1.48177e-09 1.36302e-08
0.429153 5.3391e-10 1.57448e-10 -2.05256e-09 1.37557e-08 -1.51865e-09 1.39131e-08
0.429392 5.4663e-10 1.61666e-10 -2.10318e-09 1.4041e-08 -1.55655e-09 1.42027e-08
0.42963 5.5969e-10 1.66011e-10 -2.1552e-09 1.4333e-08 -1.59551e-09 1.4499e-08
0.429869 5.731e-10 1.70485e-10 -2.20866e-09 1.46318e-08 -1.63556e-09 1.48023e-08
0.430107 5.86871e-10 1.75094e-10 -2.2636e-09 1.49377e-08 -1.67673e-09 1.51128e-08
0.430346 6.01014e-10 1.79841e-10 -2.32008e-09 1.52507e-08 -1.71906e-09 1.54306e-08
0.430584 6.15539e-10 1.84732e-10 -2.37813e-09 1.55712e-08 -1.76259e-09 1.57559e-08
0.430822 6.30458e-10 1.89771e-10 -2.4378e-09 1.58992e-08 -1.80734e-09 1.6089e-08
0.431061 6.45784e-10 1.94962e-10 -2.49915e-09 1.62351e-08 -1.85337e-09 1.643e-08
0.431299 6.61527e-10 2.00313e-10 -2.56223e-09 1.65789e-08 -1.90071e-09 1.67792e-08
0.431538 6.77701e-10 2.05826e-10 -2.6271e-09 1.69309e-08 -1.94939e-09 1.71367e-08
0.431776 6.94319e-10 2.11509e-10 -2.69379e-09 1.72913e-08 -1.99948e-09 1.75028e-08
0.432014 7.11394e-10 2.17366e-10 -2.76239e-09 1.76604e-08 -2.05099e-09 1.78778e-08
0.432253 7.28941e-10 2.23404e-10 -2.83294e-09 1.80384e-08 -2.104e-09 1.82618e-08
0.432491 7.46973e-10 2.29628e-10 -2.90551e-09 1.84254e-08 -2.15853e-09 1.8655e-08
0.43273 7.65507e-10 2.36046e-10 -2.98015e-09 1.88218e-08 -2.21465e-09 1.90579e-08
0.432968 7.84556e-10 2.42663e-10 -3.05695e-09 1.92279e-08 -2.27239e-09 1.94705e-08
0.433207 8.04137e-10 2.49487e-10 -3.13596e-09 1.96437e-08 -2.33182e-09 1.98932e-08
0.433445 8.24266e-10 2.56525e-10 -3.21725e-09 2.00698e-08 -2.39298e-09 2.03263e-08
0.433683 8.44961e-10 2.63783e-10 -3.3009e-09 2.05062e-08 -2.45594e-09 2.077e-08
0.433922 8.66239e-10 2.71271e-10 -3.38699e-09 2.09533e-08 -2.52075e-09 2.12246e-08
0.43416 8.88119e-10 2.78995e-10 -3.4756e-09 2.14114e-08 -2.58748e-09 2.16904e-08
0.434399 9.10618e-10 2.86963e-10 -3.56679e-09 2.18807e-08 -2.65617e-09 2.21677e-08
0.434637 9.33757e-10 2.95185e-10 -3.66067e-09 2.23617e-08 -2.72691e-09 2.26569e-08
0.434875 9.57556e-10 3.0367e-10 -3.75731e-09 2.28545e-08 -2.79975e-09 2.31582e-08
0.435114 9.82035e-10 3.12425e-10 -3.85681e-09 2.33596e-08 -2.87477e-09 2.3672e-08
0.435352 1.00722e-09 3.21462e-10 -3.95925e-09 2.38772e-08 -2.95204e-09 2.41987e-08
0.435591 1.03312e-09 3.3079e-10 -4.06475e-09 2.44078e-08 -3.03162e-09 2.47385e-08
0.435829 1.05978e-09 3.40419e-10 -4.17338e-09 2.49516e-08 -3.11361e-09 2.5292e-08
0.436068 1.0872e-09 3.5036e-10 -4.28527e-09 2.5509e-08 -3.19807e-09 2.58594e-08
0.436306 1.11542e-09 3.60625e-10 -4.40052e-09 2.60805e-08 -3.2851e-09 2.64411e-08
0.436544 1.14446e-09 3.71224e-10 -4.51924e-09 2.66664e-08 -3.37478e-09 2.70376e-08
0.436783 1.17435e-09 3.8217e-10 -4.64155e-09 2.7267e-08 -3.46719e-09 2.76492e-08
0.437021 1.20512e-09 3.93474e-10 -4.76755e-09 2.78829e-08 -3.56243e-09 2.82764e-08
0.43726 1.23679e-09 4.05152e-10 -4.89739e-09 2.85145e-08 -3.6606e-09 2.89196e-08
0.437498 1.26939e-09 4.17214e-10 -5.03119e-09 2.91621e-08 -3.7618e-09 2.95794e-08
0.437737 1.30296e-09 4.29677e-10 -5.16908e-09 2.98263e-08 -3.86612e-09 3.0256e-08
0.437975 1.33753e-09 4.42554e-10 -5.3112e-09 3.05075e-08 -3.97368e-09 3.09501e-08
0.438213 1.37312e-09 4.5586e-10 -5.4577e-09 3.12063e-08 -4.08458e-09 3.16621e-08
0.438452 1.40977e-09 4.69612e-10 -5.60871e-09 3.1923e-08 -4.19894e-09 3.23926e-08
0.43869 1.44752e-09 4.83825e-10 -5.76441e-09 3.26582e-08 -4.31689e-09 3.3142e-08
0.438929 1.48641e-09 4.98517e-10 -5.92495e-09 3.34124e-08 -4.43854e-09 3.39109e-08
0.439167 1.52646e-09 5.13705e-10 -6.09049e-09 3.41863e-08 -4.56403e-09 3.47e-08
0.439405 1.56773e-09 5.29408e-10 -6.26121e-09 3.49803e-08 -4.69348e-09 3.55097e-08
0.439644 1.61024e-09 5.45646e-10 -6.43728e-09 3.5795e-08 -4.82704e-09 3.63406e-08
0.439882 1.65405e-09 5.62437e-10 -6.6189e-09 3.6631e-08 -4.96485e-09 3.71934e-08
0.440121 1.69919e-09 5.79803e-10 -6.80625e-09 3.7489e-08 -5.10706e-09 3.80688e-08
0.440359 1.74572e-09 5.97766e-10 -6.99955e-09 3.83696e-08 -5.25383e-09 3.89673e-08
0.440598 1.79367e-09 6.16348e-10 -7.19898e-09 3.92734e-08 -5.40531e-09 3.98897e-08
0.440836 1.8431e-09 6.35573e-10 -7.40478e-09 4.02011e-08 -5.56168e-09 4.08367e-08
0.441074 1.89406e-09 6.55464e-10 -7.61717e-09 4.11535e-08 -5.72311e-09 4.18089e-08
0.441313 1.9466e-09 6.76048e-10 -7.83637e-09 4.21311e-08 -5.88978e-09 4.28072e-08
0.441551 2.00076e-09 6.97351e-10 -8.06264e-09 4.31349e-08 -6.06187e-09 4.38323e-08
0.44179 2.05662e-09 7.19401e-10 -8.29622e-09 4.41655e-08 -6.2396e-09 4.48849e-08
0.442028 2.11422e-09 7.42226e-10 -8.53737e-09 4.52238e-08 -6.42315e-09 4.5966e-08
0.442266 2.17364e-09 7.65857e-10 -8.78637e-09 4.63106e-08 -6.61274e-09 4.70764e-08
0.442505 2.23492e-09 7.90325e-10 -9.0435e-09 4.74266e-08 -6.80858e-09 4.82169e-08
0.442743 2.29814e-09 8.15661e-10 -9.30906e-09 4.85729e-08 -7.01092e-09 4.93885e-08
0.442982 2.36336e-09 8.41901e-10 -9.58334e-09 4.97502e-08 -7.21998e-09 5.05921e-08
0.44322 2.43065e-09 8.6908e-10 -9.86667e-09 5.09595e-08 -7.43602e-09 5.18286e-08
0.443459 2.50009e-09 8.97234e-10 -1.01594e-08 5.22019e-08 -7.65928e-09 5.30991e-08
0.443697 2.57175e-09 9.26402e-10 -1.04618e-08 5.34782e-08 -7.89005e-09 5.44046e-08
0.443935 2.64571e-09 9.56625e-10 -1.07743e-08 5.47895e-08 -8.12859e-09 5.57461e-08
0.444174 2.72205e-09 9.87943e-10 -1.10972e-08 5.61368e-08 -8.37519e-09 5.71248e-08
0.444412 2.80086e-09 1.0204e-09 -1.1431e-08 5.75213e-08 -8.63017e-09 5.85417e-08
0.444651 2.88223e-09 1.05405e-09 -1.17761e-08 5.89441e-08 -8.89382e-09 5.99982e-08
0.444889 2.96624e-09 1.08892e-09 -1.21327e-08 6.04063e-08 -9.16649e-09 6.14953e-08
0.445127 3.05299e-09 1.12508e-09 -1.25015e-08 6.19092e-08 -9.4485e-09 6.30343e-08
0.445366 3.14258e-09 1.16258e-09 -1.28828e-08 6.3454e-08 -9.74022e-09 6.46165e-08
0.445604 3.23511e-09 1.20146e-09 -1.32771e-08 6.50419e-08 -1.0042e-08 6.62433e-08
0.445843 3.33069e-09 1.24179e-09 -1.3685e-08 6.66743e-08 -1.03543e-08 6.79161e-08
0.446081 3.42943e-09 1.28362e-09 -1.41068e-08 6.83526e-08 -1.06774e-08 6.96362e-08
0.44632 3.53145e-09 1.32702e-09 -1.45432e-08 7.00782e-08 -1.10118e-08 7.14052e-08
0.446558 3.63686e-09 1.37205e-09 -1.49947e-08 7.18526e-08 -1.13579e-08 7.32246e-08
0.446796 3.74579e-09 1.41877e-09 -1.54619e-08 7.36772e-08 -1.17161e-08 7.5096e-08
0.447035 3.85836e-09 1.46727e-09 -1.59454e-08 7.55537e-08 -1.2087e-08 7.70209e-08
0.447273 3.97473e-09 1.5176e-09 -1.64458e-08 7.74836e-08 -1.24711e-08 7.90012e-08
0.447512 4.09501e-09 1.56985e-09 -1.69638e-08 7.94686e-08 -1.28688e-08 8.10385e-08
0.44775 4.21937e-09 1.62411e-09 -1.75e-08 8.15105e-08 -1.32806e-08 8.31346e-08
0.447989 4.34795e-09 1.68044e-09 -1.80552e-08 8.36111e-08 -1.37072e-08 8.52915e-08
0.448227 4.48091e-09 1.73894e-09 -1.86301e-08 8.57721e-08 -1.41492e-08 8.75111e-08
0.448465 4.61841e-09 1.79971e-09 -1.92254e-08 8.79955e-08 -1.4607e-08 8.97952e-08
0.448704 4.76063e-09 1.86283e-09 -1.98421e-08 9.02833e-08 -1.50815e-08 9.21462e-08
0.448942 4.90774e-09 1.92841e-09 -2.04809e-08 9.26375e-08 -1.55731e-08 9.45659e-08
0.449181 5.05993e-09 1.99655e-09 -2.11426e-08 9.50603e-08 -1.60827e-08 9.70568e-08
0.449419 5.2174e-09 2.06737e-09 -2.18283e-08 9.75537e-08 -1.66109e-08 9.96211e-08
0.449657 5.38033e-09 2.14097e-09 -2.25389e-08 1.0012e-07 -1.71586e-08 1.02261e-07
0.449896 5.54895e-09 2.21749e-09 -2.32753e-08 1.02762e-07 -1.77264e-08 1.04979e-07
0.450134 5.72347e-09 2.29703e-09 -2.40387e-08 1.05481e-07 -1.83152e-08 1.07778e-07
0.450373 5.90412e-09 2.37975e-09 -2.483e-08 1.08281e-07 -1.89259e-08 1.10661e-07
0.450611 6.09114e-09 2.46576e-09 -2.56505e-08 1.11163e-07 -1.95594e-08 1.13629e-07
0.45085 6.28476e-09 2.55523e-09 -2.65013e-08 1.14131e-07 -2.02165e-08 1.16686e-07
0.451088 6.48526e-09 2.6483e-09 -2.73836e-08 1.17187e-07 -2.08984e-08 1.19835e-07
0.451326 6.69289e-09 2.74513e-09 -2.82988e-08 1.20334e-07 -2.16059e-08 1.23079e-07
0.451565 6.90794e-09 2.84588e-09 -2.92482e-08 1.23575e-07 -2.23402e-08 1.26421e-07
0.451803 7.1307e-09 2.95074e-09 -3.02332e-08 1.26914e-07 -2.31025e-08 1.29864e-07
0.452042 7.36147e-09 3.05988e-09 -3.12552e-08 1.30352e-07 -2.38937e-08 1.33412e-07
0.45228 7.60057e-09 3.17349e-09 -3.23159e-08 1.33894e-07 -2.47153e-08 1.37068e-07
0.452518 7.84832e-09 3.29178e-09 -3.34168e-08 1.37543e-07 -2.55685e-08 1.40835e-07
0.452757 8.10508e-09 3.41496e-09 -3.45596e-08 1.41303e-07 -2.64545e-08 1.44718e-07
0.452995 8.3712e-09 3.54325e-09 -3.57461e-08 1.45176e-07 -2.73749e-08 1.4872e-07
0.453234 8.64705e-09 3.67688e-09 -3.69781e-08 1.49168e-07 -2.83311e-08 1.52844e-07
0.453472 8.93303e-09 3.81609e-09 -3.82576e-08 1.53281e-07 -2.93245e-08 1.57097e-07
0.453711 9.22955e-09 3.96114e-09 -3.95865e-08 1.57519e-07 -3.03569e-08 1.6148e-07
0.453949 9.53703e-09 4.11229e-09 -4.0967e-08 1.61888e-07 -3.14299e-08 1.66e-07
0.454187 9.85591e-09 4.26984e-09 -4.24012e-08 1.66391e-07 -3.25453e-08 1.7066e-07
0.454426 1.01867e-08 4.43407e-09 -4.38915e-08 1.71032e-07 -3.37049e-08 1.75466e-07
0.454664 1.05298e-08 4.60529e-09 -4.54404e-08 1.75816e-07 -3.49106e-08 1.80422e-07
0.454903 1.08857e-08 4.78384e-09 -4.70503e-08 1.80749e-07 -3.61645e-08 1.85533e-07
0.455141 1.12551e-08 4.97004e-09 -4.87238e-08 1.85834e-07 -3.74687e-08 1.90804e-07
0.455379 1.16384e-08 5.16427e-09 -5.04638e-08 1.91078e-07 -3.88255e-08 1.96242e-07
0.455618 1.20362e-08 5.3669e-09 -5.22732e-08 1.96485e-07 -4.0237e-08 2.01851e-07
0.455856 1.24491e-08 5.57832e-09 -5.4155e-08 2.0206e-07 -4.17059e-08 2.07638e-07
0.456095 1.28777e-08 5.79895e-09 -5.61124e-08 2.0781e-07 -4.32347e-08 2.13609e-07
0.456333 1.33228e-08 6.02924e-09 -5.81488e-08 2.1374e-07 -4.4826e-08 2.19769e-07
0.456572 1.37849e-08 6.26964e-09 -6.02677e-08 2.19857e-07 -4.64827e-08 2.26126e-07
0.45681 1.42649e-08 6.52063e-09 -6.24727e-08 2.26166e-07 -4.82078e-08 2.32686e-07
0.457048 1.47634e-08 6.78274e-09 -6.47677e-08 2.32674e-07 -5.00043e-08 2.39456e-07
0.457287 1.52812e-08 7.05649e-09 -6.71567e-08 2.39387e-07 -5.18755e-08 2.46444e-07
0.457525 1.58192e-08 7.34244e-09 -6.9644e-08 2.46314e-07 -5.38248e-08 2.53656e-07
0.457764 1.63782e-08 7.6412e-09 -7.22341e-08 2.5346e-07 -5.58559e-08 2.61101e-07
0.458002 1.69591e-08 7.95338e-09 -7.49315e-08 2.60834e-07 -5.79725e-08 2.68787e-07
0.458241 1.75628e-08 8.27965e-09 -7.77413e-08 2.68442e-07 -6.01785e-08 2.76722e-07
0.458479 1.81903e-08 8.6207e-09 -8.06685e-08 2.76294e-07 -6.24782e-08 2.84914e-07
0.458717 1.88427e-08 8.97725e-09 -8.37186e-08 2.84396e-07 -6.48758e-08 2.93373e-07
0.458956 1.9521e-08 9.35008e-09 -8.68972e-08 2.92758e-07 -6.73761e-08 3.02108e-07
0.459194 2.02264e-08 9.73999e-09 -9.02102e-08 3.01388e-07 -6.99838e-08 3.11128e-07
0.459433 2.09599e-08 1.01478e-08 -9.36639e-08 3.10296e-07 -7.27041e-08 3.20443e-07
0.459671 2.17228e-08 1.05745e-08 -9.7265e-08 3.1949e-07 -7.55422e-08 3.30064e-07
0.459909 2.25165e-08 1.1021e-08 -1.0102e-07 3.2898e-07 -7.85037e-08 3.40001e-07
0.460148 2.33422e-08 1.14882e-08 -1.04937e-07 3.38778e-07 -8.15946e-08 3.50266e-07
0.460386 2.42014e-08 1.19773e-08 -1.09023e-07 3.48891e-07 -8.48212e-08 3.60869e-07
0.460625 2.50955e-08 1.24893e-08 -1.13285e-07 3.59332e-07 -8.81898e-08 3.71822e-07
0.460863 2.60261e-08 1.30254e-08 -1.17734e-07 3.70112e-07 -9.17075e-08 3.83137e-07
0.461102 2.69947e-08 1.35868e-08 -1.22376e-07 3.81241e-07 -9.53815e-08 3.94828e-07
0.46134 2.80031e-08 1.41749e-08 -1.27222e-07 3.92732e-07 -9.92193e-08 4.06907e-07
0.461578 2.90531e-08 1.4791e-08 -1.32282e-07 4.04597e-07 -1.03229e-07 4.19388e-07
0.461817 3.01464e-08 1.54365e-08 -1.37566e-07 4.16847e-07 -1.07419e-07 4.32284e-07
0.462055 3.12851e-08 1.6113e-08 -1.43084e-07 4.29497e-07 -1.11799e-07 4.4561e-07
0.462294 3.2471e-08 1.68222e-08 -1.48848e-07 4.42559e-07 -1.16377e-07 4.59381e-07
0.462532 3.37065e-08 1.75656e-08 -1.5487e-07 4.56047e-07 -1.21163e-07 4.73613e-07
0.46277 3.49937e-08 1.83451e-08 -1.61162e-07 4.69976e-07 -1.26169e-07 4.88321e-07
0.463009 3.63349e-08 1.91626e-08 -1.67739e-07 4.84359e-07 -1.31404e-07 5.03521e-07
0.463247 3.77326e-08 2.00201e-08 -1.74614e-07 4.99212e-07 -1.36881e-07 5.19232e-07
0.463486 3.91893e-08 2.09197e-08 -1.81801e-07 5.1455e-07 -1.42612e-07 5.35469e-07
0.463724 4.07077e-08 2.18637e-08 -1.89317e-07 5.30389e-07 -1.4861e-07 5.52253e-07
0.463963 4.22906e-08 2.28543e-08 -1.97178e-07 5.46745e-07 -1.54887e-07 5.696e-07
0.464201 4.3941e-08 2.38942e-08 -2.05401e-07 5.63636e-07 -1.6146e-07 5.8753e-07
0.464439 4.56619e-08 2.49859e-08 -2.14003e-07 5.81078e-07 -1.68342e-07 6.06064e-07
0.464678 4.74566e-08 2.61323e-08 -2.23006e-07 5.99089e-07 -1.75549e-07 6.25221e-07
0.464916 4.93284e-08 2.73362e-08 -2.32428e-07 6.17687e-07 -1.83099e-07 6.45024e-07
0.465155 5.12809e-08 2.86008e-08 -2.42291e-07 6.36892e-07 -1.9101e-07 6.65492e-07
0.465393 5.33178e-08 2.99294e-08 -2.52617e-07 6.56721e-07 -1.99299e-07 6.8665e-07
0.465631 5.54431e-08 3.13254e-08 -2.63431e-07 6.77194e-07 -2.07988e-07 7.0852e-07
0.46587 5.76607e-08 3.27927e-08 -2.74757e-07 6.98332e-07 -2.17096e-07 7.31125e-07
0.466108 5.99749e-08 3.43349e-08 -2.86622e-07 7.20155e-07 -2.26647e-07 7.5449e-07
0.466347 6.23903e-08 3.59564e-08 -2.99053e-07 7.42683e-07 -2.36663e-07 7.7864e-07
0.466585 6.49115e-08 3.76614e-08 -3.12081e-07 7.65938e-07 -2.4717e-07 8.036e-07
0.466824 6.75434e-08 3.94545e-08 -3.25736e-07 7.89942e-07 -2.58193e-07 8.29397e-07
0.467062 7.02911e-08 4.13407e-08 -3.40051e-07 8.14716e-07 -2.6976e-07 8.56057e-07
0.4673 7.31601e-08 4.3325e-08 -3.5506e-07 8.40283e-07 -2.819e-07 8.83608e-07
0.467539 7.61561e-08 4.54131e-08 -3.70801e-07 8.66665e-07 -2.94645e-07 9.12079e-07
0.467777 7.92848e-08 4.76106e-08 -3.87312e-07 8.93886e-07 -3.08027e-07 9.41497e-07
0.468016 8.25525e-08 4.99237e-08 -4.04634e-07 9.21968e-07 -3.22081e-07 9.71892e-07
0.468254 8.59657e-08 5.23589e-08 -4.22809e-07 9.50935e-07 -3.36844e-07 1.00329e-06
0.468493 8.95312e-08 5.4923e-08 -4.41884e-07 9.80811e-07 -3.52353e-07 1.03573e-06
0.468731 9.3256e-08 5.76233e-08 -4.61907e-07 1.01162e-06 -3.68651e-07 1.06924e-06
0.468969 9.71476e-08 6.04676e-08 -4.82929e-07 1.04338e-06 -3.85781e-07 1.10385e-06
0.469208 1.01214e-07 6.34638e-08 -5.05003e-07 1.07612e-06 -4.03789e-07 1.13959e-06
0.469446 1.05463e-07 6.66208e-08 -5.28186e-07 1.10987e-06 -4.22723e-07 1.17649e-06
0.469685 1.09903e-07 6.99476e-08 -5.52539e-07 1.14463e-06 -4.42636e-07 1.21458e-06
0.469923 1.14543e-07 7.34539e-08 -5.78125e-07 1.18045e-06 -4.63582e-07 1.2539e-06
0.470161 1.19393e-07 7.71499e-08 -6.05012e-07 1.21734e-06 -4.85619e-07 1.29449e-06
0.4704 1.24462e-07 8.10465e-08 -6.33271e-07 1.25531e-06 -5.08809e-07 1.33636e-06
0.470638 1.2976e-07 8.51551e-08 -6.62977e-07 1.2944e-06 -5.33216e-07 1.37956e-06
0.470877 1.35298e-07 8.94879e-08 -6.94209e-07 1.33463e-06 -5.58911e-07 1.42411e-06
0.471115 1.41087e-07 9.40578e-08 -7.27053e-07 1.376e-06 -5.85965e-07 1.47006e-06
0.471354 1.47139e-07 9.88784e-08 -7.61596e-07 1.41854e-06 -6.14457e-07 1.51742e-06
0.471592 1.53466e-07 1.03964e-07 -7.97935e-07 1.46226e-06 -6.44469e-07 1.56623e-06
0.47183 1.60079e-07 1.0933e-07 -8.36167e-07 1.50718e-06 -6.76088e-07 1.61651e-06
0.472069 1.66994e-07 1.14993e-07 -8.764e-07 1.55331e-06 -7.09406e-07 1.6683e-06
0.472307 1.74222e-07 1.20969e-07 -9.18744e-07 1.60066e-06 -7.44523e-07 1.72163e-06
0.472546 1.81778e-07 1.27276e-07 -9.63319e-07 1.64923e-06 -7.81541e-07 1.77651e-06
0.472784 1.89677e-07 1.33935e-07 -1.01025e-06 1.69903e-06 -8.20571e-07 1.83296e-06
0.473022 1.97935e-07 1.40964e-07 -1.05967e-06 1.75006e-06 -8.61731e-07 1.89102e-06
0.473261 2.06567e-07 1.48385e-07 -1.11171e-06 1.80231e-06 -9.05145e-07 1.95069e-06
0.473499 2.1559e-07 1.56222e-07 -1.16653e-06 1.85577e-06 -9.50944e-07 2.01199e-06
0.473738 2.25022e-07 1.64497e-07 -1.22429e-06 1.91043e-06 -9.99269e-07 2.07493e-06
0.473976 2.34879e-07 1.73236e-07 -1.28515e-06 1.96628e-06 -1.05027e-06 2.13951e-06
0.474215 2.45181e-07 1.82465e-07 -1.34928e-06 2.02328e-06 -1.1041e-06 2.20574e-06
0.474453 2.55946e-07 1.92213e-07 -1.41687e-06 2.0814e-06 -1.16093e-06 2.27362e-06
0.474691 2.67194e-07 2.02509e-07 -1.48813e-06 2.14061e-06 -1.22093e-06 2.34312e-06
0.47493 2.78946e-07 2.13384e-07 -1.56325e-06 2.20085e-06 -1.2843e-06 2.41423e-06
0.475168 2.91222e-07 2.24871e-07 -1.64246e-06 2.26207e-06 -1.35123e-06 2.48694e-06
0.475407 3.04044e-07 2.37006e-07 -1.72599e-06 2.32419e-06 -1.42194e-06 2.5612e-06
0.475645 3.17434e-07 2.49823e-07 -1.81409e-06 2.38714e-06 -1.49665e-06 2.63696e-06
0.475883 3.31415e-07 2.63363e-07 -1.90701e-06 2.45083e-06 -1.5756e-06 2.71419e-06
0.476122 3.46009e-07 2.77664e-07 -2.00505e-06 2.51515e-06 -1.65904e-06 2.79281e-06
0.47636 3.6124e-07 2.92769e-07 -2.10847e-06 2.57998e-06 -1.74723e-06 2.87274e-06
0.476599 3.77131e-07 3.08724e-07 -2.21761e-06 2.64518e-06 -1.84048e-06 2.9539e-06
0.476837 3.93708e-07 3.25573e-07 -2.33277e-06 2.71059e-06 -1.93906e-06 3.03617e-06
0.477076 4.10995e-07 3.43367e-07 -2.45431e-06 2.77606e-06 -2.04332e-06 3.11942e-06
0.477314 4.29015e-07 3.62155e-07 -2.58259e-06 2.84137e-06 -2.15357e-06 3.20352e-06
0.477552 4.47794e-07 3.81992e-07 -2.71798e-06 2.90631e-06 -2.27019e-06 3.2883e-06
0.477791 4.67357e-07 4.02932e-07 -2.8609e-06 2.97064e-06 -2.39355e-06 3.37357e-06
0.478029 4.87727e-07 4.25034e-07 -3.01178e-06 3.03408e-06 -2.52405e-06 3.45912e-06
0.478268 5.08928e-07 4.48357e-07 -3.17106e-06 3.09635e-06 -2.66213e-06 3.54471e-06
0.478506 5.30985e-07 4.72965e-07 -3.33921e-06 3.1571e-06 -2.80822e-06 3.63007e-06
0.478745 5.53918e-07 4.9892e-07 -3.51674e-06 3.21598e-06 -2.96282e-06 3.7149e-06
0.478983 5.77751e-07 5.26291e-07 -3.70417e-06 3.27257e-06 -3.12642e-06 3.79886e-06
0.479221 6.02502e-07 5.55145e-07 -3.90205e-06 3.32645e-06 -3.29955e-06 3.88159e-06
0.47946 6.28192e-07 5.85553e-07 -4.11097e-06 3.37713e-06 -3.48278e-06 3.96268e-06
0.479698 6.54836e-07 6.17587e-07 -4.33153e-06 3.42407e-06 -3.6767e-06 4.04166e-06
0.479937 6.82448e-07 6.51321e-07 -4.56439e-06 3.46671e-06 -3.88194e-06 4.11803e-06
0.480175 7.11041e-07 6.86829e-07 -4.8102e-06 3.50442e-06 -4.09916e-06 4.19125e-06
0.480413 7.40623e-07 7.24186e-07 -5.06967e-06 3.53651e-06 -4.32905e-06 4.26069e-06
0.480652 7.712e-07 7.63468e-07 -5.34354e-06 3.56224e-06 -4.57234e-06 4.3257e-06
0.48089 8.0277e-07 8.0475e-07 -5.63259e-06 3.58081e-06 -4.82982e-06 4.38556e-06
0.481129 8.35332e-07 8.48107e-07 -5.9376e-06 3.59135e-06 -5.10227e-06 4.43946e-06
0.481367 8.68874e-07 8.93611e-07 -6.25943e-06 3.59292e-06 -5.39056e-06 4.48654e-06
0.481606 9.03382e-07 9.41334e-07 -6.59895e-06 3.58452e-06 -5.69556e-06 4.52586e-06
0.481844 9.38832e-07 9.91342e-07 -6.95705e-06 3.56506e-06 -6.01822e-06 4.55641e-06
0.482082 9.75195e-07 1.0437e-06 -7.33469e-06 3.53338e-06 -6.3595e-06 4.57708e-06
0.482321 1.01243e-06 1.09846e-06 -7.73284e-06 3.48822e-06 -6.72041e-06 4.58668e-06
0.482559 1.05049e-06 1.15568e-06 -8.15251e-06 3.42826e-06 -7.10202e-06 4.58394e-06
0.482798 1.08932e-06 1.21539e-06 -8.59473e-06 3.35207e-06 -7.50542e-06 4.56746e-06
0.483036 1.12884e-06 1.27763e-06 -9.06058e-06 3.25816e-06 -7.93174e-06 4.53579e-06
0.483274 1.16897e-06 1.34242e-06 -9.55114e-06 3.14491e-06 -8.38217e-06 4.48732e-06
0.483513 1.20962e-06 1.40975e-06 -1.00675e-05 3.01063e-06 -8.85793e-06 4.42037e-06
0.483751 1.25066e-06 1.47961e-06 -1.06109e-05 2.85353e-06 -9.36026e-06 4.33315e-06
0.48399 1.29198e-06 1.55198e-06 -1.11824e-05 2.67174e-06 -9.89045e-06 4.22372e-06
0.484228 1.33342e-06 1.62678e-06 -1.17832e-05 2.46329e-06 -1.04498e-05 4.09007e-06
0.484467 1.37483e-06 1.70394e-06 -1.24145e-05 2.22611e-06 -1.10397e-05 3.93004e-06
0.484705 1.416e-06 1.78333e-06 -1.30775e-05 1.95806e-06 -1.16615e-05 3.74139e-06
0.484943 1.45674e-06 1.86481e-06 -1.37732e-05 1.65692e-06 -1.23165e-05 3.52173e-06
0.485182 1.49682e-06 1.94818e-06 -1.45029e-05 1.32039e-06 -1.30061e-05 3.26858e-06
0.48542 1.53598e-06 2.03322e-06 -1.52676e-05 9.46122e-07 -1.37316e-05 2.97934e-06
0.485659 1.57394e-06 2.11962e-06 -1.60685e-05 5.31698e-07 -1.44945e-05 2.65132e-06
0.485897 1.6104e-06 2.20706e-06 -1.69065e-05 7.46733e-08 -1.52961e-05 2.28173e-06
0.486135 1.64502e-06 2.29513e-06 -1.77826e-05 -4.27422e-07 -1.61376e-05 1.86771e-06
0.486374 1.67746e-06 2.38336e-06 -1.86976e-05 -9.77062e-07 -1.70202e-05 1.4063e-06
0.486612 1.70732e-06 2.47121e-06 -1.96523e-05 -1.5767e-06 -1.7945e-05 8.94503e-07
0.486851 1.73419e-06 2.55804e-06 -2.06473e-05 -2.22876e-06 -1.89132e-05 3.29283e-07
0.487089 1.75764e-06 2.64316e-06 -2.16831e-05 -2.93558e-06 -1.99255e-05 -2.9242e-07
0.487328 1.7772e-06 2.72575e-06 -2.276e-05 -3.69941e-06 -2.09828e-05 -9.7366e-07
0.487566 1.79239e-06 2.80489e-06 -2.38781e-05 -4.52235e-06 -2.20857e-05 -1.71746e-06
0.487804 1.80271e-06 2.87958e-06 -2.50372e-05 -5.40636e-06 -2.32344e-05 -2.52678e-06
0.488043 1.80762e-06 2.94867e-06 -2.62369e-05 -6.35316e-06 -2.44293e-05 -3.40449e-06
0.488281 1.8066e-06 3.0109e-06 -2.74765e-05 -7.36423e-06 -2.567e-05 -4.35333e-06
0.48852 1.79909e-06 3.0649e-06 -2.87551e-05 -8.44075e-06 -2.69561e-05 -5.37585e-06
0.488758 1.78455e-06 3.10915e-06 -3.00713e-05 -9.58355e-06 -2.82867e-05 -6.4744e-06
0.488997 1.76243e-06 3.14198e-06 -3.14232e-05 -1.07931e-05 -2.96608e-05 -7.65109e-06
0.489235 1.7322e-06 3.16163e-06 -3.28086e-05 -1.20693e-05 -3.10764e-05 -8.90768e-06
0.489473 1.69335e-06 3.16616e-06 -3.42249e-05 -1.34118e-05 -3.25315e-05 -1.02456e-05
0.489712 1.64539e-06 3.15351e-06 -3.56687e-05 -1.48194e-05 -3.40233e-05 -1.16659e-05
0.48995 1.5879e-06 3.12149e-06 -3.71363e-05 -1.62906e-05 -3.55484e-05 -1.31691e-05
0.490189 1.52047e-06 3.0678e-06 -3.86234e-05 -1.78231e-05 -3.71029e-05 -1.47553e-05
0.490427 1.44281e-06 2.99001e-06 -4.01248e-05 -1.94139e-05 -3.8682e-05 -1.64239e-05
0.490665 1.35467e-06 2.88561e-06 -4.1635e-05 -2.10595e-05 -4.02803e-05 -1.81739e-05
0.490904 1.25592e-06 2.752e-06 -4.31475e-05 -2.27555e-05 -4.18915e-05 -2.00035e-05
0.491142 1.14654e-06 2.58655e-06 -4.46552e-05 -2.44969e-05 -4.35086e-05 -2.19104e-05
0.491381 1.02664e-06 2.38658e-06 -4.61502e-05 -2.62778e-05 -4.51236e-05 -2.38912e-05
0.491619 8.96466e-07 2.14944e-06 -4.76241e-05 -2.80918e-05 -4.67276e-05 -2.59423e-05
0.491858 7.56433e-07 1.87253e-06 -4.90674e-05 -2.99316e-05 -4.8311e-05 -2.80591e-05
0.492096 6.07126e-07 1.55333e-06 -5.04701e-05 -3.17895e-05 -4.9863e-05 -3.02362e-05
0.492334 4.49318e-07 1.18948e-06 -5.18213e-05 -3.36571e-05 -5.1372e-05 -3.24676e-05
0.492573 2.83977e-07 7.78811e-07 -5.31096e-05 -3.55255e-05 -5.28257e-05 -3.47467e-05
0.492811 1.12278e-07 3.19414e-07 -5.43229e-05 -3.73855e-05 -5.42106e-05 -3.70661e-05
0.49305 -6.43961e-08 -1.90298e-07 -5.54483e-05 -3.92277e-05 -5.55127e-05 -3.9418e-05
0.493288 -2.44454e-07 -7.51522e-07 -5.64728e-05 -4.10424e-05 -5.67173e-05 -4.17939e-05
0.493526 -4.26098e-07 -1.365e-06 -5.73827e-05 -4.28202e-05 -5.78088e-05 -4.41852e-05
0.493765 -6.07337e-07 -2.03096e-06 -5.81641e-05 -4.45517e-05 -5.87714e-05 -4.65826e-05
0.494003 -7.85995e-07 -2.74903e-06 -5.8803e-05 -4.62281e-05 -5.95889e-05 -4.89771e-05
0.494242 -9.59741e-07 -3.51818e-06 -5.92853e-05 -4.78411e-05 -6.0245e-05 -5.13593e-05
0.49448 -1.12611e-06 -4.33669e-06 -5.95971e-05 -4.93833e-05 -6.07232e-05 -5.372e-05
0.494719 -1.28254e-06 -5.20204e-06 -5.9725e-05 -5.08482e-05 -6.10075e-05 -5.60502e-05
0.494957 -1.42641e-06 -6.11094e-06 -5.9656e-05 -5.22304e-05 -6.10824e-05 -5.83414e-05
0.495195 -1.55508e-06 -7.05926e-06 -5.93778e-05 -5.3526e-05 -6.09329e-05 -6.05853e-05
0.495434 -1.66595e-06 -8.042e-06 -5.88792e-05 -5.47325e-05 -6.05452e-05 -6.27745e-05
0.495672 -1.75654e-06 -9.05334e-06 -5.81502e-05 -5.58487e-05 -5.99068e-05 -6.49021e-05
0.495911 -1.82448e-06 -1.00866e-05 -5.71822e-05 -5.68755e-05 -5.90067e-05 -6.69621e-05
0.496149 -1.86763e-06 -1.11344e-05 -5.59681e-05 -5.78149e-05 -5.78357e-05 -6.89493e-05
0.496387 -1.88414e-06 -1.21885e-05 -5.45029e-05 -5.86711e-05 -5.6387e-05 -7.08595e-05
0.496626 -1.87246e-06 -1.32401e-05 -5.27834e-05 -5.94493e-05 -5.46558e-05 -7.26893e-05
0.496864 -1.83145e-06 -1.42798e-05 -5.08087e-05 -6.01565e-05 -5.26402e-05 -7.44362e-05
0.497103 -1.7604e-06 -1.52978e-05 -4.85804e-05 -6.08007e-05 -5.03408e-05 -7.60985e-05
0.497341 -1.65907e-06 -1.62841e-05 -4.61023e-05 -6.1391e-05 -4.77613e-05 -7.76752e-05
0.49758 -1.52775e-06 -1.72285e-05 -4.33809e-05 -6.19374e-05 -4.49087e-05 -7.91659e-05
0.497818 -1.36724e-06 -1.81209e-05 -4.04254e-05 -6.245e-05 -4.17927e-05 -8.05709e-05
0.498056 -1.1789e-06 -1.89512e-05 -3.72475e-05 -6.29393e-05 -3.84264e-05 -8.18904e-05
0.498295 -9.64633e-07 -1.97099e-05 -3.38613e-05 -6.34153e-05 -3.48259e-05 -8.31253e-05
0.498533 -7.26862e-07 -2.03882e-05 -3.02835e-05 -6.38877e-05 -3.10103e-05 -8.42759e-05
0.498772 -4.68501e-07 -2.09777e-05 -2.65331e-05 -6.43649e-05 -2.70016e-05 -8.53426e-05
0.49901 -1.92912e-07 -2.14714e-05 -2.26311e-05 -6.48542e-05 -2.2824e-05 -8.63256e-05
0.499249 9.6153e-08 -2.18629e-05 -1.86005e-05 -6.53613e-05 -1.85044e-05 -8.72242e-05
0.499487 3.94621e-07 -2.21473e-05 -1.4466e-05 -6.589e-05 -1.40713e-05 -8.80374e-05
0.499725 6.9818e-07 -2.23211e-05 -1.02532e-05 -6.64422e-05 -9.555e-06 -8.87632e-05
0.499964 1.00236e-06 -2.23818e-05 -5.98904e-06 -6.70173e-05 -4.98668e-06 -8.93992e-05
0.500202 1.30264e-06 -2.23288e-05 -1.70097e-06 -6.76129e-05 -3.98329e-07 -8.99417e-05
0.500441 1.59451e-06 -2.21628e-05 2.58339e-06 -6.8224e-05 4.1779e-06 -9.03868e-05
0.500679 1.87361e-06 -2.18858e-05 6.83648e-06 -6.88437e-05 8.71009e-06 -9.07295e-05
0.500917 2.13578e-06 -2.15013e-05 1.10313e-05 -6.9463e-05 1.31671e-05 -9.09644e-05
0.501156 2.37718e-06 -2.10144e-05 1.51416e-05 -7.00712e-05 1.75188e-05 -9.10855e-05
0.501394 2.59433e-06 -2.04309e-05 1.91425e-05 -7.06559e-05 2.17368e-05 -9.10869e-05
0.501633 2.78419e-06 -1.97583e-05 2.30104e-05 -7.12038e-05 2.57946e-05 -9.09621e-05
0.501871 2.94425e-06 -1.90045e-05 2.67237e-05 -7.17006e-05 2.9668e-05 -9.07052e-05
0.50211 3.0725e-06 -1.81786e-05 3.02626e-05 -7.21318e-05 3.33351e-05 -9.03104e-05
0.502348 3.16752e-06 -1.72901e-05 3.36097e-05 -7.24825e-05 3.67772e-05 -8.97726e-05
0.502586 3.22846e-06 -1.63489e-05 3.67498e-05 -7.27386e-05 3.99783e-05 -8.90875e-05
0.502825 3.25503e-06 -1.53652e-05 3.96703e-05 -7.28865e-05 4.29253e-05 -8.82517e-05
0.503063 3.2475e-06 -1.43493e-05 4.23609e-05 -7.29138e-05 4.56084e-05 -8.7263e-05
0.503302 3.20668e-06 -1.33113e-05 4.48141e-05 -7.28094e-05 4.80208e-05 -8.61207e-05
0.50354 3.13386e-06 -1.22612e-05 4.70248e-05 -7.2564e-05 5.01587e-05 -8.48252e-05
0.503778 3.03076e-06 -1.12083e-05 4.89902e-05 -7.21703e-05 5.20209e-05 -8.33786e-05
0.504017 2.89949e-06 -1.01617e-05 5.07099e-05 -7.16228e-05 5.36094e-05 -8.17844e-05
0.504255 2.74248e-06 -9.12948e-06 5.21858e-05 -7.09182e-05 5.49283e-05 -8.00477e-05
0.504494 2.56241e-06 -8.11935e-06 5.34217e-05 -7.00555e-05 5.59841e-05 -7.81749e-05
0.504732 2.36217e-06 -7.13801e-06 5.44233e-05 -6.90359e-05 5.67855e-05 -7.61739e-05
0.504971 2.14476e-06 -6.19139e-06 5.51979e-05 -6.78624e-05 5.73426e-05 -7.40538e-05
0.505209 1.91324e-06 -5.28456e-06 5.57542e-05 -6.65403e-05 5.76674e-05 -7.18249e-05
0.505447 1.67068e-06 -4.42174e-06 5.61023e-05 -6.50766e-05 5.77729e-05 -6.94983e-05
0.505686 1.42011e-06 -3.60627e-06 5.62531e-05 -6.34798e-05 5.76732e-05 -6.70861e-05
0.505924 1.16445e-06 -2.8407e-06 5.62185e-05 -6.176e-05 5.73829e-05 -6.46007e-05
0.506163 9.06491e-07 -2.1268e-06 5.60109e-05 -5.99283e-05 5.69174e-05 -6.20551e-05
0.506401 6.4885e-07 -1.46562e-06 5.56431e-05 -5.79968e-05 5.6292e-05 -5.94624e-05
0.506639 3.93941e-07 -8.5751e-07 5.51283e-05 -5.59783e-05 5.55222e-05 -5.68358e-05
0.506878 1.4396e-07 -3.02252e-07 5.44795e-05 -5.38862e-05 5.46235e-05 -5.41884e-05
0.507116 -9.91347e-08 2.00926e-07 5.37099e-05 -5.17337e-05 5.36107e-05 -5.15328e-05
0.507355 -3.33625e-07 6.53256e-07 5.28323e-05 -4.95345e-05 5.24987e-05 -4.88813e-05
0.507593 -5.58041e-07 1.05637e-06 5.18593e-05 -4.73018e-05 5.13013e-05 -4.62455e-05
0.507832 -7.71153e-07 1.41223e-06 5.08031e-05 -4.50486e-05 5.0032e-05 -4.36363e-05
0.50807 -9.71971e-07 1.72306e-06 4.96754e-05 -4.27871e-05 4.87034e-05 -4.1064e-05
0.508308 -1.15973e-06 1.9913e-06 4.84871e-05 -4.05292e-05 4.73274e-05 -3.85379e-05
0.508547 -1.33388e-06 2.21951e-06 4.72489e-05 -3.8286e-05 4.5915e-05 -3.60664e-05
0.508785 -1.49406e-06 2.41038e-06 4.59705e-05 -3.60674e-05 4.44765e-05 -3.36571e-05
0.509024 -1.6401e-06 2.56663e-06 4.46612e-05 -3.3883e-05 4.30211e-05 -3.13164e-05
0.509262 -1.77199e-06 2.691e-06 4.33293e-05 -3.1741e-05 4.15573e-05 -2.905e-05
0.509501 -1.88987e-06 2.78619e-06 4.19828e-05 -2.96488e-05 4.0093e-05 -2.68626e-05
0.509739 -1.99399e-06 2.85486e-06 4.06288e-05 -2.7613e-05 3.86348e-05 -2.47582e-05
0.509977 -2.08473e-06 2.8996e-06 3.92737e-05 -2.56391e-05 3.71889e-05 -2.27395e-05
0.510216 -2.16254e-06 2.92286e-06 3.79232e-05 -2.37317e-05 3.57607e-05 -2.08088e-05
0.510454 -2.22796e-06 2.92703e-06 3.65827e-05 -2.18946e-05 3.43548e-05 -1.89676e-05
0.510693 -2.28159e-06 2.91433e-06 3.52567e-05 -2.01308e-05 3.29751e-05 -1.72165e-05
0.510931 -2.32407e-06 2.88687e-06 3.39492e-05 -1.84425e-05 3.16251e-05 -1.55556e-05
0.511169 -2.35605e-06 2.84659e-06 3.26637e-05 -1.6831e-05 3.03077e-05 -1.39844e-05
0.511408 -2.37824e-06 2.79534e-06 3.14032e-05 -1.52974e-05 2.9025e-05 -1.2502e-05
0.511646 -2.39134e-06 2.73477e-06 3.01703e-05 -1.38417e-05 2.77789e-05 -1.11069e-05
0.511885 -2.39605e-06 2.66643e-06 2.8967e-05 -1.24636e-05 2.65709e-05 -9.79721e-06
0.512123 -2.39305e-06 2.59172e-06 2.7795e-05 -1.11625e-05 2.5402e-05 -8.57079e-06
0.512362 -2.38304e-06 2.5119e-06 2.66558e-05 -9.93707e-06 2.42728e-05 -7.42517e-06
0.5126 -2.36668e-06 2.42812e-06 2.55504e-05 -8.78578e-06 2.31837e-05 -6.35766e-06
0.512838 -2.3446e-06 2.34139e-06 2.44794e-05 -7.70679e-06 2.21348e-05 -5.36539e-06
0.513077 -2.31742e-06 2.25264e-06 2.34435e-05 -6.69798e-06 2.11261e-05 -4.44534e-06
0.513315 -2.28572e-06 2.16265e-06 2.24428e-05 -5.75705e-06 2.01571e-05 -3.5944e-06
0.513554 -2.25005e-06 2.07215e-06 2.14773e-05 -4.88153e-06 1.92273e-05 -2.80938e-06
0.513792 -2.21094e-06 1.98173e-06 2.05471e-05 -4.0688e-06 1.83361e-05 -2.08707e-06
0.51403 -2.16886e-06 1.89194e-06 1.96516e-05 -3.31619e-06 1.74828e-05 -1.42425e-06
0.514269 -2.12428e-06 1.80323e-06 1.87906e-05 -2.62095e-06 1.66663e-05 -8.1772e-07
0.514507 -2.0776e-06 1.71598e-06 1.79634e-05 -1.98029e-06 1.58858e-05 -2.64311e-07
0.514746 -2.02922e-06 1.63053e-06 1.71695e-05 -1.39145e-06 1.51403e-05 2.39077e-07
0.514984 -1.97949e-06 1.54713e-06 1.64081e-05 -8.51652e-07 1.44286e-05 6.95474e-07
0.515223 -1.92873e-06 1.466e-06 1.56783e-05 -3.58173e-07 1.37496e-05 1.10783e-06
0.515461 -1.87725e-06 1.38732e-06 1.49794e-05 9.16658e-08 1.31022e-05 1.47898e-06
0.515699 -1.8253e-06 1.31121e-06 1.43105e-05 5.00478e-07 1.24852e-05 1.81169e-06
0.515938 -1.77313e-06 1.23778e-06 1.36706e-05 8.70805e-07 1.18975e-05 2.10859e-06
0.516176 -1.72095e-06 1.16709e-06 1.30588e-05 1.2051e-06 1.13378e-05 2.37219e-06
0.516415 -1.66896e-06 1.09917e-06 1.24741e-05 1.50574e-06 1.08052e-05 2.60491e-06
0.516653 -1.61732e-06 1.03405e-06 1.19156e-05 1.77499e-06 1.02983e-05 2.80904e-06
0.516891 -1.56618e-06 9.71717e-07 1.13823e-05 2.01503e-06 9.8161e-06 2.98675e-06
0.51713 -1.51567e-06 9.12149e-07 1.08732e-05 2.22794e-06 9.35753e-06 3.14009e-06
0.517368 -1.46591e-06 8.55312e-07 1.03874e-05 2.41569e-06 8.92149e-06 3.271e-06
0.517607 -1.41699e-06 8.01156e-07 9.92394e-06 2.58015e-06 8.50696e-06 3.38131e-06
0.517845 -1.36899e-06 7.49624e-07 9.48191e-06 2.72311e-06 8.11292e-06 3.47273e-06
0.518084 -1.32199e-06 7.0065e-07 9.0604e-06 2.84623e-06 7.73841e-06 3.54688e-06
0.518322 -1.27603e-06 6.5416e-07 8.65853e-06 2.9511e-06 7.38249e-06 3.60526e-06
0.51856 -1.23118e-06 6.10077e-07 8.27544e-06 3.0392e-06 7.04427e-06 3.64927e-06
0.518799 -1.18745e-06 5.68319e-07 7.91031e-06 3.11192e-06 6.72286e-06 3.68024e-06
0.519037 -1.14488e-06 5.28803e-07 7.56232e-06 3.17058e-06 6.41744e-06 3.69938e-06
0.519276 -1.10349e-06 4.91443e-07 7.23069e-06 3.21638e-06 6.1272e-06 3.70783e-06
0.519514 -1.06329e-06 4.56151e-07 6.91468e-06 3.25049e-06 5.8514e-06 3.70664e-06
0.519753 -1.02428e-06 4.22842e-07 6.61356e-06 3.27395e-06 5.58928e-06 3.69679e-06
0.519991 -9.86464e-07 3.9143e-07 6.32663e-06 3.28776e-06 5.34017e-06 3.67919e-06
0.520229 -9.49841e-07 3.61828e-07 6.05322e-06 3.29283e-06 5.10338e-06 3.65466e-06
0.520468 -9.14398e-07 3.33953e-07 5.79269e-06 3.29002e-06 4.8783e-06 3.62398e-06
0.520706 -8.80124e-07 3.07724e-07 5.54443e-06 3.28012e-06 4.6643e-06 3.58785e-06
0.520945 -8.47003e-07 2.8306e-07 5.30783e-06 3.26387e-06 4.46083e-06 3.54693e-06
0.521183 -8.15016e-07 2.59882e-07 5.08235e-06 3.24193e-06 4.26733e-06 3.50181e-06
0.521421 -7.84141e-07 2.38116e-07 4.86743e-06 3.21493e-06 4.08329e-06 3.45305e-06
0.52166 -7.54358e-07 2.1769e-07 4.66257e-06 3.18345e-06 3.90821e-06 3.40114e-06
0.521898 -7.2564e-07 1.98531e-07 4.46727e-06 3.14801e-06 3.74163e-06 3.34654e-06
0.522137 -6.97964e-07 1.80573e-07 4.28106e-06 3.1091e-06 3.5831e-06 3.28968e-06
0.522375 -6.71301e-07 1.63751e-07 4.1035e-06 3.06717e-06 3.4322e-06 3.23092e-06
0.522614 -6.45626e-07 1.48003e-07 3.93415e-06 3.02262e-06 3.28853e-06 3.17063e-06
0.522852 -6.2091e-07 1.33269e-07 3.77262e-06 2.97583e-06 3.15171e-06 3.1091e-06
0.52309 -5.97125e-07 1.19493e-07 3.61852e-06 2.92714e-06 3.0214e-06 3.04663e-06
0.523329 -5.74243e-07 1.06619e-07 3.47148e-06 2.87685e-06 2.89724e-06 2.98347e-06
0.523567 -5.52235e-07 9.45966e-08 3.33116e-06 2.82526e-06 2.77892e-06 2.91985e-06
0.523806 -5.31074e-07 8.33767e-08 3.19721e-06 2.77262e-06 2.66614e-06 2.85599e-06
0.524044 -5.10731e-07 7.29123e-08 3.06933e-06 2.71916e-06 2.5586e-06 2.79207e-06
0.524282 -4.91178e-07 6.31592e-08 2.94721e-06 2.66509e-06 2.45604e-06 2.72825e-06
0.524521 -4.72389e-07 5.40753e-08 2.83058e-06 2.61062e-06 2.35819e-06 2.66469e-06
0.524759 -4.54336e-07 4.56207e-08 2.71916e-06 2.5559e-06 2.26482e-06 2.60152e-06
0.524998 -4.36993e-07 3.77576e-08 2.61269e-06 2.50109e-06 2.17569e-06 2.53885e-06
0.525236 -4.20335e-07 3.04505e-08 2.51093e-06 2.44634e-06 2.09059e-06 2.47679e-06
0.525475 -4.04335e-07 2.36654e-08 2.41365e-06 2.39176e-06 2.00931e-06 2.41543e-06
0.525713 -3.8897e-07 1.73705e-08 2.32063e-06 2.33748e-06 1.93166e-06 2.35485e-06
0.525951 -3.74215e-07 1.15357e-08 2.23166e-06 2.28357e-06 1.85745e-06 2.29511e-06
0.52619 -3.60047e-07 6.13241e-09 2.14655e-06 2.23015e-06 1.7865e-06 2.23628e-06
0.526428 -3.46444e-07 1.13388e-09 2.0651e-06 2.17727e-06 1.71866e-06 2.1784e-06
0.526667 -3.33384e-07 -3.48522e-09 1.98715e-06 2.12501e-06 1.65376e-06 2.12152e-06
0.526905 -3.20844e-07 -7.74873e-09 1.91251e-06 2.07343e-06 1.59167e-06 2.06568e-06
0.527143 -3.08806e-07 -1.16791e-08 1.84103e-06 2.02257e-06 1.53223e-06 2.01089e-06
0.527382 -2.97249e-07 -1.52976e-08 1.77257e-06 1.97249e-06 1.47532e-06 1.95719e-06
0.52762 -2.86153e-07 -1.8624e-08 1.70696e-06 1.92321e-06 1.42081e-06 1.90459e-06
0.527859 -2.755e-07 -2.16771e-08 1.64408e-06 1.87477e-06 1.36858e-06 1.8531e-06
0.528097 -2.65273e-07 -2.44746e-08 1.58381e-06 1.8272e-06 1.31853e-06 1.80273e-06
0.528336 -2.55454e-07 -2.70329e-08 1.526e-06 1.78051e-06 1.27055e-06 1.75348e-06
0.528574 -2.46027e-07 -2.93678e-08 1.47055e-06 1.73473e-06 1.22453e-06 1.70536e-06
0.528812 -2.36975e-07 -3.14939e-08 1.41736e-06 1.68986e-06 1.18038e-06 1.65836e-06
0.529051 -2.28284e-07 -3.34248e-08 1.3663e-06 1.64591e-06 1.13801e-06 1.61248e-06
0.529289 -2.19938e-07 -3.51736e-08 1.31728e-06 1.60289e-06 1.09734e-06 1.56772e-06
0.529528 -2.11924e-07 -3.67524e-08 1.27021e-06 1.5608e-06 1.05829e-06 1.52405e-06
0.529766 -2.04227e-07 -3.81726e-08 1.225e-06 1.51964e-06 1.02077e-06 1.48147e-06
0.530005 -1.96835e-07 -3.94449e-08 1.18156e-06 1.47941e-06 9.84723e-07 1.43997e-06
0.530243 -1.89734e-07 -4.05792e-08 1.13981e-06 1.44011e-06 9.50073e-07 1.39953e-06
0.530481 -1.82914e-07 -4.15852e-08 1.09967e-06 1.40172e-06 9.16755e-07 1.36014e-06
0.53072 -1.76363e-07 -4.24714e-08 1.06107e-06 1.36425e-06 8.84709e-07 1.32177e-06
0.530958 -1.70068e-07 -4.32464e-08 1.02394e-06 1.32767e-06 8.53876e-07 1.28442e-06
0.531197 -1.64021e-07 -4.39178e-08 9.88222e-07 1.29198e-06 8.24201e-07 1.24807e-06
0.531435 -1.58209e-07 -4.44929e-08 9.5384e-07 1.25718e-06 7.95631e-07 1.21268e-06
0.531673 -1.52625e-07 -4.49785e-08 9.20741e-07 1.22324e-06 7.68116e-07 1.17826e-06
0.531912 -1.47257e-07 -4.53811e-08 8.88866e-07 1.19015e-06 7.41609e-07 1.14477e-06
0.53215 -1.42099e-07 -4.57066e-08 8.58163e-07 1.1579e-06 7.16064e-07 1.11219e-06
0.532389 -1.37139e-07 -4.59606e-08 8.28579e-07 1.12648e-06 6.9144e-07 1.08051e-06
0.532627 -1.32372e-07 -4.61484e-08 8.00066e-07 1.09586e-06 6.67695e-07 1.04971e-06
0.532866 -1.27788e-07 -4.6275e-08 7.72578e-07 1.06604e-06 6.44791e-07 1.01976e-06
0.533104 -1.23379e-07 -4.63448e-08 7.46071e-07 1.03699e-06 6.22691e-07 9.90648e-07
0.533342 -1.1914e-07 -4.63623e-08 7.20501e-07 1.00871e-06 6.01361e-07 9.62348e-07
0.533581 -1.15063e-07 -4.63315e-08 6.95831e-07 9.81174e-07 5.80768e-07 9.34842e-07
0.533819 -1.1114e-07 -4.62561e-08 6.7202e-07 9.54366e-07 5.6088e-07 9.0811e-07
0.534058 -1.07367e-07 -4.61397e-08 6.49034e-07 9.28272e-07 5.41667e-07 8.82133e-07
0.534296 -1.03736e-07 -4.59855e-08 6.26837e-07 9.02875e-07 5.23101e-07 8.56889e-07
0.534534 -1.00242e-07 -4.57967e-08 6.05396e-07 8.78158e-07 5.05154e-07 8.32361e-07
0.534773 -9.68796e-08 -4.55762e-08 5.84681e-07 8.54106e-07 4.87802e-07 8.0853e-07
0.535011 -9.3643e-08 -4.53266e-08 5.64662e-07 8.30702e-07 4.71019e-07 7.85375e-07
0.53525 -9.05273e-08 -4.50505e-08 5.4531e-07 8.0793e-07 4.54782e-07 7.6288e-07
0.535488 -8.75276e-08 -4.47502e-08 5.26597e-07 7.85775e-07 4.39069e-07 7.41025e-07
0.535727 -8.46392e-08 -4.44278e-08 5.08498e-07 7.64222e-07 4.23859e-07 7.19794e-07
0.535965 -8.18575e-08 -4.40856e-08 4.90989e-07 7.43253e-07 4.09132e-07 6.99168e-07
0.536203 -7.91783e-08 -4.37253e-08 4.74046e-07 7.22856e-07 3.94867e-07 6.79131e-07
0.536442 -7.65975e-08 -4.33487e-08 4.57646e-07 7.03014e-07 3.81048e-07 6.59666e-07
0.53668 -7.41111e-08 -4.29575e-08 4.41768e-07 6.83713e-07 3.67656e-07 6.40756e-07
0.536919 -7.17154e-08 -4.25533e-08 4.26391e-07 6.64939e-07 3.54676e-07 6.22386e-07
0.537157 -6.94067e-08 -4.21375e-08 4.11496e-07 6.46678e-07 3.4209e-07 6.0454e-07
0.537395 -6.71816e-08 -4.17115e-08 3.97065e-07 6.28915e-07 3.29883e-07 5.87204e-07
0.537634 -6.50367e-08 -4.12764e-08 3.83079e-07 6.11638e-07 3.18042e-07 5.70361e-07
0.537872 -6.2969e-08 -4.08335e-08 3.69522e-07 5.94832e-07 3.06553e-07 5.53999e-07
0.538111 -6.09753e-08 -4.03838e-08 3.56377e-07 5.78486e-07 2.95401e-07 5.38102e-07
0.538349 -5.90527e-08 -3.99284e-08 3.43628e-07 5.62586e-07 2.84576e-07 5.22657e-07
0.538588 -5.71985e-08 -3.94681e-08 3.31262e-07 5.47119e-07 2.74063e-07 5.07651e-07
0.538826 -5.54099e-08 -3.90039e-08 3.19263e-07 5.32075e-07 2.63853e-07 4.93071e-07
0.539064 -5.36845e-08 -3.85365e-08 3.07618e-07 5.1744e-07 2.53933e-07 4.78904e-07
0.539303 -5.20197e-08 -3.80667e-08 2.96314e-07 5.03204e-07 2.44294e-07 4.65138e-07
0.539541 -5.04133e-08 -3.75952e-08 2.85339e-07 4.89356e-07 2.34926e-07 4.5176e-07
0.53978 -4.88629e-08 -3.71225e-08 2.74681e-07 4.75883e-07 2.25818e-07 4.38761e-07
0.540018 -4.73664e-08 -3.66494e-08 2.64328e-07 4.62776e-07 2.16961e-07 4.26127e-07
0.540257 -4.59217e-08 -3.61763e-08 2.54269e-07 4.50025e-07 2.08347e-07 4.13849e-07
0.540495 -4.45269e-08 -3.57038e-08 2.44494e-07 4.37619e-07 1.99967e-07 4.01915e-07
0.540733 -4.31801e-08 -3.52322e-08 2.34994e-07 4.25548e-07 1.91814e-07 3.90316e-07
0.540972 -4.18793e-08 -3.47621e-08 2.25758e-07 4.13803e-07 1.83878e-07 3.7904e-07
0.54121 -4.06229e-08 -3.42938e-08 2.16777e-07 4.02374e-07 1.76154e-07 3.6808e-07
0.541449 -3.94092e-08 -3.38277e-08 2.08042e-07 3.91252e-07 1.68633e-07 3.57425e-07
0.541687 -3.82367e-08 -3.33641e-08 1.99546e-07 3.80429e-07 1.61309e-07 3.47065e-07
0.541925 -3.71036e-08 -3.29033e-08 1.91279e-07 3.69897e-07 1.54176e-07 3.36993e-07
0.542164 -3.60086e-08 -3.24456e-08 1.83235e-07 3.59645e-07 1.47226e-07 3.272e-07
0.542402 -3.49503e-08 -3.19912e-08 1.75405e-07 3.49668e-07 1.40455e-07 3.17676e-07
0.542641 -3.39272e-08 -3.15404e-08 1.67783e-07 3.39956e-07 1.33856e-07 3.08415e-07
0.542879 -3.29382e-08 -3.10933e-08 1.60362e-07 3.30502e-07 1.27424e-07 2.99408e-07
0.543118 -3.19818e-08 -3.06501e-08 1.53135e-07 3.21298e-07 1.21153e-07 2.90648e-07
0.543356 -3.1057e-08 -3.02111e-08 1.46095e-07 3.12338e-07 1.15038e-07 2.82127e-07
0.543594 -3.01625e-08 -2.97763e-08 1.39238e-07 3.03615e-07 1.09075e-07 2.73839e-07
0.543833 -2.92973e-08 -2.93459e-08 1.32556e-07 2.95121e-07 1.03259e-07 2.65775e-07
0.544071 -2.84603e-08 -2.892e-08 1.26045e-07 2.8685e-07 9.75844e-08 2.5793e-07
0.54431 -2.76504e-08 -2.84987e-08 1.19698e-07 2.78796e-07 9.20479e-08 2.50297e-07
0.544548 -2.68667e-08 -2.80821e-08 1.13512e-07 2.70952e-07 8.66449e-08 2.4287e-07
0.544786 -2.61083e-08 -2.76703e-08 1.0748e-07 2.63313e-07 8.13716e-08 2.35642e-07
0.545025 -2.53742e-08 -2.72633e-08 1.01598e-07 2.55872e-07 7.62239e-08 2.28608e-07
0.545263 -2.46635e-08 -2.68612e-08 9.58617e-08 2.48624e-07 7.11982e-08 2.21762e-07
0.545502 -2.39755e-08 -2.64641e-08 9.02664e-08 2.41563e-07 6.62909e-08 2.15099e-07
0.54574 -2.33093e-08 -2.60719e-08 8.48078e-08 2.34684e-07 6.14985e-08 2.08612e-07
0.545979 -2.26641e-08 -2.56848e-08 7.94819e-08 2.27982e-07 5.68178e-08 2.02297e-07
0.546217 -2.20393e-08 -2.53026e-08 7.42847e-08 2.21452e-07 5.22454e-08 1.96149e-07
0.546455 -2.1434e-08 -2.49255e-08 6.92125e-08 2.15088e-07 4.77784e-08 1.90163e-07
0.546694 -2.08477e-08 -2.45535e-08 6.42615e-08 2.08887e-07 4.34138e-08 1.84333e-07
0.546932 -2.02796e-08 -2.41865e-08 5.94283e-08 2.02843e-07 3.91487e-08 1.78657e-07
0.547171 -1.97291e-08 -2.38246e-08 5.47094e-08 1.96952e-07 3.49804e-08 1.73128e-07
0.547409 -1.91956e-08 -2.34677e-08 5.01017e-08 1.9121e-07 3.09061e-08 1.67742e-07
0.547647 -1.86785e-08 -2.31158e-08 4.56019e-08 1.85612e-07 2.69234e-08 1.62497e-07
0.547886 -1.81772e-08 -2.27689e-08 4.1207e-08 1.80155e-07 2.30298e-08 1.57386e-07
0.548124 -1.76913e-08 -2.2427e-08 3.69142e-08 1.74834e-07 1.92229e-08 1.52407e-07
0.548363 -1.72201e-08 -2.209e-08 3.27205e-08 1.69646e-07 1.55004e-08 1.47556e-07
0.548601 -1.67632e-08 -2.1758e-08 2.86232e-08 1.64587e-07 1.186e-08 1.42829e-07
0.54884 -1.63201e-08 -2.14309e-08 2.46198e-08 1.59653e-07 8.29975e-09 1.38222e-07
0.549078 -1.58903e-08 -2.11086e-08 2.07077e-08 1.54841e-07 4.81743e-09 1.33732e-07
0.549316 -1.54734e-08 -2.07911e-08 1.68845e-08 1.50147e-07 1.4111e-09 1.29356e-07
0.549555 -1.5069e-08 -2.04784e-08 1.31478e-08 1.45568e-07 -1.92118e-09 1.2509e-07
0.549793 -1.46765e-08 -2.01704e-08 9.49527e-09 1.41101e-07 -5.18125e-09 1.20931e-07
0.550032 -1.42957e-08 -1.98671e-08 5.92478e-09 1.36743e-07 -8.37092e-09 1.16876e-07
0.55027 -1.39261e-08 -1.95684e-08 2.4342e-09 1.32491e-07 -1.14919e-08 1.12922e-07
0.550508 -1.35674e-08 -1.92744e-08 -9.78525e-10 1.28341e-07 -1.45459e-08 1.09067e-07
0.550747 -1.32192e-08 -1.89848e-08 -4.31538e-09 1.24291e-07 -1.75346e-08 1.05307e-07
0.550985 -1.28812e-08 -1.86998e-08 -7.57827e-09 1.20339e-07 -2.04595e-08 1.01639e-07
0.551224 -1.2553e-08 -1.84192e-08 -1.07691e-08 1.16481e-07 -2.3322e-08 9.80623e-08
0.551462 -1.22343e-08 -1.8143e-08 -1.38895e-08 1.12716e-07 -2.61238e-08 9.45728e-08
0.551701 -1.19248e-08 -1.78711e-08 -1.69414e-08 1.0904e-07 -2.88662e-08 9.11685e-08
0.551939 -1.16242e-08 -1.76035e-08 -1.99264e-08 1.0545e-07 -3.15505e-08 8.78469e-08
0.552177 -1.13322e-08 -1.73401e-08 -2.2846e-08 1.01946e-07 -3.41782e-08 8.46057e-08
0.552416 -1.10485e-08 -1.70809e-08 -2.57019e-08 9.85236e-08 -3.67505e-08 8.14428e-08
0.552654 -1.0773e-08 -1.68257e-08 -2.84956e-08 9.51816e-08 -3.92686e-08 7.83558e-08
0.552893 -1.05052e-08 -1.65747e-08 -3.12286e-08 9.19175e-08 -4.17337e-08 7.53428e-08
0.553131 -1.0245e-08 -1.63276e-08 -3.39022e-08 8.87293e-08 -4.41471e-08 7.24016e-08
0.55337 -9.99207e-09 -1.60845e-08 -3.65178e-08 8.56149e-08 -4.65099e-08 6.95304e-08
0.553608 -9.74627e-09 -1.58453e-08 -3.90768e-08 8.25723e-08 -4.88231e-08 6.6727e-08
0.553846 -9.50734e-09 -1.56099e-08 -4.15804e-08 7.95997e-08 -5.10877e-08 6.39898e-08
0.554085 -9.27505e-09 -1.53783e-08 -4.40299e-08 7.66952e-08 -5.3305e-08 6.13169e-08
0.554323 -9.04921e-09 -1.51504e-08 -4.64266e-08 7.38569e-08 -5.54758e-08 5.87064e-08
0.554562 -8.82961e-09 -1.49262e-08 -4.87715e-08 7.1083e-08 -5.76011e-08 5.61568e-08
0.5548 -8.61606e-09 -1.47056e-08 -5.10658e-08 6.8372e-08 -5.96818e-08 5.36664e-08
0.555038 -8.40836e-09 -1.44885e-08 -5.33106e-08 6.5722e-08 -6.17189e-08 5.12335e-08
0.555277 -8.20635e-09 -1.4275e-08 -5.55069e-08 6.31316e-08 -6.37133e-08 4.88566e-08
0.555515 -8.00984e-09 -1.40649e-08 -5.76559e-08 6.05991e-08 -6.56657e-08 4.65342e-08
0.555754 -7.81867e-09 -1.38582e-08 -5.97585e-08 5.81231e-08 -6.75771e-08 4.42648e-08
0.555992 -7.63266e-09 -1.36548e-08 -6.18156e-08 5.57019e-08 -6.94483e-08 4.20471e-08
0.556231 -7.45168e-09 -1.34548e-08 -6.38283e-08 5.33343e-08 -7.128e-08 3.98795e-08
0.556469 -7.27555e-09 -1.3258e-08 -6.57974e-08 5.10188e-08 -7.30729e-08 3.77609e-08
0.556707 -7.10415e-09 -1.30643e-08 -6.77238e-08 4.87541e-08 -7.48279e-08 3.56898e-08
0.556946 -6.93731e-09 -1.28738e-08 -6.96084e-08 4.65389e-08 -7.65457e-08 3.36651e-08
0.557184 -6.77492e-09 -1.26864e-08 -7.14519e-08 4.43718e-08 -7.82269e-08 3.16854e-08
0.557423 -6.61682e-09 -1.2502e-08 -7.32554e-08 4.22517e-08 -7.98722e-08 2.97497e-08
0.557661 -6.4629e-09 -1.23206e-08 -7.50194e-08 4.01772e-08 -8.14823e-08 2.78567e-08
0.557899 -6.31304e-09 -1.21421e-08 -7.67448e-08 3.81474e-08 -8.30578e-08 2.60053e-08
0.558138 -6.1671e-09 -1.19665e-08 -7.84323e-08 3.6161e-08 -8.45994e-08 2.41944e-08
0.558376 -6.02498e-09 -1.17938e-08 -8.00827e-08 3.42169e-08 -8.61077e-08 2.24231e-08
0.558615 -5.88656e-09 -1.16239e-08 -8.16966e-08 3.2314e-08 -8.75832e-08 2.06902e-08
0.558853 -5.75174e-09 -1.14567e-08 -8.32748e-08 3.04514e-08 -8.90265e-08 1.89947e-08
0.559092 -5.6204e-09 -1.12922e-08 -8.48178e-08 2.86279e-08 -9.04382e-08 1.73357e-08
0.55933 -5.49245e-09 -1.11303e-08 -8.63263e-08 2.68426e-08 -9.18188e-08 1.57123e-08
0.559568 -5.3678e-09 -1.09711e-08 -8.78011e-08 2.50946e-08 -9.31689e-08 1.41235e-08
0.559807 -5.24633e-09 -1.08144e-08 -8.92426e-08 2.33829e-08 -9.44889e-08 1.25685e-08
0.560045 -5.12797e-09 -1.06603e-08 -9.06514e-08 2.17066e-08 -9.57794e-08 1.10463e-08
0.560284 -5.01262e-09 -1.05086e-08 -9.20282e-08 2.00648e-08 -9.70408e-08 9.55614e-09
0.560522 -4.90019e-09 -1.03594e-08 -9.33735e-08 1.84567e-08 -9.82737e-08 8.09723e-09
0.56076 -4.79061e-09 -1.02126e-08 -9.46878e-08 1.68814e-08 -9.94784e-08 6.66874e-09
0.560999 -4.68379e-09 -1.00682e-08 -9.59717e-08 1.53381e-08 -1.00655e-07 5.26992e-09
0.561237 -4.57965e-09 -9.92602e-09 -9.72257e-08 1.3826e-08 -1.01805e-07 3.90001e-09
0.561476 -4.47812e-09 -9.78616e-09 -9.84502e-08 1.23444e-08 -1.02928e-07 2.55829e-09
0.561714 -4.37913e-09 -9.64854e-09 -9.96459e-08 1.08926e-08 -1.04025e-07 1.24405e-09
0.561953 -4.2826e-09 -9.51311e-09 -1.00813e-07 9.46972e-09 -1.05096e-07 -4.3396e-11
0.562191 -4.18846e-09 -9.37986e-09 -1.01952e-07 8.07514e-09 -1.06141e-07 -1.30471e-09
0.562429 -4.09665e-09 -9.24873e-09 -1.03064e-07 6.70817e-09 -1.07161e-07 -2.54056e-09
0.562668 -4.0071e-09 -9.11969e-09 -1.04149e-07 5.36814e-09 -1.08156e-07 -3.75155e-09
0.562906 -3.91975e-09 -8.9927e-09 -1.05207e-07 4.05439e-09 -1.09126e-07 -4.93831e-09
0.563145 -3.83454e-09 -8.86773e-09 -1.06238e-07 2.7663e-09 -1.10073e-07 -6.10144e-09
0.563383 -3.75141e-09 -8.74475e-09 -1.07244e-07 1.50325e-09 -1.10996e-07 -7.2415e-09
0.563622 -3.6703e-09 -8.62372e-09 -1.08225e-07 2.64638e-10 -1.11895e-07 -8.35908e-09
0.56386 -3.59116e-09 -8.5046e-09 -1.0918e-07 -9.50109e-10 -1.12772e-07 -9.45471e-09
0.564098 -3.51394e-09 -8.38737e-09 -1.10111e-07 -2.14156e-09 -1.13625e-07 -1.05289e-08
0.564337 -3.43857e-09 -8.27199e-09 -1.11018e-07 -3.31028e-09 -1.14456e-07 -1.15823e-08
0.564575 -3.36502e-09 -8.15843e-09 -1.119e-07 -4.45678e-09 -1.15265e-07 -1.26152e-08
0.564814 -3.29323e-09 -8.04666e-09 -1.12759e-07 -5.5816e-09 -1.16052e-07 -1.36283e-08
0.565052 -3.22315e-09 -7.93664e-09 -1.13595e-07 -6.68525e-09 -1.16818e-07 -1.46219e-08
0.56529 -3.15474e-09 -7.82835e-09 -1.14408e-07 -7.76822e-09 -1.17563e-07 -1.55966e-08
0.565529 -3.08796e-09 -7.72176e-09 -1.15198e-07 -8.83099e-09 -1.18286e-07 -1.65528e-08
0.565767 -3.02275e-09 -7.61684e-09 -1.15966e-07 -9.87404e-09 -1.18989e-07 -1.74909e-08
0.566006 -2.95909e-09 -7.51356e-09 -1.16712e-07 -1.08978e-08 -1.19671e-07 -1.84114e-08
0.566244 -2.89692e-09 -7.41189e-09 -1.17437e-07 -1.19028e-08 -1.20333e-07 -1.93146e-08
0.566483 -2.83621e-09 -7.3118e-09 -1.1814e-07 -1.28893e-08 -1.20976e-07 -2.02011e-08
0.566721 -2.77693e-09 -7.21327e-09 -1.18822e-07 -1.38579e-08 -1.21599e-07 -2.10712e-08
0.566959 -2.71902e-09 -7.11627e-09 -1.19483e-07 -1.48089e-08 -1.22202e-07 -2.19252e-08
0.567198 -2.66246e-09 -7.02078e-09 -1.20124e-07 -1.57428e-08 -1.22786e-07 -2.27636e-08
0.567436 -2.60721e-09 -6.92676e-09 -1.20744e-07 -1.66599e-08 -1.23351e-07 -2.35866e-08
0.567675 -2.55324e-09 -6.83419e-09 -1.21345e-07 -1.75606e-08 -1.23898e-07 -2.43948e-08
0.567913 -2.50051e-09 -6.74305e-09 -1.21925e-07 -1.84453e-08 -1.24426e-07 -2.51883e-08
0.568151 -2.44899e-09 -6.65332e-09 -1.22487e-07 -1.93143e-08 -1.24936e-07 -2.59676e-08
0.56839 -2.39865e-09 -6.56496e-09 -1.23029e-07 -2.0168e-08 -1.25428e-07 -2.6733e-08
0.568628 -2.34947e-09 -6.47797e-09 -1.23552e-07 -2.10068e-08 -1.25902e-07 -2.74847e-08
0.568867 -2.3014e-09 -6.3923e-09 -1.24057e-07 -2.18309e-08 -1.26358e-07 -2.82232e-08
0.569105 -2.25443e-09 -6.30794e-09 -1.24543e-07 -2.26407e-08 -1.26797e-07 -2.89487e-08
0.569344 -2.20852e-09 -6.22487e-09 -1.2501e-07 -2.34365e-08 -1.27219e-07 -2.96614e-08
0.569582 -2.16364e-09 -6.14307e-09 -1.2546e-07 -2.42187e-08 -1.27624e-07 -3.03617e-08
0.56982 -2.11978e-09 -6.06251e-09 -1.25892e-07 -2.49874e-08 -1.28012e-07 -3.10499e-08
0.570059 -2.0769e-09 -5.98317e-09 -1.26306e-07 -2.57431e-08 -1.28383e-07 -3.17263e-08
0.570297 -2.03498e-09 -5.90504e-09 -1.26703e-07 -2.6486e-08 -1.28738e-07 -3.2391e-08
0.570536 -1.994e-09 -5.82808e-09 -1.27083e-07 -2.72163e-08 -1.29077e-07 -3.30444e-08
0.570774 -1.95393e-09 -5.75229e-09 -1.27445e-07 -2.79344e-08 -1.29399e-07 -3.36867e-08
0.571012 -1.91476e-09 -5.67764e-09 -1.27791e-07 -2.86405e-08 -1.29706e-07 -3.43181e-08
0.571251 -1.87645e-09 -5.60412e-09 -1.2812e-07 -2.93349e-08 -1.29997e-07 -3.4939e-08
0.571489 -1.83898e-09 -5.5317e-09 -1.28433e-07 -3.00178e-08 -1.30272e-07 -3.55495e-08
0.571728 -1.80234e-09 -5.46036e-09 -1.28729e-07 -3.06894e-08 -1.30532e-07 -3.61498e-08
0.571966 -1.76651e-09 -5.39009e-09 -1.2901e-07 -3.13501e-08 -1.30776e-07 -3.67402e-08
0.572205 -1.73146e-09 -5.32087e-09 -1.29274e-07 -3.2e-08 -1.31006e-07 -3.73208e-08
0.572443 -1.69717e-09 -5.25268e-09 -1.29523e-07 -3.26393e-08 -1.3122e-07 -3.7892e-08
0.572681 -1.66364e-09 -5.1855e-09 -1.29756e-07 -3.32684e-08 -1.3142e-07 -3.84539e-08
0.57292 -1.63083e-09 -5.11932e-09 -1.29974e-07 -3.38874e-08 -1.31605e-07 -3.90067e-08
0.573158 -1.59873e-09 -5.05413e-09 -1.30177e-07 -3.44964e-08 -1.31776e-07 -3.95505e-08
0.573397 -1.56733e-09 -4.98989e-09 -1.30365e-07 -3.50958e-08 -1.31932e-07 -4.00857e-08
0.573635 -1.53661e-09 -4.92661e-09 -1.30537e-07 -3.56857e-08 -1.32074e-07 -4.06123e-08
0.573874 -1.50654e-09 -4.86425e-09 -1.30695e-07 -3.62664e-08 -1.32202e-07 -4.11306e-08
0.574112 -1.47712e-09 -4.80282e-09 -1.30839e-07 -3.68379e-08 -1.32316e-07 -4.16407e-08
0.57435 -1.44833e-09 -4.74228e-09 -1.30968e-07 -3.74005e-08 -1.32416e-07 -4.21428e-08
0.574589 -1.42016e-09 -4.68263e-09 -1.31082e-07 -3.79544e-08 -1.32502e-07 -4.26371e-08
0.574827 -1.39258e-09 -4.62385e-09 -1.31183e-07 -3.84998e-08 -1.32575e-07 -4.31236e-08
0.575066 -1.36559e-09 -4.56594e-09 -1.31269e-07 -3.90368e-08 -1.32635e-07 -4.36027e-08
0.575304 -1.33917e-09 -4.50886e-09 -1.31342e-07 -3.95655e-08 -1.32681e-07 -4.40744e-08
0.575542 -1.31331e-09 -4.45261e-09 -1.31401e-07 -4.00863e-08 -1.32714e-07 -4.45389e-08
0.575781 -1.28799e-09 -4.39718e-09 -1.31446e-07 -4.05991e-08 -1.32734e-07 -4.49963e-08
0.576019 -1.26321e-09 -4.34255e-09 -1.31478e-07 -4.11043e-08 -1.32741e-07 -4.54468e-08
0.576258 -1.23895e-09 -4.28871e-09 -1.31496e-07 -4.16018e-08 -1.32735e-07 -4.58905e-08
0.576496 -1.21519e-09 -4.23565e-09 -1.31501e-07 -4.2092e-08 -1.32717e-07 -4.63276e-08
0.576735 -1.19193e-09 -4.18334e-09 -1.31494e-07 -4.25749e-08 -1.32685e-07 -4.67582e-08
0.576973 -1.16915e-09 -4.13179e-09 -1.31473e-07 -4.30506e-08 -1.32642e-07 -4.71824e-08
0.577211 -1.14685e-09 -4.08098e-09 -1.31439e-07 -4.35193e-08 -1.32586e-07 -4.76003e-08
0.57745 -1.125e-09 -4.0309e-09 -1.31393e-07 -4.39812e-08 -1.32518e-07 -4.80121e-08
0.577688 -1.10361e-09 -3.98153e-09 -1.31334e-07 -4.44364e-08 -1.32437e-07 -4.84179e-08
0.577927 -1.08266e-09 -3.93286e-09 -1.31262e-07 -4.48849e-08 -1.32345e-07 -4.88178e-08
0.578165 -1.06214e-09 -3.88489e-09 -1.31178e-07 -4.5327e-08 -1.3224e-07 -4.92119e-08
0.578403 -1.04204e-09 -3.8376e-09 -1.31082e-07 -4.57628e-08 -1.32124e-07 -4.96004e-08
0.578642 -1.02235e-09 -3.79097e-09 -1.30974e-07 -4.61923e-08 -1.31996e-07 -4.99833e-08
0.57888 -1.00307e-09 -3.74501e-09 -1.30853e-07 -4.66157e-08 -1.31857e-07 -5.03607e-08
0.579119 -9.84173e-10 -3.69969e-09 -1.30721e-07 -4.70331e-08 -1.31705e-07 -5.07328e-08
0.579357 -9.65664e-10 -3.65501e-09 -1.30577e-07 -4.74447e-08 -1.31543e-07 -5.10997e-08
0.579596 -9.47529e-10 -3.61096e-09 -1.30421e-07 -4.78505e-08 -1.31369e-07 -5.14614e-08
0.579834 -9.29761e-10 -3.56753e-09 -1.30254e-07 -4.82506e-08 -1.31183e-07 -5.18181e-08
0.580072 -9.12352e-10 -3.5247e-09 -1.30075e-07 -4.86451e-08 -1.30987e-07 -5.21698e-08
0.580311 -8.95293e-10 -3.48247e-09 -1.29884e-07 -4.90342e-08 -1.3078e-07 -5.25166e-08
0.580549 -8.78577e-10 -3.44083e-09 -1.29683e-07 -4.94179e-08 -1.30561e-07 -5.28587e-08
0.580788 -8.62196e-10 -3.39977e-09 -1.2947e-07 -4.97963e-08 -1.30332e-07 -5.31961e-08
0.581026 -8.46142e-10 -3.35928e-09 -1.29245e-07 -5.01696e-08 -1.30092e-07 -5.35289e-08
0.581264 -8.30408e-10 -3.31935e-09 -1.2901e-07 -5.05378e-08 -1.29841e-07 -5.38572e-08
0.581503 -8.14987e-10 -3.27997e-09 -1.28764e-07 -5.09011e-08 -1.29579e-07 -5.4181e-08
0.581741 -7.99873e-10 -3.24114e-09 -1.28507e-07 -5.12594e-08 -1.29307e-07 -5.45005e-08
0.58198 -7.85058e-10 -3.20284e-09 -1.2824e-07 -5.16129e-08 -1.29025e-07 -5.48158e-08
0.582218 -7.70536e-10 -3.16507e-09 -1.27961e-07 -5.19617e-08 -1.28732e-07 -5.51268e-08
0.582457 -7.56301e-10 -3.12781e-09 -1.27672e-07 -5.23059e-08 -1.28428e-07 -5.54337e-08
0.582695 -7.42345e-10 -3.09106e-09 -1.27373e-07 -5.26455e-08 -1.28115e-07 -5.57365e-08
0.582933 -7.28664e-10 -3.05482e-09 -1.27063e-07 -5.29806e-08 -1.27791e-07 -5.60354e-08
0.583172 -7.15251e-10 -3.01907e-09 -1.26743e-07 -5.33113e-08 -1.27458e-07 -5.63304e-08
0.58341 -7.021e-10 -2.98381e-09 -1.26412e-07 -5.36377e-08 -1.27114e-07 -5.66215e-08
0.583649 -6.89206e-10 -2.94902e-09 -1.26072e-07 -5.39598e-08 -1.26761e-07 -5.69088e-08
0.583887 -6.76563e-10 -2.91471e-09 -1.25721e-07 -5.42777e-08 -1.26397e-07 -5.71924e-08
0.584126 -6.64166e-10 -2.88086e-09 -1.2536e-07 -5.45915e-08 -1.26024e-07 -5.74724e-08
0.584364 -6.52009e-10 -2.84747e-09 -1.2499e-07 -5.49013e-08 -1.25642e-07 -5.77488e-08
0.584602 -6.40087e-10 -2.81453e-09 -1.24609e-07 -5.52071e-08 -1.25249e-07 -5.80216e-08
0.584841 -6.28395e-10 -2.78203e-09 -1.24219e-07 -5.5509e-08 -1.24847e-07 -5.8291e-08
0.585079 -6.16929e-10 -2.74997e-09 -1.23819e-07 -5.5807e-08 -1.24436e-07 -5.8557e-08
0.585318 -6.05683e-10 -2.71833e-09 -1.2341e-07 -5.61012e-08 -1.24015e-07 -5.88196e-08
0.585556 -5.94653e-10 -2.68712e-09 -1.22991e-07 -5.63918e-08 -1.23585e-07 -5.90789e-08
0.585794 -5.83835e-10 -2.65633e-09 -1.22562e-07 -5.66786e-08 -1.23146e-07 -5.93349e-08
0.586033 -5.73223e-10 -2.62594e-09 -1.22124e-07 -5.69618e-08 -1.22698e-07 -5.95878e-08
0.586271 -5.62814e-10 -2.59596e-09 -1.21677e-07 -5.72415e-08 -1.2224e-07 -5.98375e-08
0.58651 -5.52602e-10 -2.56638e-09 -1.21221e-07 -5.75177e-08 -1.21774e-07 -6.00841e-08
0.586748 -5.42585e-10 -2.53719e-09 -1.20756e-07 -5.77905e-08 -1.21298e-07 -6.03277e-08
0.586987 -5.32758e-10 -2.50838e-09 -1.20281e-07 -5.80598e-08 -1.20814e-07 -6.05682e-08
0.587225 -5.23117e-10 -2.47995e-09 -1.19798e-07 -5.83259e-08 -1.20321e-07 -6.08058e-08
0.587463 -5.13657e-10 -2.4519e-09 -1.19305e-07 -5.85886e-08 -1.19819e-07 -6.10405e-08
0.587702 -5.04377e-10 -2.42421e-09 -1.18804e-07 -5.88481e-08 -1.19308e-07 -6.12723e-08
0.58794 -4.9527e-10 -2.39689e-09 -1.18294e-07 -5.91045e-08 -1.18789e-07 -6.15013e-08
0.588179 -4.86335e-10 -2.36993e-09 -1.17775e-07 -5.93576e-08 -1.18261e-07 -6.17276e-08
0.588417 -4.77568e-10 -2.34331e-09 -1.17247e-07 -5.96077e-08 -1.17725e-07 -6.19511e-08
0.588655 -4.68964e-10 -2.31705e-09 -1.16711e-07 -5.98548e-08 -1.1718e-07 -6.21719e-08
0.588894 -4.60521e-10 -2.29112e-09 -1.16166e-07 -6.00989e-08 -1.16627e-07 -6.239e-08
0.589132 -4.52235e-10 -2.26554e-09 -1.15613e-07 -6.034e-08 -1.16066e-07 -6.26055e-08
0.589371 -4.44104e-10 -2.24028e-09 -1.15052e-07 -6.05781e-08 -1.15496e-07 -6.28184e-08
0.589609 -4.36123e-10 -2.21535e-09 -1.14482e-07 -6.08135e-08 -1.14918e-07 -6.30288e-08
0.589848 -4.28291e-10 -2.19074e-09 -1.13904e-07 -6.10459e-08 -1.14332e-07 -6.32367e-08
0.590086 -4.20603e-10 -2.16645e-09 -1.13318e-07 -6.12756e-08 -1.13738e-07 -6.34421e-08
0.590324 -4.13058e-10 -2.14247e-09 -1.12723e-07 -6.15026e-08 -1.13136e-07 -6.3645e-08
0.590563 -4.05651e-10 -2.1188e-09 -1.12121e-07 -6.17268e-08 -1.12526e-07 -6.38456e-08
0.590801 -3.98381e-10 -2.09543e-09 -1.1151e-07 -6.19483e-08 -1.11909e-07 -6.40438e-08
0.59104 -3.91244e-10 -2.07236e-09 -1.10892e-07 -6.21672e-08 -1.11283e-07 -6.42396e-08
0.591278 -3.84239e-10 -2.04958e-09 -1.10265e-07 -6.23835e-08 -1.1065e-07 -6.44331e-08
0.591516 -3.77361e-10 -2.02709e-09 -1.09631e-07 -6.25973e-08 -1.10009e-07 -6.46244e-08
0.591755 -3.70609e-10 -2.00489e-09 -1.0899e-07 -6.28085e-08 -1.0936e-07 -6.48134e-08
0.591993 -3.63981e-10 -1.98297e-09 -1.0834e-07 -6.30172e-08 -1.08704e-07 -6.50001e-08
0.592232 -3.57473e-10 -1.96133e-09 -1.07683e-07 -6.32234e-08 -1.0804e-07 -6.51847e-08
0.59247 -3.51083e-10 -1.93996e-09 -1.07018e-07 -6.34272e-08 -1.07369e-07 -6.53671e-08
0.592709 -3.4481e-10 -1.91887e-09 -1.06346e-07 -6.36286e-08 -1.0669e-07 -6.55474e-08
0.592947 -3.3865e-10 -1.89803e-09 -1.05666e-07 -6.38276e-08 -1.06005e-07 -6.57256e-08
0.593185 -3.32601e-10 -1.87746e-09 -1.04979e-07 -6.40242e-08 -1.05311e-07 -6.59017e-08
0.593424 -3.26662e-10 -1.85714e-09 -1.04284e-07 -6.42186e-08 -1.04611e-07 -6.60757e-08
0.593662 -3.2083e-10 -1.83708e-09 -1.03583e-07 -6.44106e-08 -1.03903e-07 -6.62477e-08
0.593901 -3.15103e-10 -1.81727e-09 -1.02874e-07 -6.46004e-08 -1.03189e-07 -6.64177e-08
0.594139 -3.09479e-10 -1.79771e-09 -1.02158e-07 -6.4788e-08 -1.02467e-07 -6.65857e-08
0.594378 -3.03955e-10 -1.77839e-09 -1.01434e-07 -6.49734e-08 -1.01738e-07 -6.67517e-08
0.594616 -2.98531e-10 -1.75931e-09 -1.00704e-07 -6.51565e-08 -1.01003e-07 -6.69158e-08
0.594854 -2.93204e-10 -1.74047e-09 -9.99668e-08 -6.53376e-08 -1.0026e-07 -6.7078e-08
0.595093 -2.87971e-10 -1.72186e-09 -9.92226e-08 -6.55165e-08 -9.95106e-08 -6.72383e-08
0.595331 -2.82832e-10 -1.70348e-09 -9.84715e-08 -6.56933e-08 -9.87544e-08 -6.73967e-08
0.59557 -2.77785e-10 -1.68533e-09 -9.77137e-08 -6.5868e-08 -9.79914e-08 -6.75533e-08
0.595808 -2.72827e-10 -1.6674e-09 -9.6949e-08 -6.60406e-08 -9.72218e-08 -6.7708e-08
0.596046 -2.67958e-10 -1.64968e-09 -9.61777e-08 -6.62113e-08 -9.64456e-08 -6.7861e-08
0.596285 -2.63174e-10 -1.63219e-09 -9.53997e-08 -6.63799e-08 -9.56629e-08 -6.80121e-08
0.596523 -2.58475e-10 -1.61491e-09 -9.46151e-08 -6.65465e-08 -9.48736e-08 -6.81614e-08
0.596762 -2.5386e-10 -1.59784e-09 -9.3824e-08 -6.67112e-08 -9.40778e-08 -6.8309e-08
0.597 -2.49325e-10 -1.58098e-09 -9.30264e-08 -6.68739e-08 -9.32757e-08 -6.84549e-08
0.597239 -2.44871e-10 -1.56433e-09 -9.22223e-08 -6.70347e-08 -9.24672e-08 -6.8599e-08
0.597477 -2.40495e-10 -1.54787e-09 -9.14119e-08 -6.71936e-08 -9.16524e-08 -6.87415e-08
0.597715 -2.36196e-10 -1.53162e-09 -9.05951e-08 -6.73506e-08 -9.08313e-08 -6.88822e-08
0.597954 -2.31972e-10 -1.51556e-09 -8.97721e-08 -6.75057e-08 -9.00041e-08 -6.90213e-08
0.598192 -2.27822e-10 -1.4997e-09 -8.89429e-08 -6.7659e-08 -8.91707e-08 -6.91587e-08
0.598431 -2.23745e-10 -1.48403e-09 -8.81075e-08 -6.78105e-08 -8.83313e-08 -6.92945e-08
0.598669 -2.19739e-10 -1.46855e-09 -8.7266e-08 -6.79602e-08 -8.74858e-08 -6.94287e-08
0.598907 -2.15803e-10 -1.45325e-09 -8.64185e-08 -6.8108e-08 -8.66343e-08 -6.95613e-08
0.599146 -2.11936e-10 -1.43813e-09 -8.5565e-08 -6.82541e-08 -8.57769e-08 -6.96923e-08
0.599384 -2.08136e-10 -1.4232e-09 -8.47055e-08 -6.83985e-08 -8.49136e-08 -6.98217e-08
0.599623 -2.04401e-10 -1.40845e-09 -8.38401e-08 -6.85411e-08 -8.40445e-08 -6.99495e-08
