0.39959 5.01337e-11 3.9615e-11 -2.24814e-10 4.14061e-10 -1.7468e-10 4.53676e-10
0.400066 5.14596e-11 4.08417e-11 -2.31577e-10 4.226e-10 -1.80118e-10 4.63441e-10
0.400543 5.28225e-11 4.21091e-11 -2.38561e-10 4.31304e-10 -1.85739e-10 4.73413e-10
0.40102 5.42235e-11 4.34185e-11 -2.45772e-10 4.40176e-10 -1.91549e-10 4.83595e-10
0.401497 5.56637e-11 4.47714e-11 -2.53219e-10 4.49218e-10 -1.97555e-10 4.9399e-10
0.401974 5.71442e-11 4.61693e-11 -2.6091e-10 4.58432e-10 -2.03765e-10 5.04601e-10
0.402451 5.86662e-11 4.76139e-11 -2.68852e-10 4.6782e-10 -2.10186e-10 5.15434e-10
0.402927 6.02308e-11 4.91066e-11 -2.77056e-10 4.77384e-10 -2.16825e-10 5.2649e-10
0.403404 6.18392e-11 5.06493e-11 -2.8553e-10 4.87126e-10 -2.23691e-10 5.37775e-10
0.403881 6.34927e-11 5.22436e-11 -2.94284e-10 4.97047e-10 -2.30791e-10 5.49291e-10
0.404358 6.51925e-11 5.38913e-11 -3.03327e-10 5.0715e-10 -2.38135e-10 5.61042e-10
0.404835 6.694e-11 5.55944e-11 -3.1267e-10 5.17437e-10 -2.4573e-10 5.73031e-10
0.405312 6.87365e-11 5.73547e-11 -3.22323e-10 5.27909e-10 -2.53586e-10 5.85263e-10
0.405788 7.05833e-11 5.91743e-11 -3.32297e-10 5.38566e-10 -2.61713e-10 5.97741e-10
0.406265 7.24819e-11 6.10552e-11 -3.42603e-10 5.49412e-10 -2.70121e-10 6.10467e-10
0.406742 7.44338e-11 6.29996e-11 -3.53253e-10 5.60447e-10 -2.7882e-10 6.23446e-10
0.407219 7.64403e-11 6.50097e-11 -3.6426e-10 5.71672e-10 -2.8782e-10 6.36681e-10
0.407696 7.8503e-11 6.70877e-11 -3.75636e-10 5.83088e-10 -2.97133e-10 6.50175e-10
0.408173 8.06236e-11 6.92362e-11 -3.87394e-10 5.94695e-10 -3.0677e-10 6.63931e-10
0.408649 8.28035e-11 7.14574e-11 -3.99547e-10 6.06495e-10 -3.16744e-10 6.77953e-10
0.409126 8.50444e-11 7.37541e-11 -4.1211e-10 6.18488e-10 -3.27066e-10 6.92243e-10
0.409603 8.7348e-11 7.61287e-11 -4.25097e-10 6.30675e-10 -3.37749e-10 7.06803e-10
0.41008 8.9716e-11 7.85841e-11 -4.38524e-10 6.43054e-10 -3.48808e-10 7.21638e-10
0.410557 9.21502e-11 8.11231e-11 -4.52406e-10 6.55625e-10 -3.60256e-10 7.36748e-10
0.411034 9.46523e-11 8.37486e-11 -4.66759e-10 6.68389e-10 -3.72106e-10 7.52138e-10
0.41151 9.72242e-11 8.64636e-11 -4.816e-10 6.81345e-10 -3.84376e-10 7.67808e-10
0.411987 9.98677e-11 8.92712e-11 -4.96947e-10 6.9449e-10 -3.97079e-10 7.83761e-10
0.412464 1.02585e-10 9.21747e-11 -5.12817e-10 7.07824e-10 -4.10232e-10 7.99999e-10
0.412941 1.05378e-10 9.51774e-11 -5.2923e-10 7.21346e-10 -4.23853e-10 8.16523e-10
0.413418 1.08248e-10 9.82828e-11 -5.46206e-10 7.35052e-10 -4.37958e-10 8.33334e-10
0.413895 1.11197e-10 1.01494e-10 -5.63763e-10 7.4894e-10 -4.52566e-10 8.50434e-10
0.414371 1.14229e-10 1.04816e-10 -5.81924e-10 7.63008e-10 -4.67695e-10 8.67823e-10
0.414848 1.17344e-10 1.08251e-10 -6.0071e-10 7.77251e-10 -4.83365e-10 8.85502e-10
0.415325 1.20545e-10 1.11804e-10 -6.20143e-10 7.91666e-10 -4.99597e-10 9.0347e-10
0.415802 1.23835e-10 1.15479e-10 -6.40246e-10 8.06249e-10 -5.16412e-10 9.21728e-10
0.416279 1.27214e-10 1.19279e-10 -6.61045e-10 8.20994e-10 -5.33831e-10 9.40274e-10
0.416756 1.30687e-10 1.2321e-10 -6.82564e-10 8.35897e-10 -5.51878e-10 9.59107e-10
0.417233 1.34254e-10 1.27276e-10 -7.0483e-10 8.5095e-10 -5.70575e-10 9.78226e-10
0.417709 1.37919e-10 1.31481e-10 -7.27868e-10 8.66147e-10 -5.89949e-10 9.97629e-10
0.418186 1.41684e-10 1.35831e-10 -7.51707e-10 8.81481e-10 -6.10023e-10 1.01731e-09
0.418663 1.4555e-10 1.40329e-10 -7.76376e-10 8.96944e-10 -6.30826e-10 1.03727e-09
0.41914 1.49522e-10 1.44982e-10 -8.01906e-10 9.12526e-10 -6.52384e-10 1.05751e-09
0.419617 1.53601e-10 1.49794e-10 -8.28327e-10 9.28217e-10 -6.74726e-10 1.07801e-09
0.420094 1.57789e-10 1.54771e-10 -8.55671e-10 9.44007e-10 -6.97882e-10 1.09878e-09
0.42057 1.6209e-10 1.59918e-10 -8.83972e-10 9.59885e-10 -7.21882e-10 1.1198e-09
0.421047 1.66505e-10 1.65242e-10 -9.13265e-10 9.75838e-10 -7.4676e-10 1.14108e-09
0.421524 1.71038e-10 1.70747e-10 -9.43585e-10 9.91852e-10 -7.72547e-10 1.1626e-09
0.422001 1.75692e-10 1.76441e-10 -9.7497e-10 1.00791e-09 -7.99279e-10 1.18435e-09
0.422478 1.80468e-10 1.82329e-10 -1.00746e-09 1.024e-09 -8.26991e-10 1.20633e-09
0.422955 1.85369e-10 1.88418e-10 -1.04109e-09 1.04011e-09 -8.55722e-10 1.22853e-09
0.423431 1.90398e-10 1.94715e-10 -1.07591e-09 1.05621e-09 -8.85509e-10 1.25093e-09
0.423908 1.95559e-10 2.01226e-10 -1.11195e-09 1.07229e-09 -9.16393e-10 1.27352e-09
0.424385 2.00852e-10 2.07958e-10 -1.14927e-09 1.08832e-09 -9.48415e-10 1.29628e-09
0.424862 2.06282e-10 2.14919e-10 -1.1879e-09 1.10429e-09 -9.81619e-10 1.31921e-09
0.425339 2.11851e-10 2.22115e-10 -1.2279e-09 1.12017e-09 -1.01605e-09 1.34228e-09
0.425816 2.17561e-10 2.29555e-10 -1.26932e-09 1.13592e-09 -1.05175e-09 1.36548e-09
0.426292 2.23415e-10 2.37246e-10 -1.3122e-09 1.15154e-09 -1.08878e-09 1.38879e-09
0.426769 2.29416e-10 2.45196e-10 -1.3566e-09 1.16698e-09 -1.12718e-09 1.41218e-09
0.427246 2.35567e-10 2.53414e-10 -1.40257e-09 1.18222e-09 -1.167e-09 1.43563e-09
0.427723 2.41869e-10 2.61907e-10 -1.45017e-09 1.19722e-09 -1.2083e-09 1.45913e-09
0.4282 2.48325e-10 2.70684e-10 -1.49946e-09 1.21196e-09 -1.25114e-09 1.48264e-09
0.428677 2.54938e-10 2.79754e-10 -1.5505e-09 1.22638e-09 -1.29556e-09 1.50613e-09
0.429153 2.61711e-10 2.89126e-10 -1.60335e-09 1.24045e-09 -1.34164e-09 1.52958e-09
0.42963 2.68644e-10 2.98808e-10 -1.65808e-09 1.25414e-09 -1.38944e-09 1.55295e-09
0.430107 2.75741e-10 3.08811e-10 -1.71476e-09 1.26739e-09 -1.43901e-09 1.5762e-09
0.430584 2.83004e-10 3.19142e-10 -1.77344e-09 1.28016e-09 -1.49044e-09 1.59931e-09
0.431061 2.90434e-10 3.29813e-10 -1.83421e-09 1.29241e-09 -1.54378e-09 1.62222e-09
0.431538 2.98033e-10 3.40833e-10 -1.89714e-09 1.30407e-09 -1.59911e-09 1.6449e-09
0.432014 3.05803e-10 3.52211e-10 -1.9623e-09 1.3151e-09 -1.6565e-09 1.66731e-09
0.432491 3.13746e-10 3.63957e-10 -2.02978e-09 1.32543e-09 -1.71603e-09 1.68938e-09
0.432968 3.21863e-10 3.76082e-10 -2.09965e-09 1.335e-09 -1.77779e-09 1.71108e-09
0.433445 3.30154e-10 3.88595e-10 -2.172e-09 1.34376e-09 -1.84184e-09 1.73235e-09
0.433922 3.38621e-10 4.01508e-10 -2.24692e-09 1.35163e-09 -1.90829e-09 1.75313e-09
0.434399 3.47265e-10 4.1483e-10 -2.32449e-09 1.35853e-09 -1.97722e-09 1.77336e-09
0.434875 3.56085e-10 4.28571e-10 -2.40481e-09 1.36441e-09 -2.04872e-09 1.79298e-09
0.435352 3.65083e-10 4.42743e-10 -2.48797e-09 1.36917e-09 -2.12289e-09 1.81192e-09
0.435829 3.74257e-10 4.57355e-10 -2.57407e-09 1.37274e-09 -2.19981e-09 1.83009e-09
0.436306 3.83607e-10 4.72418e-10 -2.66322e-09 1.37502e-09 -2.27961e-09 1.84744e-09
0.436783 3.93133e-10 4.87942e-10 -2.75551e-09 1.37594e-09 -2.36237e-09 1.86388e-09
0.43726 4.02833e-10 5.03937e-10 -2.85105e-09 1.37538e-09 -2.44822e-09 1.87932e-09
0.437737 4.12706e-10 5.20413e-10 -2.94996e-09 1.37326e-09 -2.53725e-09 1.89367e-09
0.438213 4.22748e-10 5.37381e-10 -3.05234e-09 1.36946e-09 -2.62959e-09 1.90684e-09
0.43869 4.32959e-10 5.54849e-10 -3.15832e-09 1.36389e-09 -2.72536e-09 1.91874e-09
0.439167 4.43334e-10 5.72827e-10 -3.26801e-09 1.35642e-09 -2.82468e-09 1.92925e-09
0.439644 4.5387e-10 5.91324e-10 -3.38154e-09 1.34694e-09 -2.92767e-09 1.93826e-09
0.440121 4.64563e-10 6.1035e-10 -3.49903e-09 1.33532e-09 -3.03446e-09 1.94567e-09
0.440598 4.75408e-10 6.2991e-10 -3.62061e-09 1.32144e-09 -3.1452e-09 1.95136e-09
0.441074 4.86399e-10 6.50015e-10 -3.74641e-09 1.30517e-09 -3.26002e-09 1.95518e-09
0.441551 4.9753e-10 6.7067e-10 -3.87658e-09 1.28635e-09 -3.37905e-09 1.95702e-09
0.442028 5.08795e-10 6.91882e-10 -4.01125e-09 1.26486e-09 -3.50245e-09 1.95674e-09
0.442505 5.20185e-10 7.13656e-10 -4.15056e-09 1.24053e-09 -3.63037e-09 1.95419e-09
0.442982 5.31692e-10 7.35997e-10 -4.29465e-09 1.21322e-09 -3.76296e-09 1.94922e-09
0.443459 5.43307e-10 7.5891e-10 -4.44369e-09 1.18276e-09 -3.90038e-09 1.94167e-09
0.443935 5.55019e-10 7.82396e-10 -4.59781e-09 1.14898e-09 -4.0428e-09 1.93138e-09
0.444412 5.66818e-10 8.06458e-10 -4.75718e-09 1.11172e-09 -4.19037e-09 1.91818e-09
0.444889 5.78689e-10 8.31095e-10 -4.92196e-09 1.0708e-09 -4.34327e-09 1.9019e-09
0.445366 5.90621e-10 8.56306e-10 -5.09229e-09 1.02603e-09 -4.50167e-09 1.88234e-09
0.445843 6.02599e-10 8.82089e-10 -5.26835e-09 9.77223e-10 -4.66575e-09 1.85931e-09
0.44632 6.14607e-10 9.08439e-10 -5.45031e-09 9.24186e-10 -4.8357e-09 1.83263e-09
0.446796 6.26629e-10 9.3535e-10 -5.63833e-09 8.66721e-10 -5.0117e-09 1.80207e-09
0.447273 6.38645e-10 9.62813e-10 -5.83257e-09 8.04621e-10 -5.19393e-09 1.76743e-09
0.44775 6.50637e-10 9.90818e-10 -6.03323e-09 7.37679e-10 -5.38259e-09 1.7285e-09
0.448227 6.62584e-10 1.01935e-09 -6.24046e-09 6.65678e-10 -5.57788e-09 1.68503e-09
0.448704 6.74464e-10 1.0484e-09 -6.45445e-09 5.88401e-10 -5.77999e-09 1.6368e-09
0.449181 6.86253e-10 1.07794e-09 -6.67538e-09 5.05623e-10 -5.98912e-09 1.58356e-09
0.449657 6.97926e-10 1.10795e-09 -6.90341e-09 4.17119e-10 -6.20549e-09 1.52507e-09
0.450134 7.09456e-10 1.13841e-09 -7.13874e-09 3.22656e-10 -6.42928e-09 1.46107e-09
0.450611 7.20816e-10 1.16929e-09 -7.38153e-09 2.22002e-10 -6.66072e-09 1.39129e-09
0.451088 7.31974e-10 1.20056e-09 -7.63198e-09 1.14919e-10 -6.9e-09 1.31548e-09
0.451565 7.429e-10 1.23218e-09 -7.89025e-09 1.16849e-12 -7.14735e-09 1.23335e-09
0.452042 7.53561e-10 1.26411e-09 -8.15652e-09 -1.19489e-10 -7.40296e-09 1.14462e-09
0.452518 7.63922e-10 1.29631e-09 -8.43097e-09 -2.47296e-10 -7.66705e-09 1.04902e-09
0.452995 7.73946e-10 1.32873e-09 -8.71378e-09 -3.82494e-10 -7.93983e-09 9.46232e-10
0.453472 7.83595e-10 1.3613e-09 -9.0051e-09 -5.25323e-10 -8.22151e-09 8.35978e-10
0.453949 7.9283e-10 1.39398e-09 -9.30512e-09 -6.76024e-10 -8.51229e-09 7.17953e-10
0.454426 8.01608e-10 1.42669e-09 -9.61398e-09 -8.34834e-10 -8.81237e-09 5.91853e-10
0.454903 8.09887e-10 1.45936e-09 -9.93185e-09 -1.00199e-09 -9.12197e-09 4.57371e-10
0.455379 8.17622e-10 1.49191e-09 -1.02589e-08 -1.17771e-09 -9.44126e-09 3.14198e-10
0.455856 8.24766e-10 1.52426e-09 -1.05952e-08 -1.36224e-09 -9.77045e-09 1.62023e-10
0.456333 8.31272e-10 1.55631e-09 -1.0941e-08 -1.55578e-09 -1.01097e-08 5.33953e-13
0.45681 8.3709e-10 1.58796e-09 -1.12963e-08 -1.75854e-09 -1.04592e-08 -1.7058e-10
0.457287 8.4217e-10 1.61911e-09 -1.16613e-08 -1.97074e-09 -1.08192e-08 -3.51628e-10
0.457764 8.4646e-10 1.64963e-09 -1.20362e-08 -2.19255e-09 -1.11897e-08 -5.42919e-10
0.458241 8.49908e-10 1.6794e-09 -1.24208e-08 -2.42416e-09 -1.15709e-08 -7.44758e-10
0.458717 8.52459e-10 1.70829e-09 -1.28155e-08 -2.66573e-09 -1.19631e-08 -9.57444e-10
0.459194 8.54059e-10 1.73615e-09 -1.32202e-08 -2.91742e-09 -1.23661e-08 -1.18127e-09
0.459671 8.54654e-10 1.76282e-09 -1.3635e-08 -3.17935e-09 -1.27803e-08 -1.41653e-09
0.460148 8.54187e-10 1.78815e-09 -1.40599e-08 -3.45164e-09 -1.32057e-08 -1.66349e-09
0.460625 8.52603e-10 1.81195e-09 -1.44949e-08 -3.73438e-09 -1.36423e-08 -1.92244e-09
0.461102 8.49848e-10 1.83404e-09 -1.494e-08 -4.02766e-09 -1.40902e-08 -2.19361e-09
0.461578 8.45866e-10 1.85424e-09 -1.53953e-08 -4.33151e-09 -1.45494e-08 -2.47727e-09
0.462055 8.40604e-10 1.87232e-09 -1.58606e-08 -4.64596e-09 -1.502e-08 -2.77364e-09
0.462532 8.34009e-10 1.88808e-09 -1.63358e-08 -4.97101e-09 -1.55018e-08 -3.08293e-09
0.463009 8.26031e-10 1.90127e-09 -1.68209e-08 -5.30662e-09 -1.59949e-08 -3.40534e-09
0.463486 8.1662e-10 1.91167e-09 -1.73158e-08 -5.65272e-09 -1.64991e-08 -3.74105e-09
0.463963 8.0573e-10 1.91902e-09 -1.78201e-08 -6.00923e-09 -1.70144e-08 -4.09021e-09
0.464439 7.93318e-10 1.92305e-09 -1.83339e-08 -6.37602e-09 -1.75406e-08 -4.45296e-09
0.464916 7.79345e-10 1.92349e-09 -1.88568e-08 -6.7529e-09 -1.80774e-08 -4.82941e-09
0.465393 7.63774e-10 1.92005e-09 -1.93885e-08 -7.13969e-09 -1.86247e-08 -5.21963e-09
0.46587 7.46574e-10 1.91244e-09 -1.99288e-08 -7.53613e-09 -1.91822e-08 -5.62369e-09
0.466347 7.27721e-10 1.90034e-09 -2.04772e-08 -7.94195e-09 -1.97495e-08 -6.04161e-09
0.466824 7.07195e-10 1.88344e-09 -2.10335e-08 -8.35682e-09 -2.03263e-08 -6.47338e-09
0.4673 6.84983e-10 1.8614e-09 -2.15972e-08 -8.78038e-09 -2.09122e-08 -6.91898e-09
0.467777 6.61079e-10 1.8339e-09 -2.21677e-08 -9.21222e-09 -2.15067e-08 -7.37832e-09
0.468254 6.35486e-10 1.80058e-09 -2.27447e-08 -9.65189e-09 -2.21092e-08 -7.85132e-09
0.468731 6.08217e-10 1.76109e-09 -2.33274e-08 -1.00989e-08 -2.27191e-08 -8.33782e-09
0.469208 5.79291e-10 1.71507e-09 -2.39152e-08 -1.05527e-08 -2.33359e-08 -8.83767e-09
0.469685 5.48741e-10 1.66216e-09 -2.45075e-08 -1.10128e-08 -2.39588e-08 -9.35065e-09
0.470161 5.1661e-10 1.60199e-09 -2.51036e-08 -1.14785e-08 -2.4587e-08 -9.87653e-09
0.470638 4.82952e-10 1.53419e-09 -2.57026e-08 -1.19492e-08 -2.52197e-08 -1.0415e-08
0.471115 4.47834e-10 1.45839e-09 -2.63037e-08 -1.24242e-08 -2.58559e-08 -1.09658e-08
0.471592 4.11338e-10 1.37422e-09 -2.6906e-08 -1.29028e-08 -2.64947e-08 -1.15285e-08
0.472069 3.73559e-10 1.28131e-09 -2.75086e-08 -1.33842e-08 -2.7135e-08 -1.21029e-08
0.472546 3.34605e-10 1.17931e-09 -2.81103e-08 -1.38676e-08 -2.77757e-08 -1.26883e-08
0.473022 2.94603e-10 1.06785e-09 -2.87102e-08 -1.43524e-08 -2.84156e-08 -1.32845e-08
0.473499 2.53692e-10 9.46596e-10 -2.9307e-08 -1.48376e-08 -2.90533e-08 -1.3891e-08
0.473976 2.12032e-10 8.1522e-10 -2.98997e-08 -1.53225e-08 -2.96876e-08 -1.45073e-08
0.474453 1.69795e-10 6.73407e-10 -3.04868e-08 -1.58062e-08 -3.0317e-08 -1.51328e-08
0.47493 1.27173e-10 5.20861e-10 -3.10672e-08 -1.62879e-08 -3.094e-08 -1.5767e-08
0.475407 8.43747e-11 3.5731e-10 -3.16395e-08 -1.67668e-08 -3.15551e-08 -1.64095e-08
0.475883 4.1626e-11 1.82505e-10 -3.22021e-08 -1.72421e-08 -3.21605e-08 -1.70596e-08
0.47636 -8.29827e-13 -3.77218e-12 -3.27537e-08 -1.7713e-08 -3.27546e-08 -1.77168e-08
0.476837 -4.27326e-11 -2.01709e-10 -3.32928e-08 -1.81789e-08 -3.33355e-08 -1.83806e-08
0.477314 -8.38053e-11 -4.11458e-10 -3.38177e-08 -1.86389e-08 -3.39015e-08 -1.90504e-08
0.477791 -1.23755e-10 -6.33131e-10 -3.43269e-08 -1.90926e-08 -3.44506e-08 -1.97257e-08
0.478268 -1.62273e-10 -8.66797e-10 -3.48187e-08 -1.95392e-08 -3.49809e-08 -2.0406e-08
0.478745 -1.99037e-10 -1.11248e-09 -3.52914e-08 -1.99783e-08 -3.54904e-08 -2.10908e-08
0.479221 -2.3371e-10 -1.37015e-09 -3.57433e-08 -2.04095e-08 -3.5977e-08 -2.17797e-08
0.479698 -2.65944e-10 -1.63973e-09 -3.61726e-08 -2.08325e-08 -3.64386e-08 -2.24723e-08
0.480175 -2.95381e-10 -1.92109e-09 -3.65777e-08 -2.12471e-08 -3.68731e-08 -2.31682e-08
0.480652 -3.21654e-10 -2.21402e-09 -3.69567e-08 -2.16531e-08 -3.72784e-08 -2.38671e-08
0.481129 -3.44389e-10 -2.51826e-09 -3.73079e-08 -2.20505e-08 -3.76523e-08 -2.45688e-08
0.481606 -3.63208e-10 -2.83349e-09 -3.76295e-08 -2.24396e-08 -3.79927e-08 -2.52731e-08
0.482082 -3.77731e-10 -3.15932e-09 -3.79197e-08 -2.28206e-08 -3.82975e-08 -2.59799e-08
0.482559 -3.8758e-10 -3.49528e-09 -3.81768e-08 -2.31939e-08 -3.85644e-08 -2.66892e-08
0.483036 -3.9238e-10 -3.84084e-09 -3.83991e-08 -2.35602e-08 -3.87915e-08 -2.7401e-08
0.483513 -3.9176e-10 -4.19538e-09 -3.85849e-08 -2.39201e-08 -3.89766e-08 -2.81155e-08
0.48399 -3.85365e-10 -4.55822e-09 -3.87324e-08 -2.42747e-08 -3.91178e-08 -2.88329e-08
0.484467 -3.72846e-10 -4.9286e-09 -3.88403e-08 -2.46249e-08 -3.92131e-08 -2.95535e-08
0.484943 -3.53878e-10 -5.30569e-09 -3.89068e-08 -2.4972e-08 -3.92607e-08 -3.02777e-08
0.48542 -3.28151e-10 -5.68859e-09 -3.89306e-08 -2.53175e-08 -3.92588e-08 -3.10061e-08
0.485897 -2.95381e-10 -6.07631e-09 -3.89103e-08 -2.56629e-08 -3.92056e-08 -3.17392e-08
0.486374 -2.55313e-10 -6.46782e-09 -3.88445e-08 -2.60099e-08 -3.90998e-08 -3.24778e-08
0.486851 -2.07721e-10 -6.86199e-09 -3.87322e-08 -2.63604e-08 -3.89399e-08 -3.32224e-08
0.487328 -1.52415e-10 -7.25766e-09 -3.85721e-08 -2.67165e-08 -3.87245e-08 -3.39741e-08
0.487804 -8.92446e-11 -7.65358e-09 -3.83634e-08 -2.70801e-08 -3.84526e-08 -3.47337e-08
0.488281 -1.80997e-11 -8.04847e-09 -3.81052e-08 -2.74537e-08 -3.81233e-08 -3.55022e-08
0.488758 6.10842e-11 -8.44099e-09 -3.77968e-08 -2.78395e-08 -3.77357e-08 -3.62805e-08
0.489235 1.48324e-10 -8.82976e-09 -3.74376e-08 -2.824e-08 -3.72893e-08 -3.70697e-08
0.489712 2.43585e-10 -9.21337e-09 -3.70273e-08 -2.86576e-08 -3.67837e-08 -3.7871e-08
0.490189 3.4678e-10 -9.59039e-09 -3.65655e-08 -2.90949e-08 -3.62187e-08 -3.86853e-08
0.490665 4.57769e-10 -9.95935e-09 -3.60521e-08 -2.95544e-08 -3.55944e-08 -3.95138e-08
0.491142 5.76351e-10 -1.03188e-08 -3.54873e-08 -3.00387e-08 -3.4911e-08 -4.03575e-08
0.491619 7.02273e-10 -1.06672e-08 -3.48713e-08 -3.05501e-08 -3.4169e-08 -4.12174e-08
0.492096 8.3522e-10 -1.10032e-08 -3.42044e-08 -3.10912e-08 -3.33692e-08 -4.20945e-08
0.492573 9.7482e-10 -1.13254e-08 -3.34874e-08 -3.16642e-08 -3.25126e-08 -4.29896e-08
0.49305 1.12064e-09 -1.16322e-08 -3.27209e-08 -3.22713e-08 -3.16002e-08 -4.39035e-08
0.493526 1.2722e-09 -1.19223e-08 -3.19058e-08 -3.29145e-08 -3.06336e-08 -4.48368e-08
0.494003 1.42896e-09 -1.21945e-08 -3.10434e-08 -3.35957e-08 -2.96145e-08 -4.57902e-08
0.49448 1.59032e-09 -1.24474e-08 -3.0135e-08 -3.43165e-08 -2.85446e-08 -4.67639e-08
0.494957 1.75564e-09 -1.26799e-08 -2.91819e-08 -3.50783e-08 -2.74262e-08 -4.77581e-08
0.495434 1.92423e-09 -1.28908e-08 -2.81859e-08 -3.58821e-08 -2.62616e-08 -4.87729e-08
0.495911 2.09535e-09 -1.30791e-08 -2.71487e-08 -3.67289e-08 -2.50533e-08 -4.9808e-08
0.496387 2.26824e-09 -1.32439e-08 -2.60723e-08 -3.76191e-08 -2.38041e-08 -5.0863e-08
0.496864 2.44209e-09 -1.33844e-08 -2.49588e-08 -3.85529e-08 -2.25168e-08 -5.19373e-08
0.497341 2.61607e-09 -1.34999e-08 -2.38106e-08 -3.95301e-08 -2.11945e-08 -5.303e-08
0.497818 2.78932e-09 -1.35897e-08 -2.26299e-08 -4.05503e-08 -1.98406e-08 -5.414e-08
0.498295 2.96097e-09 -1.36534e-08 -2.14193e-08 -4.16124e-08 -1.84583e-08 -5.52658e-08
0.498772 3.13014e-09 -1.36907e-08 -2.01814e-08 -4.27152e-08 -1.70512e-08 -5.64059e-08
0.499249 3.29595e-09 -1.37013e-08 -1.89189e-08 -4.3857e-08 -1.56229e-08 -5.75583e-08
0.499725 3.45752e-09 -1.36852e-08 -1.76346e-08 -4.50358e-08 -1.41771e-08 -5.8721e-08
0.500202 3.61397e-09 -1.36424e-08 -1.63315e-08 -4.6249e-08 -1.27175e-08 -5.98915e-08
0.500679 3.76445e-09 -1.35732e-08 -1.50124e-08 -4.74941e-08 -1.12479e-08 -6.10673e-08
0.501156 3.90813e-09 -1.34778e-08 -1.36803e-08 -4.87677e-08 -9.7722e-09 -6.22455e-08
0.501633 4.04422e-09 -1.33567e-08 -1.23383e-08 -5.00664e-08 -8.2941e-09 -6.34231e-08
0.50211 4.17194e-09 -1.32105e-08 -1.09894e-08 -5.13864e-08 -6.81746e-09 -6.45969e-08
0.502586 4.29058e-09 -1.30399e-08 -9.63661e-09 -5.27237e-08 -5.34603e-09 -6.57636e-08
0.503063 4.39946e-09 -1.28458e-08 -8.28297e-09 -5.40738e-08 -3.88351e-09 -6.69196e-08
0.50354 4.49796e-09 -1.2629e-08 -6.93149e-09 -5.54321e-08 -2.43353e-09 -6.80612e-08
0.504017 4.58552e-09 -1.23907e-08 -5.58514e-09 -5.6794e-08 -9.9962e-10 -6.91847e-08
0.504494 4.66163e-09 -1.2132e-08 -4.24682e-09 -5.81545e-08 4.1481e-10 -7.02864e-08
0.504971 4.72586e-09 -1.1854e-08 -2.91939e-09 -5.95084e-08 1.80647e-09 -7.13624e-08
0.505447 4.77784e-09 -1.15581e-08 -1.60562e-09 -6.08507e-08 3.17222e-09 -7.24088e-08
0.505924 4.81727e-09 -1.12457e-08 -3.08183e-10 -6.2176e-08 4.50909e-09 -7.34218e-08
0.506401 4.84391e-09 -1.09183e-08 9.7033e-10 -6.34793e-08 5.81424e-09 -7.43976e-08
0.506878 4.85763e-09 -1.05772e-08 2.22744e-09 -6.47554e-08 7.08507e-09 -7.53326e-08
0.507355 4.85832e-09 -1.0224e-08 3.4608e-09 -6.5999e-08 8.31912e-09 -7.6223e-08
0.507832 4.84599e-09 -9.86026e-09 4.66818e-09 -6.72052e-08 9.51417e-09 -7.70655e-08
0.508308 4.82069e-09 -9.48752e-09 5.84747e-09 -6.83692e-08 1.06682e-08 -7.78567e-08
0.508785 4.78255e-09 -9.10734e-09 6.99673e-09 -6.94862e-08 1.17793e-08 -7.85936e-08
0.509262 4.73178e-09 -8.72128e-09 8.11413e-09 -7.05518e-08 1.28459e-08 -7.92731e-08
0.509739 4.66864e-09 -8.33086e-09 9.19801e-09 -7.15618e-08 1.38667e-08 -7.98926e-08
0.510216 4.59345e-09 -7.93761e-09 1.02469e-08 -7.25121e-08 1.48403e-08 -8.04497e-08
0.510693 4.50659e-09 -7.54299e-09 1.12593e-08 -7.33991e-08 1.57659e-08 -8.09421e-08
0.511169 4.4085e-09 -7.14845e-09 1.22342e-08 -7.42195e-08 1.66427e-08 -8.1368e-08
0.511646 4.29968e-09 -6.75538e-09 1.31705e-08 -7.49703e-08 1.74702e-08 -8.17256e-08
0.512123 4.18064e-09 -6.3651e-09 1.40672e-08 -7.56487e-08 1.82479e-08 -8.20138e-08
0.5126 4.05196e-09 -5.97887e-09 1.49237e-08 -7.62524e-08 1.89756e-08 -8.22313e-08
0.513077 3.91425e-09 -5.59789e-09 1.57393e-08 -7.67796e-08 1.96535e-08 -8.23775e-08
0.513554 3.76815e-09 -5.2233e-09 1.65136e-08 -7.72287e-08 2.02818e-08 -8.2452e-08
0.51403 3.61431e-09 -4.85613e-09 1.72463e-08 -7.75985e-08 2.08607e-08 -8.24546e-08
0.514507 3.45342e-09 -4.49735e-09 1.79373e-08 -7.78881e-08 2.13907e-08 -8.23854e-08
0.514984 3.28617e-09 -4.14786e-09 1.85865e-08 -7.80971e-08 2.18727e-08 -8.2245e-08
0.515461 3.11327e-09 -3.80845e-09 1.91941e-08 -7.82255e-08 2.23073e-08 -8.2034e-08
0.515938 2.93543e-09 -3.47983e-09 1.97602e-08 -7.82735e-08 2.26956e-08 -8.17533e-08
0.516415 2.75337e-09 -3.16265e-09 2.02852e-08 -7.82417e-08 2.30385e-08 -8.14044e-08
0.516891 2.56777e-09 -2.85745e-09 2.07695e-08 -7.81311e-08 2.33373e-08 -8.09886e-08
0.517368 2.37936e-09 -2.5647e-09 2.12137e-08 -7.79429e-08 2.35931e-08 -8.05076e-08
0.517845 2.1888e-09 -2.28479e-09 2.16185e-08 -7.76787e-08 2.38073e-08 -7.99635e-08
0.518322 1.99678e-09 -2.01802e-09 2.19846e-08 -7.73402e-08 2.39814e-08 -7.93583e-08
0.518799 1.80394e-09 -1.76462e-09 2.23128e-08 -7.69296e-08 2.41167e-08 -7.86942e-08
0.519276 1.61092e-09 -1.52475e-09 2.26039e-08 -7.64491e-08 2.42148e-08 -7.79738e-08
0.519753 1.41831e-09 -1.2985e-09 2.2859e-08 -7.59012e-08 2.42773e-08 -7.71997e-08
0.520229 1.22671e-09 -1.0859e-09 2.30791e-08 -7.52886e-08 2.43058e-08 -7.63745e-08
0.520706 1.03665e-09 -8.86891e-10 2.32651e-08 -7.46142e-08 2.43017e-08 -7.55011e-08
0.521183 8.48661e-10 -7.01387e-10 2.34182e-08 -7.38809e-08 2.42669e-08 -7.45823e-08
0.52166 6.63228e-10 -5.29235e-10 2.35396e-08 -7.30919e-08 2.42028e-08 -7.36211e-08
0.522137 4.80807e-10 -3.70231e-10 2.36304e-08 -7.22503e-08 2.41112e-08 -7.26205e-08
0.522614 3.0182e-10 -2.24129e-10 2.36918e-08 -7.13594e-08 2.39936e-08 -7.15835e-08
0.52309 1.26655e-10 -9.06423e-11 2.3725e-08 -7.04226e-08 2.38516e-08 -7.05132e-08
0.523567 -4.43332e-11 3.05545e-11 2.37312e-08 -6.94432e-08 2.36869e-08 -6.94126e-08
0.524044 -2.10825e-10 1.39818e-10 2.37118e-08 -6.84246e-08 2.35009e-08 -6.82848e-08
0.524521 -3.72532e-10 2.37532e-10 2.36678e-08 -6.73702e-08 2.32952e-08 -6.71326e-08
0.524998 -5.29202e-10 3.24106e-10 2.36005e-08 -6.62833e-08 2.30713e-08 -6.59592e-08
0.525475 -6.80612e-10 3.99969e-10 2.35112e-08 -6.51672e-08 2.28306e-08 -6.47672e-08
0.525951 -8.26573e-10 4.65566e-10 2.34011e-08 -6.40253e-08 2.25745e-08 -6.35597e-08
0.526428 -9.66925e-10 5.21357e-10 2.32713e-08 -6.28606e-08 2.23043e-08 -6.23393e-08
0.526905 -1.10154e-09 5.6781e-10 2.3123e-08 -6.16765e-08 2.20215e-08 -6.11087e-08
0.527382 -1.23031e-09 6.054e-10 2.29574e-08 -6.04759e-08 2.17271e-08 -5.98705e-08
0.527859 -1.35317e-09 6.34606e-10 2.27757e-08 -5.92618e-08 2.14225e-08 -5.86272e-08
0.528336 -1.47006e-09 6.55906e-10 2.25788e-08 -5.8037e-08 2.11087e-08 -5.73811e-08
0.528812 -1.58096e-09 6.6978e-10 2.2368e-08 -5.68043e-08 2.0787e-08 -5.61345e-08
0.529289 -1.68587e-09 6.76701e-10 2.21441e-08 -5.55663e-08 2.04583e-08 -5.48896e-08
0.529766 -1.7848e-09 6.77137e-10 2.19084e-08 -5.43256e-08 2.01236e-08 -5.36485e-08
0.530243 -1.8778e-09 6.71549e-10 2.16617e-08 -5.30846e-08 1.97839e-08 -5.24131e-08
0.53072 -1.96491e-09 6.60389e-10 2.14049e-08 -5.18455e-08 1.944e-08 -5.11851e-08
0.531197 -2.04622e-09 6.44097e-10 2.11391e-08 -5.06105e-08 1.90928e-08 -4.99664e-08
0.531673 -2.12181e-09 6.231e-10 2.0865e-08 -4.93816e-08 1.87432e-08 -4.87585e-08
0.53215 -2.19177e-09 5.97814e-10 2.05835e-08 -4.81606e-08 1.83917e-08 -4.75628e-08
0.532627 -2.25623e-09 5.6864e-10 2.02955e-08 -4.69494e-08 1.80392e-08 -4.63808e-08
0.533104 -2.31531e-09 5.35963e-10 2.00016e-08 -4.57497e-08 1.76863e-08 -4.52137e-08
0.533581 -2.36914e-09 5.00155e-10 1.97027e-08 -4.45628e-08 1.73335e-08 -4.40627e-08
0.534058 -2.41787e-09 4.61569e-10 1.93993e-08 -4.33903e-08 1.69815e-08 -4.29287e-08
0.534534 -2.46164e-09 4.20545e-10 1.90923e-08 -4.22333e-08 1.66306e-08 -4.18128e-08
0.535011 -2.50061e-09 3.77404e-10 1.87821e-08 -4.10931e-08 1.62815e-08 -4.07157e-08
0.535488 -2.53495e-09 3.32451e-10 1.84695e-08 -3.99707e-08 1.59346e-08 -3.96383e-08
0.535965 -2.5648e-09 2.85976e-10 1.81549e-08 -3.88671e-08 1.55901e-08 -3.85811e-08
0.536442 -2.59036e-09 2.38251e-10 1.7839e-08 -3.7783e-08 1.52486e-08 -3.75447e-08
0.536919 -2.61177e-09 1.89531e-10 1.75221e-08 -3.67192e-08 1.49103e-08 -3.65297e-08
0.537395 -2.62921e-09 1.40058e-10 1.72047e-08 -3.56764e-08 1.45755e-08 -3.55364e-08
0.537872 -2.64286e-09 9.0054e-11 1.68874e-08 -3.46551e-08 1.42446e-08 -3.45651e-08
0.538349 -2.65289e-09 3.97293e-11 1.65705e-08 -3.36558e-08 1.39176e-08 -3.36161e-08
0.538826 -2.65946e-09 -1.07225e-11 1.62544e-08 -3.26788e-08 1.35949e-08 -3.26895e-08
0.539303 -2.66274e-09 -6.1122e-11 1.59394e-08 -3.17245e-08 1.32767e-08 -3.17856e-08
0.53978 -2.66291e-09 -1.11304e-10 1.56259e-08 -3.0793e-08 1.2963e-08 -3.09043e-08
0.540257 -2.66012e-09 -1.61117e-10 1.53142e-08 -2.98846e-08 1.26541e-08 -3.00457e-08
0.540733 -2.65454e-09 -2.10421e-10 1.50045e-08 -2.89993e-08 1.235e-08 -2.92097e-08
0.54121 -2.64633e-09 -2.59091e-10 1.46972e-08 -2.81372e-08 1.20509e-08 -2.83963e-08
0.541687 -2.63563e-09 -3.07012e-10 1.43924e-08 -2.72983e-08 1.17568e-08 -2.76053e-08
0.542164 -2.62262e-09 -3.54082e-10 1.40904e-08 -2.64824e-08 1.14678e-08 -2.68365e-08
0.542641 -2.60742e-09 -4.00207e-10 1.37914e-08 -2.56895e-08 1.1184e-08 -2.60897e-08
0.543118 -2.59018e-09 -4.45307e-10 1.34956e-08 -2.49194e-08 1.09054e-08 -2.53647e-08
0.543594 -2.57105e-09 -4.89308e-10 1.3203e-08 -2.4172e-08 1.0632e-08 -2.46613e-08
0.544071 -2.55015e-09 -5.32149e-10 1.29139e-08 -2.34469e-08 1.03638e-08 -2.3979e-08
0.544548 -2.52762e-09 -5.73773e-10 1.26285e-08 -2.27439e-08 1.01009e-08 -2.33177e-08
0.545025 -2.50358e-09 -6.14135e-10 1.23467e-08 -2.20627e-08 9.84315e-09 -2.26769e-08
0.545502 -2.47816e-09 -6.53197e-10 1.20688e-08 -2.1403e-08 9.59064e-09 -2.20562e-08
0.545979 -2.45146e-09 -6.90925e-10 1.17948e-08 -2.07645e-08 9.34332e-09 -2.14554e-08
0.546455 -2.4236e-09 -7.27295e-10 1.15247e-08 -2.01467e-08 9.10115e-09 -2.0874e-08
0.546932 -2.39468e-09 -7.62288e-10 1.12588e-08 -1.95493e-08 8.86408e-09 -2.03115e-08
0.547409 -2.36482e-09 -7.95889e-10 1.09969e-08 -1.89718e-08 8.63208e-09 -1.97677e-08
0.547886 -2.33409e-09 -8.28092e-10 1.07392e-08 -1.84139e-08 8.4051e-09 -1.9242e-08
0.548363 -2.30261e-09 -8.58892e-10 1.04857e-08 -1.78752e-08 8.18307e-09 -1.87341e-08
0.54884 -2.27044e-09 -8.8829e-10 1.02364e-08 -1.73552e-08 7.96595e-09 -1.82435e-08
0.549316 -2.23769e-09 -9.16292e-10 9.99135e-09 -1.68534e-08 7.75366e-09 -1.77697e-08
0.549793 -2.20442e-09 -9.42905e-10 9.75056e-09 -1.63694e-08 7.54614e-09 -1.73123e-08
0.55027 -2.17071e-09 -9.68141e-10 9.51404e-09 -1.59028e-08 7.34333e-09 -1.68709e-08
0.550747 -2.13664e-09 -9.92016e-10 9.28179e-09 -1.54531e-08 7.14514e-09 -1.64451e-08
0.551224 -2.10227e-09 -1.01455e-09 9.05379e-09 -1.50198e-08 6.95152e-09 -1.60344e-08
0.551701 -2.06766e-09 -1.03575e-09 8.83004e-09 -1.46026e-08 6.76238e-09 -1.56383e-08
0.552177 -2.03288e-09 -1.05566e-09 8.61053e-09 -1.42009e-08 6.57765e-09 -1.52565e-08
0.552654 -1.99797e-09 -1.07429e-09 8.39523e-09 -1.38142e-08 6.39725e-09 -1.48885e-08
0.553131 -1.963e-09 -1.09166e-09 8.18411e-09 -1.34422e-08 6.22111e-09 -1.45339e-08
0.553608 -1.92801e-09 -1.10782e-09 7.97716e-09 -1.30844e-08 6.04915e-09 -1.41923e-08
0.554085 -1.89305e-09 -1.12277e-09 7.77434e-09 -1.27404e-08 5.88129e-09 -1.38632e-08
0.554562 -1.85815e-09 -1.13656e-09 7.57562e-09 -1.24097e-08 5.71746e-09 -1.35463e-08
0.555038 -1.82337e-09 -1.14921e-09 7.38095e-09 -1.20919e-08 5.55758e-09 -1.32411e-08
0.555515 -1.78874e-09 -1.16076e-09 7.19031e-09 -1.17866e-08 5.40157e-09 -1.29474e-08
0.555992 -1.75428e-09 -1.17123e-09 7.00364e-09 -1.14934e-08 5.24936e-09 -1.26646e-08
0.556469 -1.72004e-09 -1.18066e-09 6.82091e-09 -1.12118e-08 5.10086e-09 -1.23925e-08
0.556946 -1.68604e-09 -1.18908e-09 6.64206e-09 -1.09415e-08 4.95602e-09 -1.21306e-08
0.557423 -1.65231e-09 -1.19652e-09 6.46706e-09 -1.06821e-08 4.81475e-09 -1.18786e-08
0.557899 -1.61888e-09 -1.20302e-09 6.29586e-09 -1.04332e-08 4.67698e-09 -1.16362e-08
0.558376 -1.58577e-09 -1.2086e-09 6.12841e-09 -1.01944e-08 4.54264e-09 -1.1403e-08
0.558853 -1.55299e-09 -1.2133e-09 5.96465e-09 -9.96546e-09 4.41166e-09 -1.11788e-08
0.55933 -1.52057e-09 -1.21716e-09 5.80454e-09 -9.74589e-09 4.28397e-09 -1.0963e-08
0.559807 -1.48852e-09 -1.2202e-09 5.64802e-09 -9.5354e-09 4.1595e-09 -1.07556e-08
0.560284 -1.45686e-09 -1.22245e-09 5.49505e-09 -9.33366e-09 4.03819e-09 -1.05561e-08
0.56076 -1.42561e-09 -1.22395e-09 5.34557e-09 -9.14034e-09 3.91997e-09 -1.03643e-08
0.561237 -1.39476e-09 -1.22472e-09 5.19954e-09 -8.95513e-09 3.80477e-09 -1.01799e-08
0.561714 -1.36435e-09 -1.22481e-09 5.05689e-09 -8.77771e-09 3.69254e-09 -1.00025e-08
0.562191 -1.33437e-09 -1.22422e-09 4.91758e-09 -8.6078e-09 3.58321e-09 -9.83202e-09
0.562668 -1.30483e-09 -1.22301e-09 4.78155e-09 -8.4451e-09 3.47672e-09 -9.6681e-09
0.563145 -1.27574e-09 -1.22118e-09 4.64876e-09 -8.28933e-09 3.37302e-09 -9.51051e-09
0.563622 -1.24711e-09 -1.21878e-09 4.51915e-09 -8.14023e-09 3.27204e-09 -9.35901e-09
0.564098 -1.21893e-09 -1.21582e-09 4.39266e-09 -7.99753e-09 3.17373e-09 -9.21335e-09
0.564575 -1.19122e-09 -1.21234e-09 4.26926e-09 -7.86098e-09 3.07804e-09 -9.07332e-09
0.565052 -1.16398e-09 -1.20836e-09 4.14888e-09 -7.73033e-09 2.9849e-09 -8.93869e-09
0.565529 -1.1372e-09 -1.20391e-09 4.03148e-09 -7.60534e-09 2.89428e-09 -8.80925e-09
0.566006 -1.1109e-09 -1.199e-09 3.91701e-09 -7.4858e-09 2.80611e-09 -8.6848e-09
0.566483 -1.08506e-09 -1.19367e-09 3.80542e-09 -7.37146e-09 2.72036e-09 -8.56513e-09
0.566959 -1.0597e-09 -1.18793e-09 3.69666e-09 -7.26214e-09 2.63696e-09 -8.45007e-09
0.567436 -1.0348e-09 -1.18182e-09 3.59068e-09 -7.15761e-09 2.55588e-09 -8.33942e-09
0.567913 -1.01037e-09 -1.17534e-09 3.48744e-09 -7.05767e-09 2.47706e-09 -8.23301e-09
0.56839 -9.86406e-10 -1.16852e-09 3.38688e-09 -6.96215e-09 2.40047e-09 -8.13067e-09
0.568867 -9.62905e-10 -1.16139e-09 3.28896e-09 -6.87085e-09 2.32606e-09 -8.03224e-09
0.569344 -9.39862e-10 -1.15395e-09 3.19364e-09 -6.7836e-09 2.25378e-09 -7.93755e-09
0.56982 -9.17277e-10 -1.14624e-09 3.10087e-09 -6.70022e-09 2.1836e-09 -7.84646e-09
0.570297 -8.95143e-10 -1.13826e-09 3.01061e-09 -6.62055e-09 2.11547e-09 -7.75881e-09
0.570774 -8.73459e-10 -1.13004e-09 2.92281e-09 -6.54443e-09 2.04936e-09 -7.67447e-09
0.571251 -8.52218e-10 -1.12159e-09 2.83744e-09 -6.47172e-09 1.98522e-09 -7.59331e-09
0.571728 -8.31416e-10 -1.11293e-09 2.75444e-09 -6.40226e-09 1.92302e-09 -7.51519e-09
0.572205 -8.11049e-10 -1.10407e-09 2.67378e-09 -6.33591e-09 1.86273e-09 -7.43998e-09
0.572681 -7.9111e-10 -1.09504e-09 2.59542e-09 -6.27254e-09 1.80431e-09 -7.36758e-09
0.573158 -7.71595e-10 -1.08583e-09 2.51931e-09 -6.21202e-09 1.74771e-09 -7.29785e-09
0.573635 -7.52498e-10 -1.07647e-09 2.44542e-09 -6.15423e-09 1.69292e-09 -7.2307e-09
0.574112 -7.33814e-10 -1.06698e-09 2.37371e-09 -6.09903e-09 1.63989e-09 -7.16601e-09
0.574589 -7.15535e-10 -1.05735e-09 2.30414e-09 -6.04633e-09 1.5886e-09 -7.10368e-09
0.575066 -6.97657e-10 -1.04761e-09 2.23667e-09 -5.99601e-09 1.53902e-09 -7.04362e-09
0.575542 -6.80173e-10 -1.03777e-09 2.17127e-09 -5.94796e-09 1.4911e-09 -6.98573e-09
0.576019 -6.63077e-10 -1.02784e-09 2.10791e-09 -5.90208e-09 1.44483e-09 -6.92992e-09
0.576496 -6.46363e-10 -1.01783e-09 2.04654e-09 -5.85828e-09 1.40017e-09 -6.8761e-09
0.576973 -6.30023e-10 -1.00774e-09 1.98713e-09 -5.81645e-09 1.3571e-09 -6.8242e-09
0.57745 -6.14053e-10 -9.97597e-10 1.92965e-09 -5.77652e-09 1.31559e-09 -6.77412e-09
0.577927 -5.98446e-10 -9.874e-10 1.87406e-09 -5.7384e-09 1.27561e-09 -6.7258e-09
0.578403 -5.83194e-10 -9.77159e-10 1.82034e-09 -5.702e-09 1.23714e-09 -6.67916e-09
0.57888 -5.68292e-10 -9.66884e-10 1.76844e-09 -5.66724e-09 1.20015e-09 -6.63413e-09
0.579357 -5.53733e-10 -9.56583e-10 1.71834e-09 -5.63406e-09 1.16461e-09 -6.59064e-09
0.579834 -5.39512e-10 -9.46263e-10 1.67002e-09 -5.60237e-09 1.1305e-09 -6.54864e-09
0.580311 -5.2562e-10 -9.35932e-10 1.62343e-09 -5.57211e-09 1.0978e-09 -6.50805e-09
0.580788 -5.12053e-10 -9.25596e-10 1.57854e-09 -5.54322e-09 1.06649e-09 -6.46881e-09
0.581264 -4.98803e-10 -9.15262e-10 1.53534e-09 -5.51562e-09 1.03653e-09 -6.43088e-09
0.581741 -4.85865e-10 -9.04936e-10 1.49378e-09 -5.48926e-09 1.00792e-09 -6.3942e-09
0.582218 -4.73232e-10 -8.94624e-10 1.45385e-09 -5.46409e-09 9.80615e-10 -6.35871e-09
0.582695 -4.60899e-10 -8.84332e-10 1.41551e-09 -5.44004e-09 9.5461e-10 -6.32437e-09
0.583172 -4.48858e-10 -8.74064e-10 1.37874e-09 -5.41706e-09 9.29879e-10 -6.29113e-09
0.583649 -4.37104e-10 -8.63827e-10 1.34351e-09 -5.39511e-09 9.06402e-10 -6.25893e-09
0.584126 -4.25631e-10 -8.53624e-10 1.30979e-09 -5.37412e-09 8.84158e-10 -6.22775e-09
0.584602 -4.14432e-10 -8.4346e-10 1.27756e-09 -5.35407e-09 8.63129e-10 -6.19753e-09
0.585079 -4.03503e-10 -8.33339e-10 1.2468e-09 -5.3349e-09 8.43295e-10 -6.16824e-09
0.585556 -3.92838e-10 -8.23265e-10 1.21747e-09 -5.31657e-09 8.24636e-10 -6.13984e-09
0.586033 -3.8243e-10 -8.13242e-10 1.18956e-09 -5.29905e-09 8.07135e-10 -6.11229e-09
0.58651 -3.72274e-10 -8.03274e-10 1.16305e-09 -5.28228e-09 7.90773e-10 -6.08555e-09
0.586987 -3.62364e-10 -7.93363e-10 1.1379e-09 -5.26624e-09 7.75532e-10 -6.0596e-09
0.587463 -3.52696e-10 -7.83512e-10 1.11409e-09 -5.25089e-09 7.61396e-10 -6.0344e-09
0.58794 -3.43263e-10 -7.73725e-10 1.09161e-09 -5.2362e-09 7.48346e-10 -6.00992e-09
0.588417 -3.34061e-10 -7.64003e-10 1.07043e-09 -5.22213e-09 7.36366e-10 -5.98614e-09
0.588894 -3.25084e-10 -7.5435e-10 1.05052e-09 -5.20866e-09 7.25439e-10 -5.96301e-09
0.589371 -3.16328e-10 -7.44768e-10 1.03188e-09 -5.19576e-09 7.15549e-10 -5.94052e-09
0.589848 -3.07786e-10 -7.35258e-10 1.01447e-09 -5.18339e-09 7.0668e-10 -5.91865e-09
0.590324 -2.99455e-10 -7.25824e-10 9.98271e-10 -5.17153e-09 6.98816e-10 -5.89736e-09
0.590801 -2.91329e-10 -7.16465e-10 9.83271e-10 -5.16016e-09 6.91942e-10 -5.87663e-09
0.591278 -2.83404e-10 -7.07185e-10 9.69445e-10 -5.14925e-09 6.86042e-10 -5.85644e-09
0.591755 -2.75675e-10 -6.97985e-10 9.56775e-10 -5.13879e-09 6.81101e-10 -5.83677e-09
0.592232 -2.68137e-10 -6.88866e-10 9.45241e-10 -5.12873e-09 6.77104e-10 -5.8176e-09
0.592709 -2.60786e-10 -6.79829e-10 9.34824e-10 -5.11908e-09 6.74038e-10 -5.79891e-09
0.593185 -2.53618e-10 -6.70875e-10 9.25505e-10 -5.1098e-09 6.71887e-10 -5.78068e-09
0.593662 -2.46629e-10 -6.62006e-10 9.17266e-10 -5.10088e-09 6.70637e-10 -5.76289e-09
0.594139 -2.39813e-10 -6.53223e-10 9.10087e-10 -5.0923e-09 6.70274e-10 -5.74552e-09
0.594616 -2.33168e-10 -6.44525e-10 9.03953e-10 -5.08404e-09 6.70785e-10 -5.72857e-09
0.595093 -2.26688e-10 -6.35914e-10 8.98844e-10 -5.07609e-09 6.72156e-10 -5.71201e-09
0.59557 -2.20371e-10 -6.27391e-10 8.94744e-10 -5.06843e-09 6.74373e-10 -5.69582e-09
0.596046 -2.14212e-10 -6.18956e-10 8.91635e-10 -5.06105e-09 6.77423e-10 -5.68e-09
0.596523 -2.08207e-10 -6.10609e-10 8.89501e-10 -5.05393e-09 6.81294e-10 -5.66454e-09
0.597 -2.02353e-10 -6.0235e-10 8.88324e-10 -5.04705e-09 6.85971e-10 -5.6494e-09
0.597477 -1.96646e-10 -5.94181e-10 8.88089e-10 -5.04042e-09 6.91443e-10 -5.6346e-09
0.597954 -1.91082e-10 -5.86101e-10 8.88779e-10 -5.03401e-09 6.97697e-10 -5.62011e-09
0.598431 -1.85658e-10 -5.7811e-10 8.90378e-10 -5.02781e-09 7.0472e-10 -5.60592e-09
0.598907 -1.80371e-10 -5.70209e-10 8.92871e-10 -5.02181e-09 7.125e-10 -5.59202e-09
0.599384 -1.75218e-10 -5.62396e-10 8.96242e-10 -5.016e-09 7.21025e-10 -5.5784e-09
