0.398636 5.60223e-11 2.06204e-11 -5.71079e-11 1.12789e-09 -1.08562e-12 1.14851e-09
0.400543 6.39517e-11 2.39186e-11 -6.62551e-11 1.2676e-09 -2.30332e-12 1.29152e-09
0.402451 7.31488e-11 2.78091e-11 -7.70517e-11 1.42675e-09 -3.90293e-12 1.45456e-09
0.404358 8.38396e-11 3.24101e-11 -8.98298e-11 1.60835e-09 -5.99029e-12 1.64076e-09
0.406265 9.62947e-11 3.7866e-11 -1.04995e-10 1.81589e-09 -8.70069e-12 1.85376e-09
0.408173 1.10839e-10 4.43532e-11 -1.23046e-10 2.0535e-09 -1.22074e-11 2.09785e-09
0.41008 1.27863e-10 5.20885e-11 -1.44595e-10 2.32596e-09 -1.67329e-11 2.37805e-09
0.411987 1.47837e-10 6.13384e-11 -1.704e-10 2.63894e-09 -2.25633e-11 2.70028e-09
0.413895 1.71332e-10 7.24327e-11 -2.014e-10 2.99907e-09 -3.00678e-11 3.07151e-09
0.415802 1.99037e-10 8.57798e-11 -2.38762e-10 3.41417e-09 -3.97242e-11 3.49995e-09
0.417709 2.31794e-10 1.01887e-10 -2.83946e-10 3.89344e-09 -5.21522e-11 3.99533e-09
0.419617 2.70624e-10 1.2139e-10 -3.38783e-10 4.44777e-09 -6.81585e-11 4.56916e-09
0.421524 3.1678e-10 1.4508e-10 -4.05576e-10 5.08998e-09 -8.87968e-11 5.23506e-09
0.423431 3.71794e-10 1.73956e-10 -4.87241e-10 5.83527e-09 -1.15448e-10 6.00923e-09
0.425339 4.37551e-10 2.09275e-10 -5.87479e-10 6.7016e-09 -1.49928e-10 6.91087e-09
0.427246 5.16374e-10 2.52631e-10 -7.11009e-10 7.7102e-09 -1.94636e-10 7.96284e-09
0.429153 6.11131e-10 3.06047e-10 -8.63882e-10 8.88622e-09 -2.52751e-10 9.19227e-09
0.431061 7.25379e-10 3.72104e-10 -1.05388e-09 1.02594e-08 -3.28506e-10 1.06315e-08
0.432968 8.63531e-10 4.54107e-10 -1.29109e-09 1.18647e-08 -4.27562e-10 1.23188e-08
0.434875 1.03108e-09 5.56301e-10 -1.5886e-09 1.37436e-08 -5.57519e-10 1.42999e-08
0.436783 1.23489e-09 6.84163e-10 -1.96352e-09 1.59446e-08 -7.28633e-10 1.66288e-08
0.43869 1.48351e-09 8.44779e-10 -2.43832e-09 1.85244e-08 -9.54807e-10 1.93692e-08
0.440598 1.78769e-09 1.04736e-09 -3.04266e-09 2.15491e-08 -1.25498e-09 2.25964e-08
0.442505 2.16085e-09 1.30389e-09 -3.8159e-09 2.50944e-08 -1.65506e-09 2.63983e-08
0.444412 2.61985e-09 1.63007e-09 -4.81055e-09 2.92468e-08 -2.19071e-09 3.08769e-08
0.44632 3.18582e-09 2.04645e-09 -6.09703e-09 3.41026e-08 -2.91121e-09 3.61491e-08
0.448227 3.88525e-09 2.58003e-09 -7.77028e-09 3.97667e-08 -3.88503e-09 4.23467e-08
0.450134 4.75122e-09 3.26634e-09 -9.95898e-09 4.63483e-08 -5.20776e-09 4.96146e-08
0.452042 5.82492e-09 4.15217e-09 -1.28384e-08 5.3954e-08 -7.01343e-09 5.81062e-08
0.453949 7.15733e-09 5.29913e-09 -1.66482e-08 6.26743e-08 -9.49087e-09 6.79734e-08
0.455856 8.81097e-09 6.78817e-09 -2.17181e-08 7.2562e-08 -1.29071e-08 7.93502e-08
0.457764 1.08615e-08 8.72528e-09 -2.85026e-08 8.35977e-08 -1.76411e-08 9.2323e-08
0.459671 1.33987e-08 1.12483e-08 -3.76308e-08 9.56358e-08 -2.42321e-08 1.06884e-07
0.461578 1.65259e-08 1.45346e-08 -4.99742e-08 1.08323e-07 -3.34483e-08 1.22857e-07
0.463486 2.03569e-08 1.88088e-08 -6.67417e-08 1.20979e-07 -4.63849e-08 1.39788e-07
0.465393 2.50073e-08 2.43483e-08 -8.96066e-08 1.32428e-07 -6.45993e-08 1.56776e-07
0.4673 3.05778e-08 3.14823e-08 -1.20875e-07 1.40764e-07 -9.02972e-08 1.72246e-07
0.469208 3.71236e-08 4.05763e-08 -1.637e-07 1.4305e-07 -1.26576e-07 1.83626e-07
0.471115 4.46039e-08 5.19886e-08 -2.22334e-07 1.34959e-07 -1.7773e-07 1.86948e-07
0.473022 5.28058e-08 6.59738e-08 -3.02393e-07 1.10397e-07 -2.49587e-07 1.7637e-07
0.47493 6.12366e-08 8.25023e-08 -4.11054e-07 6.12216e-08 -3.49817e-07 1.43724e-07
0.476837 6.89922e-08 1.00947e-07 -5.57029e-07 -2.2723e-08 -4.88037e-07 7.82245e-08
0.478745 7.46297e-08 1.19598e-07 -7.50013e-07 -1.52925e-07 -6.75384e-07 -3.33273e-08
0.480652 7.61141e-08 1.34978e-07 -9.99145e-07 -3.40409e-07 -9.23031e-07 -2.05431e-07
0.482559 7.09701e-08 1.41063e-07 -1.30984e-06 -5.92432e-07 -1.23887e-06 -4.5137e-07
0.484467 5.68235e-08 1.28674e-07 -1.67839e-06 -9.07741e-07 -1.62156e-06 -7.79066e-07
0.486374 3.25003e-08 8.56735e-08 -2.08434e-06 -1.27158e-06 -2.05184e-06 -1.1859e-06
0.488281 -3.57008e-10 -1.12874e-09 -2.48214e-06 -1.65338e-06 -2.48249e-06 -1.6545e-06
0.490189 -3.56954e-08 -1.41455e-07 -2.79625e-06 -2.0114e-06 -2.83194e-06 -2.15286e-06
0.492096 -6.26975e-08 -3.34572e-07 -2.92662e-06 -2.30725e-06 -2.98931e-06 -2.64183e-06
0.494003 -6.81806e-08 -5.6218e-07 -2.77116e-06 -2.52684e-06 -2.83934e-06 -3.08902e-06
0.495911 -4.22541e-08 -7.86095e-07 -2.26488e-06 -2.69504e-06 -2.30713e-06 -3.48114e-06
0.497818 1.48318e-08 -9.55745e-07 -1.42168e-06 -2.86747e-06 -1.40685e-06 -3.82322e-06
0.499725 8.92233e-08 -1.02573e-06 -3.53539e-07 -3.0946e-06 -2.64316e-07 -4.12033e-06
0.501633 1.57323e-07 -9.75636e-07 7.53516e-07 -3.37845e-06 9.10839e-07 -4.35409e-06
0.50354 1.9608e-07 -8.20039e-07 1.7018e-06 -3.65611e-06 1.89788e-06 -4.47614e-06
0.505447 1.93506e-07 -6.01684e-07 2.35042e-06 -3.82727e-06 2.54393e-06 -4.42896e-06
0.507355 1.52779e-07 -3.72522e-07 2.65288e-06 -3.80754e-06 2.80566e-06 -4.18006e-06
0.509262 8.83696e-08 -1.74465e-07 2.64998e-06 -3.56952e-06 2.73835e-06 -3.74399e-06
0.511169 1.80669e-08 -2.94562e-08 2.43271e-06 -3.14866e-06 2.45078e-06 -3.17812e-06
0.513077 -4.38528e-08 5.97287e-08 2.10088e-06 -2.61927e-06 2.05702e-06 -2.55954e-06
0.514984 -8.96304e-08 1.02519e-07 1.73567e-06 -2.06201e-06 1.64604e-06 -1.95949e-06
0.516891 -1.17564e-07 1.1289e-07 1.38979e-06 -1.54058e-06 1.27222e-06 -1.42769e-06
0.518799 -1.29877e-07 1.04081e-07 1.0899e-06 -1.09292e-06 9.60028e-07 -9.8884e-07
0.520706 -1.30486e-07 8.61867e-08 8.44214e-07 -7.33371e-07 7.13728e-07 -6.47184e-07
0.522614 -1.23441e-07 6.57835e-08 6.50228e-07 -4.59825e-07 5.26786e-07 -3.94041e-07
0.524521 -1.12122e-07 4.65575e-08 5.00594e-07 -2.6119e-07 3.88472e-07 -2.14632e-07
0.526428 -9.89956e-08 3.01945e-08 3.86683e-07 -1.23063e-07 2.87687e-07 -9.28684e-08
0.528336 -8.56793e-08 1.71667e-08 3.0043e-07 -3.12062e-08 2.1475e-07 -1.40395e-08
0.530243 -7.31225e-08 7.30323e-09 2.35067e-07 2.67431e-08 1.61945e-07 3.40463e-08
0.53215 -6.18047e-08 1.51992e-10 1.85257e-07 6.07138e-08 1.23452e-07 6.08658e-08
0.534058 -5.19013e-08 -4.81424e-09 1.46943e-07 7.82694e-08 9.50417e-08 7.34551e-08
0.535965 -4.34073e-08 -8.09394e-09 1.17117e-07 8.49527e-08 7.37095e-08 7.68588e-08
0.537872 -3.62207e-08 -1.01137e-08 9.35788e-08 8.47041e-08 5.73581e-08 7.45904e-08
0.53978 -3.01959e-08 -1.12177e-08 7.47332e-08 8.02534e-08 4.45373e-08 6.90357e-08
0.541687 -2.51755e-08 -1.16733e-08 5.94252e-08 7.34471e-08 3.42497e-08 6.17737e-08
0.543594 -2.10076e-08 -1.16823e-08 4.68187e-08 6.55037e-08 2.58111e-08 5.38214e-08
0.545502 -1.75543e-08 -1.13937e-08 3.63055e-08 5.72048e-08 1.87513e-08 4.58111e-08
0.547409 -1.46952e-08 -1.09158e-08 2.74407e-08 4.90332e-08 1.27455e-08 3.81174e-08
0.549316 -1.23274e-08 -1.03258e-08 1.98957e-08 4.12711e-08 7.56822e-09 3.09453e-08
0.551224 -1.03648e-08 -9.67785e-09 1.34254e-08 3.40687e-08 3.06062e-09 2.43909e-08
0.553131 -8.73551e-09 -9.00928e-09 7.8451e-09 2.74911e-08 -8.90409e-10 1.84818e-08
0.555038 -7.38044e-09 -8.34508e-09 3.01353e-09 2.15499e-08 -4.36691e-09 1.32049e-08
0.556946 -6.251e-09 -7.70151e-09 -1.17864e-09 1.62249e-08 -7.42964e-09 8.52337e-09
0.558853 -5.30741e-09 -7.08862e-09 -4.81724e-09 1.14776e-08 -1.01246e-08 4.38903e-09
0.56076 -4.51711e-09 -6.51209e-09 -7.97059e-09 7.26104e-09 -1.24877e-08 7.48953e-10
0.562668 -3.85351e-09 -5.97462e-09 -1.06939e-08 3.52473e-09 -1.45474e-08 -2.44989e-09
0.564575 -3.29483e-09 -5.47686e-09 -1.30322e-08 2.18751e-10 -1.6327e-08 -5.25811e-09
0.566483 -2.82326e-09 -5.01815e-09 -1.50229e-08 -2.70443e-09 -1.78462e-08 -7.72258e-09
0.56839 -2.42417e-09 -4.59694e-09 -1.66976e-08 -5.28881e-09 -1.91218e-08 -9.88575e-09
0.570297 -2.08555e-09 -4.2112e-09 -1.8083e-08 -7.57439e-09 -2.01686e-08 -1.17856e-08
0.572205 -1.79751e-09 -3.85862e-09 -1.92021e-08 -9.59703e-09 -2.09996e-08 -1.34557e-08
0.574112 -1.5519e-09 -3.53678e-09 -2.00748e-08 -1.13886e-08 -2.16267e-08 -1.49254e-08
0.576019 -1.34196e-09 -3.24326e-09 -2.07189e-08 -1.29773e-08 -2.20609e-08 -1.62205e-08
0.577927 -1.1621e-09 -2.9757e-09 -2.11499e-08 -1.43877e-08 -2.2312e-08 -1.73634e-08
0.579834 -1.00766e-09 -2.73187e-09 -2.13819e-08 -1.56415e-08 -2.23896e-08 -1.83734e-08
0.581741 -8.74756e-10 -2.50966e-09 -2.14276e-08 -1.67576e-08 -2.23024e-08 -1.92673e-08
0.583649 -7.60157e-10 -2.30712e-09 -2.12986e-08 -1.77523e-08 -2.20587e-08 -2.00594e-08
0.585556 -6.61144e-10 -2.12245e-09 -2.10054e-08 -1.864e-08 -2.16666e-08 -2.07624e-08
0.587463 -5.75435e-10 -1.954e-09 -2.05581e-08 -1.94329e-08 -2.11335e-08 -2.13869e-08
0.589371 -5.01109e-10 -1.80025e-09 -1.99658e-08 -2.0142e-08 -2.04669e-08 -2.19422e-08
0.591278 -4.36545e-10 -1.65985e-09 -1.92372e-08 -2.07764e-08 -1.96738e-08 -2.24363e-08
0.593185 -3.8037e-10 -1.53154e-09 -1.83806e-08 -2.13444e-08 -1.8761e-08 -2.2876e-08
0.595093 -3.31419e-10 -1.41421e-09 -1.74038e-08 -2.18529e-08 -1.77352e-08 -2.32671e-08
0.597 -2.88704e-10 -1.30682e-09 -1.63142e-08 -2.23081e-08 -1.66029e-08 -2.3615e-08
