0.399828 5.15375e-15 6.60543e-16 2.35372e-14 1.09908e-13 -1.74165e-20 3.54844e-20 5.05745e-14 2.19455e-13 5.57282e-14 2.20115e-13
0.400186 5.63095e-15 7.23763e-16 2.66064e-14 1.11473e-13 1.89179e-20 -3.61649e-20 5.67934e-14 2.22528e-13 6.24243e-14 2.23252e-13
0.400543 5.44538e-15 7.02032e-16 2.49122e-14 1.15393e-13 -1.82013e-20 3.71191e-20 5.3521e-14 2.304e-13 5.89664e-14 2.31102e-13
0.400901 5.94013e-15 7.68019e-16 2.80854e-14 1.17082e-13 1.97377e-20 -3.76619e-20 5.99534e-14 2.33719e-13 6.58935e-14 2.34487e-13
0.401258 5.75551e-15 7.46419e-16 2.63762e-14 1.21189e-13 -1.9027e-20 3.88426e-20 5.66578e-14 2.41967e-13 6.24133e-14 2.42713e-13
0.401616 6.26871e-15 8.15334e-16 2.96583e-14 1.23011e-13 2.05999e-20 -3.92307e-20 6.33141e-14 2.4555e-13 6.95828e-14 2.46365e-13
0.401974 6.08544e-15 7.9393e-16 2.79354e-14 1.27316e-13 -1.9896e-20 4.06608e-20 5.99983e-14 2.54195e-13 6.60838e-14 2.54989e-13
0.402331 6.61808e-15 8.65946e-16 3.13319e-14 1.29281e-13 2.15069e-20 -4.08749e-20 6.68897e-14 2.58061e-13 7.35078e-14 2.58927e-13
0.402689 6.43659e-15 8.44807e-16 2.95968e-14 1.33797e-13 -2.08109e-20 4.25799e-20 6.35574e-14 2.67127e-13 6.9994e-14 2.67972e-13
0.403047 6.98969e-15 9.2011e-16 3.31132e-14 1.35915e-13 2.24616e-20 -4.25986e-20 7.06957e-14 2.71297e-13 7.76854e-14 2.72217e-13
0.403404 6.81048e-15 8.99316e-16 3.13677e-14 1.40653e-13 -2.17746e-20 4.46066e-20 6.73509e-14 2.80809e-13 7.41613e-14 2.81708e-13
0.403762 7.38516e-15 9.78105e-16 3.50102e-14 1.42935e-13 2.34668e-20 -4.44057e-20 7.47487e-14 2.85304e-13 8.21339e-14 2.86282e-13
0.404119 7.20876e-15 9.57743e-16 3.32562e-14 1.4791e-13 -2.27899e-20 4.67481e-20 7.13958e-14 2.95289e-13 7.86046e-14 2.96247e-13
0.404477 7.80619e-15 1.04023e-15 3.70312e-14 1.50368e-13 2.45257e-20 -4.63006e-20 7.90667e-14 3.00133e-13 8.68729e-14 3.01173e-13
0.404835 7.6332e-15 1.0204e-15 3.52709e-14 1.55594e-13 -2.38602e-20 4.90123e-20 7.57108e-14 3.10621e-13 8.3344e-14 3.11641e-13
0.405192 8.25465e-15 1.10682e-15 3.91853e-14 1.5824e-13 2.56414e-20 -4.82875e-20 8.3669e-14 3.15839e-13 9.19237e-14 3.16945e-13
0.40555 8.08572e-15 1.08763e-15 3.74212e-14 1.63733e-13 -2.49888e-20 5.14077e-20 8.03157e-14 3.2686e-13 8.84014e-14 3.27948e-13
0.405908 8.73254e-15 1.17823e-15 4.14824e-14 1.66581e-13 2.68175e-20 -5.03712e-20 8.85768e-14 3.32479e-13 9.73093e-14 3.33657e-13
0.406265 8.56838e-15 1.15979e-15 3.97172e-14 1.72357e-13 -2.61794e-20 5.39432e-20 8.52323e-14 3.44068e-13 9.38007e-14 3.45227e-13
0.406623 9.24203e-15 1.25484e-15 4.39331e-14 1.75423e-13 2.80575e-20 -5.25569e-20 9.38126e-14 3.50118e-13 1.03055e-13 3.51372e-13
0.406981 9.08344e-15 1.2373e-15 4.217e-14 1.815e-13 -2.74361e-20 5.66282e-20 9.04841e-14 3.62308e-13 9.95676e-14 3.63546e-13
0.407338 9.78548e-15 1.33708e-15 4.65488e-14 1.84799e-13 2.93656e-20 -5.48505e-20 9.94012e-14 3.68821e-13 1.09187e-13 3.70158e-13
0.407696 9.63333e-15 1.32059e-15 4.47913e-14 1.91196e-13 -2.8763e-20 5.94731e-20 9.60965e-14 3.81652e-13 1.0573e-13 3.82973e-13
0.408053 1.03654e-14 1.42541e-15 4.93423e-14 1.94745e-13 3.07462e-20 -5.72576e-20 1.05369e-13 3.88662e-13 1.15735e-13 3.90087e-13
0.408411 1.02207e-14 1.41014e-15 4.75942e-14 2.01483e-13 -3.01644e-20 6.2489e-20 1.02097e-13 4.02175e-13 1.12318e-13 4.03585e-13
0.408769 1.09846e-14 1.52034e-15 5.23268e-14 2.05301e-13 3.22041e-20 -5.97841e-20 1.11745e-13 4.09718e-13 1.2273e-13 4.11238e-13
0.409126 1.08484e-14 1.50647e-15 5.05925e-14 2.12402e-13 -3.16451e-20 6.56888e-20 1.08515e-13 4.23957e-13 1.19364e-13 4.25464e-13
0.409484 1.16461e-14 1.62242e-15 5.55171e-14 2.16509e-13 3.37443e-20 -6.24355e-20 1.18561e-13 4.32074e-13 1.30207e-13 4.33696e-13
0.409842 1.15195e-14 1.61015e-15 5.38014e-14 2.23996e-13 -3.32102e-20 6.90865e-20 1.15384e-13 4.47086e-13 1.26903e-13 4.48696e-13
0.410199 1.23531e-14 1.73224e-15 5.89291e-14 2.28414e-13 3.53722e-20 -6.52172e-20 1.25851e-13 4.55819e-13 1.38204e-13 4.57551e-13
0.410557 1.22373e-14 1.7218e-15 5.72374e-14 2.36314e-13 -3.48655e-20 7.26973e-20 1.22738e-13 4.71656e-13 1.34975e-13 4.73378e-13
0.410914 1.3109e-14 1.85046e-15 6.25801e-14 2.41065e-13 3.70931e-20 -6.81358e-20 1.3365e-13 4.81052e-13 1.46759e-13 4.82902e-13
0.411272 1.30056e-14 1.8421e-15 6.09183e-14 2.49405e-13 -3.6617e-20 7.65367e-20 1.30616e-13 4.97768e-13 1.43621e-13 4.9961e-13
0.41163 1.39178e-14 1.97779e-15 6.64889e-14 2.54515e-13 3.89131e-20 -7.11986e-20 1.42001e-13 5.07877e-13 1.55919e-13 5.09855e-13
0.411987 1.38283e-14 1.97181e-15 6.48636e-14 2.63324e-13 -3.84713e-20 8.06216e-20 1.39059e-13 5.25531e-13 1.52887e-13 5.27503e-13
0.412345 1.47835e-14 2.11502e-15 7.06759e-14 2.68821e-13 4.0839e-20 -7.44136e-20 1.50945e-13 5.36408e-13 1.65729e-13 5.38523e-13
0.412703 1.47096e-14 2.11172e-15 6.90946e-14 2.78131e-13 -4.04351e-20 8.49702e-20 1.48112e-13 5.55064e-13 1.62822e-13 5.57176e-13
0.41306 1.57107e-14 2.26302e-15 7.51633e-14 2.84044e-13 4.28779e-20 -7.77882e-20 1.60531e-13 5.66768e-13 1.76242e-13 5.69031e-13
0.413418 1.56543e-14 2.26275e-15 7.36341e-14 2.9389e-13 -4.25157e-20 8.96033e-20 1.57825e-13 5.86494e-13 1.7348e-13 5.88757e-13
0.413775 1.67044e-14 2.42271e-15 7.99753e-14 3.00251e-13 4.50379e-20 -8.13297e-20 1.70811e-13 5.99087e-13 1.87515e-13 6.0151e-13
0.414133 1.66675e-14 2.42587e-15 7.85073e-14 3.10669e-13 -4.4721e-20 9.45445e-20 1.68251e-13 6.19958e-13 1.84919e-13 6.22384e-13
0.414491 1.77698e-14 2.59514e-15 8.51382e-14 3.17514e-13 4.73271e-20 -8.50443e-20 1.8184e-13 6.33511e-13 1.99609e-13 6.36106e-13
0.414848 1.77548e-14 2.60215e-15 8.37415e-14 3.28545e-13 -4.70597e-20 9.98196e-20 1.79449e-13 6.55606e-13 1.97204e-13 6.58208e-13
0.415206 1.89128e-14 2.78143e-15 9.06808e-14 3.3591e-13 4.97543e-20 -8.89395e-20 1.93679e-13 6.70192e-13 2.12592e-13 6.72974e-13
0.415564 1.89221e-14 2.79277e-15 8.93666e-14 3.47596e-13 -4.95415e-20 1.05456e-19 1.91482e-13 6.93598e-13 2.10404e-13 6.96391e-13
0.415921 2.01397e-14 2.98284e-15 9.66344e-14 3.55523e-13 5.23286e-20 -9.30237e-20 2.06396e-13 7.09299e-13 2.26536e-13 7.12282e-13
0.416279 2.01762e-14 2.99904e-15 9.5415e-14 3.67912e-13 -5.21764e-20 1.11482e-19 2.0442e-13 7.34109e-13 2.24596e-13 7.37108e-13
0.416636 2.14575e-14 3.20072e-15 1.03033e-13 3.76444e-13 5.50606e-20 -9.73059e-20 2.20064e-13 7.51013e-13 2.41522e-13 7.54213e-13
0.416994 2.15242e-14 3.22238e-15 1.01922e-13 3.89586e-13 -5.49752e-20 1.17929e-19 2.18338e-13 7.77327e-13 2.39862e-13 7.8055e-13
0.417352 2.28737e-14 3.43659e-15 1.09915e-13 3.98772e-13 5.79615e-20 -1.01795e-19 2.34763e-13 7.95529e-13 2.57637e-13 7.98966e-13
0.417709 2.2974e-14 3.46435e-15 1.08928e-13 4.12723e-13 -5.79493e-20 1.24835e-19 2.3332e-13 8.23458e-13 2.56294e-13 8.26923e-13
0.418067 2.43967e-14 3.6921e-15 1.1732e-13 4.22614e-13 6.1044e-20 -1.06497e-19 2.50579e-13 8.43062e-13 2.74976e-13 8.46754e-13
0.418425 2.45342e-14 3.7267e-15 1.16473e-13 4.37432e-13 -6.11112e-20 1.32241e-19 2.49457e-13 8.72723e-13 2.73991e-13 8.7645e-13
0.418782 2.60354e-14 3.96908e-15 1.25293e-13 4.48086e-13 6.43208e-20 -1.11418e-19 2.67608e-13 8.93842e-13 2.93643e-13 8.97811e-13
0.41914 2.62144e-14 4.01134e-15 1.24606e-13 4.63836e-13 -6.44749e-20 1.40191e-19 2.66848e-13 9.25364e-13 2.93062e-13 9.29375e-13
0.419497 2.77998e-14 4.26953e-15 1.33883e-13 4.75314e-13 6.78058e-20 -1.16565e-19 2.85955e-13 9.4812e-13 3.13755e-13 9.5239e-13
0.419855 2.80247e-14 4.32036e-15 1.33376e-13 4.92066e-13 -6.80555e-20 1.48734e-19 2.85601e-13 9.81641e-13 3.13626e-13 9.85962e-13
0.420213 2.97008e-14 4.59569e-15 1.43144e-13 5.04435e-13 7.1514e-20 -1.21945e-19 3.05733e-13 1.00617e-12 3.35434e-13 1.01076e-12
0.42057 2.99766e-14 4.65609e-15 1.42841e-13 5.22264e-13 -7.18695e-20 1.57925e-19 3.05836e-13 1.04184e-12 3.35813e-13 1.0465e-12
0.420928 3.17502e-14 4.95001e-15 1.53134e-13 5.35599e-13 7.54617e-20 -1.27564e-19 3.27069e-13 1.06828e-12 3.5882e-13 1.07323e-12
0.421286 3.20825e-14 5.02111e-15 1.5306e-13 5.54587e-13 -7.59342e-20 1.6782e-19 3.27684e-13 1.10627e-12 3.59767e-13 1.11129e-12
0.421643 3.39611e-14 5.3352e-15 1.63919e-13 5.68966e-13 7.96671e-20 -1.33428e-19 3.50101e-13 1.13479e-12 3.84062e-13 1.14013e-12
0.422001 3.4356e-14 5.41826e-15 1.64102e-13 5.89203e-13 -8.02682e-20 1.78488e-19 3.5129e-13 1.17527e-12 3.85646e-13 1.18069e-12
0.422359 3.63478e-14 5.75427e-15 1.75568e-13 6.04714e-13 8.41502e-20 -1.39539e-19 3.74979e-13 1.20604e-12 4.11327e-13 1.21179e-12
0.422716 3.6812e-14 5.85068e-15 1.76041e-13 6.26297e-13 -8.48918e-20 1.90003e-19 3.7681e-13 1.2492e-12 4.13622e-13 1.25505e-12
0.423074 3.8926e-14 6.21055e-15 1.88161e-13 6.43035e-13 8.8932e-20 -1.45897e-19 4.0187e-13 1.28241e-12 4.40796e-13 1.28862e-12
0.423431 3.9467e-14 6.32188e-15 1.88958e-13 6.66071e-13 -8.98274e-20 2.0245e-19 4.04419e-13 1.32847e-12 4.43886e-13 1.33479e-12
0.423789 4.17131e-14 6.70773e-15 2.01782e-13 6.84139e-13 9.40355e-20 -1.525e-19 4.30957e-13 1.36432e-12 4.7267e-13 1.37103e-12
0.424147 4.23392e-14 6.83573e-15 2.02942e-13 7.08743e-13 -9.50997e-20 2.15922e-19 4.34308e-13 1.41351e-12 4.76647e-13 1.42035e-12
0.424504 4.47281e-14 7.24989e-15 2.16527e-13 7.28254e-13 9.94851e-20 -1.59344e-19 4.62442e-13 1.45223e-12 5.0717e-13 1.45948e-12
0.424862 4.54486e-14 7.39652e-15 2.18093e-13 7.54553e-13 -1.00735e-19 2.30523e-19 4.66688e-13 1.5048e-12 5.12136e-13 1.5122e-12
0.42522 4.79921e-14 7.8416e-15 2.32499e-13 7.75632e-13 1.05308e-19 -1.6642e-19 4.96546e-13 1.54663e-12 5.44538e-13 1.55447e-12
0.425577 4.8817e-14 8.00905e-15 2.34519e-13 8.03763e-13 -1.06764e-19 2.4637e-19 5.01791e-13 1.60286e-12 5.50608e-13 1.61087e-12
0.425935 5.15281e-14 8.48791e-15 2.49813e-13 8.26546e-13 1.11533e-19 -1.73717e-19 5.33514e-13 1.64807e-12 5.85042e-13 1.65656e-12
0.426292 5.24687e-14 8.67862e-15 2.52342e-13 8.56658e-13 -1.13216e-19 2.63593e-19 5.39875e-13 1.70825e-12 5.92344e-13 1.71693e-12
0.42665 5.53617e-14 9.19446e-15 2.68596e-13 8.81294e-13 1.18193e-19 -1.81216e-19 5.73618e-13 1.75715e-12 6.28979e-13 1.76634e-12
0.427008 5.64307e-14 9.41117e-15 2.71693e-13 9.13553e-13 -1.20127e-19 2.8234e-19 5.81222e-13 1.82161e-12 6.37653e-13 1.83102e-12
0.427365 5.95213e-14 9.96751e-15 2.88988e-13 9.40205e-13 1.25322e-19 -1.88894e-19 6.17155e-13 1.87451e-12 6.76676e-13 1.88447e-12
0.427723 6.07324e-14 1.02133e-14 2.92719e-13 9.74791e-13 -1.27534e-19 3.02778e-19 6.26147e-13 1.9436e-12 6.86879e-13 1.95382e-12
0.428081 6.40379e-14 1.08141e-14 3.11145e-13 1.00364e-12 1.32959e-19 -1.96718e-19 6.64458e-13 2.00086e-12 7.28495e-13 2.01168e-12
0.428438 6.54067e-14 1.10924e-14 3.15584e-13 1.04075e-12 -1.35478e-19 3.25094e-19 6.74995e-13 2.07499e-12 7.40402e-13 2.08609e-12
0.428796 6.89462e-14 1.1742e-14 3.35237e-13 1.07199e-12 1.41146e-19 -2.04643e-19 7.15891e-13 2.137e-12 7.84837e-13 2.14875e-12
0.429153 7.04899e-14 1.20567e-14 3.40468e-13 1.11184e-12 -1.44004e-19 3.49503e-19 7.28153e-13 2.2166e-12 7.98643e-13 2.22865e-12
0.429511 7.42845e-14 1.27599e-14 3.61456e-13 1.14568e-12 1.49929e-19 -2.12613e-19 7.71861e-13 2.28379e-12 8.46145e-13 2.29655e-12
0.429869 7.60223e-14 1.31154e-14 3.6757e-13 1.18851e-12 -1.53161e-19 3.7625e-19 7.86045e-13 2.36931e-12 8.62068e-13 2.38243e-12
0.430226 8.00952e-14 1.38777e-14 3.90011e-13 1.2252e-12 1.59357e-19 -2.20554e-19 8.32818e-13 2.44216e-12 9.12913e-13 2.45603e-12
0.430584 8.20484e-14 1.42788e-14 3.97112e-13 1.27127e-12 -1.63004e-19 4.05616e-19 8.49147e-13 2.53414e-12 9.31195e-13 2.54842e-12
0.430942 8.64254e-14 1.51062e-14 4.21139e-13 1.31107e-12 1.69485e-19 -2.28373e-19 8.99262e-13 2.61315e-12 9.85688e-13 2.62826e-12
0.431299 8.86179e-14 1.55586e-14 4.29341e-13 1.36066e-12 -1.73593e-19 4.37916e-19 9.17982e-13 2.71216e-12 1.0066e-12 2.72771e-12
0.431657 9.33277e-14 1.64578e-14 4.55099e-13 1.40386e-12 1.80371e-19 -2.35959e-19 9.71749e-13 2.79792e-12 1.06508e-12 2.81437e-12
0.432014 9.5786e-14 1.69676e-14 4.64532e-13 1.45729e-12 -1.84994e-19 4.73509e-19 9.93137e-13 2.90457e-12 1.08892e-12 2.92154e-12
0.432372 1.0086e-13 1.79463e-14 4.92182e-13 1.5042e-12 1.9208e-19 -2.43177e-19 1.0509e-12 2.99771e-12 1.15176e-12 3.01566e-12
0.43273 1.03614e-13 1.85205e-14 5.0299e-13 1.56182e-12 -1.97281e-19 5.12807e-19 1.07526e-12 3.11271e-12 1.17888e-12 3.13123e-12
0.433087 1.09088e-13 1.95872e-14 5.32711e-13 1.6128e-12 2.04685e-19 -2.49858e-19 1.1374e-12 3.21392e-12 1.24649e-12 3.23351e-12
0.433445 1.12171e-13 2.02338e-14 5.45055e-13 1.67499e-12 -2.1053e-19 5.5628e-19 1.16509e-12 3.33803e-12 1.27726e-12 3.35826e-12
0.433803 1.18083e-13 2.13979e-14 5.77046e-13 1.73043e-12 2.18266e-19 -2.55792e-19 1.23202e-12 3.44809e-12 1.3501e-12 3.46949e-12
0.43416 1.21532e-13 2.21258e-14 5.91109e-13 1.79762e-12 -2.24829e-19 6.04478e-19 1.26342e-12 3.58214e-12 1.38496e-12 3.60427e-12
0.434518 1.27927e-13 2.33981e-14 6.25592e-13 1.85794e-12 2.3291e-19 -2.60716e-19 1.33562e-12 3.70191e-12 1.46355e-12 3.72531e-12
0.434875 1.31784e-13 2.42175e-14 6.41576e-13 1.93059e-12 -2.40273e-19 6.58041e-19 1.37117e-12 3.84684e-12 1.50296e-12 3.87106e-12
0.435233 1.3871e-13 2.561e-14 6.78797e-13 1.99628e-12 2.48714e-19 -2.64301e-19 1.44916e-12 3.97725e-12 1.58787e-12 4.00286e-12
0.435591 1.43022e-13 2.65324e-14 6.96932e-13 2.07492e-12 -2.56971e-19 7.17708e-19 1.48935e-12 4.13409e-12 1.63238e-12 4.16063e-12
0.435948 1.50533e-13 2.80587e-14 7.37165e-13 2.14649e-12 2.6578e-19 -2.66153e-19 1.57371e-12 4.2762e-12 1.72425e-12 4.30426e-12
0.436306 1.55352e-13 2.90972e-14 7.57709e-13 2.23169e-12 -2.75044e-19 7.84329e-19 1.6191e-12 4.44609e-12 1.77445e-12 4.47519e-12
0.436664 1.63509e-13 3.07726e-14 8.01263e-13 2.30974e-12 2.84221e-19 -2.65798e-19 1.71048e-12 4.60106e-12 1.87399e-12 4.63183e-12
0.437021 1.68894e-13 3.1942e-14 8.24504e-13 2.40213e-12 -2.94625e-19 8.58886e-19 1.76168e-12 4.78527e-12 1.93058e-12 4.81721e-12
0.437379 1.77766e-13 3.37838e-14 8.71724e-13 2.48731e-12 3.04164e-19 -2.62667e-19 1.86083e-12 4.95439e-12 2.03859e-12 4.98817e-12
0.437737 1.83784e-13 3.5101e-14 8.9799e-13 2.5876e-12 -3.15861e-19 9.4252e-19 1.91854e-12 5.15431e-12 2.10232e-12 5.18941e-12
0.438094 1.93445e-13 3.7129e-14 9.4926e-13 2.68064e-12 3.25752e-19 -2.56058e-19 2.02625e-12 5.33902e-12 2.2197e-12 5.37615e-12
0.438452 2.00171e-13 3.86132e-14 9.7892e-13 2.78962e-12 -3.3891e-19 1.03658e-18 2.09127e-12 5.55622e-12 2.29144e-12 5.59484e-12
0.438809 2.10709e-13 4.08495e-14 1.03467e-12 2.89132e-12 3.49142e-19 -2.45109e-19 2.20848e-12 5.75813e-12 2.41919e-12 5.79898e-12
0.439167 2.18227e-13 4.25226e-14 1.06814e-12 3.00986e-12 -3.63953e-19 1.14264e-18 2.28168e-12 5.99435e-12 2.49991e-12 6.03687e-12
0.439525 2.29737e-13 4.49925e-14 1.12886e-12 3.12112e-12 3.74509e-19 -2.28756e-19 2.40943e-12 6.21523e-12 2.63916e-12 6.26022e-12
0.439882 2.38143e-13 4.68797e-14 1.16662e-12 3.2502e-12 -3.91191e-19 1.26257e-18 2.49183e-12 6.4724e-12 2.72997e-12 6.51928e-12
0.44024 2.50733e-13 4.9612e-14 1.23286e-12 3.37203e-12 4.02041e-19 -2.05707e-19 2.63126e-12 6.71425e-12 2.882e-12 6.76386e-12
0.440598 2.60136e-13 5.17418e-14 1.27542e-12 3.51273e-12 -4.20853e-19 1.39857e-18 2.72401e-12 6.99453e-12 2.98414e-12 7.04627e-12
0.440955 2.73928e-13 5.47692e-14 1.34779e-12 3.64626e-12 4.31944e-19 -1.74394e-19 2.87644e-12 7.25958e-12 3.15037e-12 7.31435e-12
0.441313 2.84449e-13 5.71744e-14 1.39578e-12 3.7998e-12 -4.53194e-19 1.55322e-18 2.98082e-12 7.56538e-12 3.26527e-12 7.62256e-12
0.44167 2.99582e-13 6.05344e-14 1.47498e-12 3.94628e-12 4.6445e-19 -1.32916e-19 3.14774e-12 7.85613e-12 3.44732e-12 7.91667e-12
0.442028 3.11361e-13 6.32527e-14 1.52908e-12 4.11402e-12 -4.88501e-19 1.72958e-18 3.26522e-12 8.19015e-12 3.57658e-12 8.2534e-12
0.442386 3.2799e-13 6.69881e-14 1.6159e-12 4.27486e-12 4.99816e-19 -7.89574e-20 3.4483e-12 8.50938e-12 3.77628e-12 8.57637e-12
0.442743 3.41185e-13 7.00626e-14 1.67688e-12 4.45832e-12 -5.27091e-19 1.93126e-18 3.58055e-12 8.87464e-12 3.92173e-12 8.9447e-12
0.443101 3.59486e-13 7.42223e-14 1.77221e-12 4.63511e-12 5.38332e-19 -9.67587e-21 3.78167e-12 9.2255e-12 4.14116e-12 9.29972e-12
0.443459 3.74277e-13 7.77029e-14 1.84097e-12 4.83601e-12 -5.6932e-19 2.16261e-18 3.9306e-12 9.62538e-12 4.30488e-12 9.70308e-12
0.443816 3.94452e-13 8.23432e-14 1.94582e-12 5.03052e-12 5.8032e-19 7.84213e-20 4.15193e-12 1.00114e-11 4.54638e-12 1.00937e-11
0.444174 4.11042e-13 8.62872e-14 2.02337e-12 5.25077e-12 -6.15589e-19 2.42883e-18 4.31969e-12 1.04497e-11 4.73074e-12 1.0536e-11
0.444531 4.33318e-13 9.14728e-14 2.13889e-12 5.46501e-12 6.26132e-19 1.89623e-19 4.56367e-12 1.08748e-11 4.99698e-12 1.09663e-11
0.444889 4.51942e-13 9.59462e-14 2.2264e-12 5.70678e-12 -6.66359e-19 2.73615e-18 4.75275e-12 1.13559e-11 5.20469e-12 1.14518e-11
0.445247 4.76579e-13 1.01752e-13 2.35389e-12 5.943e-12 6.76159e-19 3.29183e-19 5.02215e-12 1.18245e-11 5.49873e-12 1.19263e-11
0.445604 4.97502e-13 1.06831e-13 2.45268e-12 6.20871e-12 -7.22151e-19 3.09205e-18 5.23537e-12 1.23531e-11 5.73287e-12 1.24599e-11
0.445962 5.24798e-13 1.13342e-13 2.59365e-12 6.46946e-12 7.30832e-19 5.03547e-19 5.53337e-12 1.28704e-11 6.05817e-12 1.29838e-11
0.44632 5.48326e-13 1.19116e-13 2.70523e-12 6.76188e-12 -7.83561e-19 3.50555e-18 5.77397e-12 1.3452e-11 6.3223e-12 1.35711e-11
0.446677 5.78616e-13 1.26432e-13 2.86137e-12 7.05004e-12 7.90633e-19 7.2064e-19 6.1042e-12 1.40236e-11 6.68282e-12 1.415e-11
0.447035 6.05099e-13 1.33004e-13 2.98749e-12 7.37226e-12 -8.5126e-19 3.98754e-18 6.3759e-12 1.46643e-11 6.981e-12 1.47973e-11
0.447392 6.38773e-13 1.4124e-13 3.16075e-12 7.69109e-12 8.561e-19 9.90241e-19 6.74251e-12 1.52967e-11 7.38128e-12 1.54379e-11
0.44775 6.68614e-13 1.4873e-13 3.30341e-12 8.04663e-12 -9.26012e-19 4.55127e-18 7.04957e-12 1.60035e-11 7.71819e-12 1.61522e-11
0.448108 7.06115e-13 1.5802e-13 3.49604e-12 8.39983e-12 9.27833e-19 1.32445e-18 7.45732e-12 1.67039e-11 8.16344e-12 1.6862e-11
0.448465 7.39775e-13 1.66566e-13 3.65755e-12 8.79269e-12 -1.00869e-18 5.21288e-18 7.80467e-12 1.74847e-11 8.54445e-12 1.76513e-11
0.448823 7.81614e-13 1.77065e-13 3.87212e-12 9.18445e-12 1.0065e-18 1.73826e-18 8.25903e-12 1.82616e-11 9.04064e-12 1.84386e-11
0.449181 8.19626e-13 1.86831e-13 4.05512e-12 9.61916e-12 -1.10032e-18 5.99207e-18 8.65233e-12 1.91253e-11 9.47196e-12 1.93122e-11
0.449538 8.66391e-13 1.98721e-13 4.29458e-12 1.00543e-11 1.09283e-18 2.2503e-18 9.15959e-12 1.9988e-11 1.0026e-11 2.01867e-11
0.449896 9.09372e-13 2.09897e-13 4.50216e-12 1.0536e-11 -1.20204e-18 6.91303e-18 9.60539e-12 2.09449e-11 1.05148e-11 2.11548e-11
0.450253 9.61742e-13 2.2339e-13 4.76994e-12 1.10199e-11 1.18763e-18 2.88371e-18 1.01728e-11 2.19042e-11 1.11346e-11 2.21276e-11
0.450611 1.0104e-12 2.362e-13 5.00565e-12 1.15545e-11 -1.31522e-18 8.00545e-18 1.06787e-11 2.29659e-11 1.16891e-11 2.32021e-11
0.450969 1.06916e-12 2.51544e-13 5.30569e-12 1.20934e-11 1.29182e-18 3.66739e-18 1.13147e-11 2.40341e-11 1.23839e-11 2.42856e-11
0.451326 1.12433e-12 2.66249e-13 5.57366e-12 1.26877e-11 -1.4414e-18 9.30604e-18 1.18895e-11 2.52139e-11 1.30138e-11 2.54802e-11
0.451684 1.19039e-12 2.83736e-13 5.91053e-12 1.32888e-11 1.40637e-18 4.63746e-18 1.26038e-11 2.6405e-11 1.37942e-11 2.66888e-11
0.452042 1.25302e-12 3.00647e-13 6.21555e-12 1.39503e-11 -1.58242e-18 1.08602e-17 1.32577e-11 2.77182e-11 1.45107e-11 2.80188e-11
0.452399 1.32743e-12 3.2062e-13 6.59458e-12 1.46217e-11 1.53237e-18 5.83924e-18 1.40616e-11 2.90483e-11 1.5389e-11 2.9369e-11
0.452757 1.39865e-12 3.401e-13 6.94224e-12 1.53594e-11 -1.7404e-18 1.27245e-17 1.48065e-11 3.05122e-11 1.62051e-11 3.08523e-11
0.453115 1.48264e-12 3.62964e-13 7.36959e-12 1.61105e-11 1.67101e-18 7.32973e-18 1.57131e-11 3.2e-11 1.71958e-11 3.23629e-11
0.453472 1.56375e-12 3.85446e-13 7.76642e-12 1.69344e-11 -1.91785e-18 1.49694e-17 1.65629e-11 3.36346e-11 1.81267e-11 3.402e-11
0.45383 1.65875e-12 4.11681e-13 8.24932e-12 1.7776e-11 1.82358e-18 9.18082e-18 1.75877e-11 3.53012e-11 1.92464e-11 3.57129e-11
0.454187 1.75128e-12 4.37677e-13 8.70295e-12 1.8698e-11 -2.11772e-18 1.76831e-17 1.85587e-11 3.71297e-11 2.031e-11 3.75674e-11
0.454545 1.85897e-12 4.6785e-13 9.24983e-12 1.96425e-11 1.99148e-18 1.14835e-17 1.97195e-11 3.89998e-11 2.15785e-11 3.94676e-11
0.454903 1.9647e-12 4.9797e-13 9.76922e-12 2.06759e-11 -2.34349e-18 2.09767e-17 2.08307e-11 4.10486e-11 2.27954e-11 4.15466e-11
0.45526 2.08705e-12 5.32758e-13 1.039e-11 2.17378e-11 2.17619e-18 1.43534e-17 2.21486e-11 4.31505e-11 2.42357e-11 4.36833e-11
0.455618 2.20808e-12 5.67729e-13 1.09856e-11 2.28983e-11 -2.59935e-18 2.49903e-17 2.34225e-11 4.54506e-11 2.56306e-11 4.60183e-11
0.455976 2.34739e-12 6.07938e-13 1.16919e-11 2.40942e-11 2.37926e-18 1.79377e-17 2.49222e-11 4.78172e-11 2.72696e-11 4.84252e-11
0.456333 2.4862e-12 6.48629e-13 1.23762e-11 2.53998e-11 -2.89029e-18 2.99018e-17 2.63853e-11 5.04042e-11 2.88715e-11 5.10528e-11
0.456691 2.64521e-12 6.95224e-13 1.31817e-11 2.67492e-11 2.60226e-18 2.24248e-17 2.80959e-11 5.30737e-11 3.07411e-11 5.37689e-11
0.457048 2.80472e-12 7.42678e-13 1.39694e-11 2.8221e-11 -3.22238e-18 3.59374e-17 2.97792e-11 5.59889e-11 3.2584e-11 5.67316e-11
0.457406 2.98663e-12 7.96817e-13 1.48902e-11 2.97464e-11 2.84674e-18 2.80564e-17 3.17352e-11 5.90057e-11 3.47219e-11 5.98025e-11
0.457764 3.17032e-12 8.52289e-13 1.57986e-11 3.1409e-11 -3.60294e-18 4.33863e-17 3.36759e-11 6.22975e-11 3.68463e-11 6.31498e-11
0.458121 3.37895e-12 9.15365e-13 1.6854e-11 3.31367e-11 3.11413e-18 3.51439e-17 3.59181e-11 6.57135e-11 3.9297e-11 6.66288e-11
0.458479 3.59092e-12 9.8037e-13 1.79038e-11 3.50186e-11 -4.04094e-18 5.26201e-17 3.81601e-11 6.94381e-11 4.1751e-11 7.04185e-11
0.458837 3.8308e-12 1.05407e-12 1.91166e-11 3.69795e-11 3.40563e-18 4.40903e-17 4.07369e-11 7.33139e-11 4.45677e-11 7.4368e-11
0.459194 4.07596e-12 1.13044e-12 2.03324e-11 3.91144e-11 -4.54739e-18 6.41181e-17 4.33326e-11 7.75375e-11 4.74086e-11 7.8668e-11
0.459552 4.35249e-12 1.21679e-12 2.17296e-11 4.13447e-11 3.72196e-18 5.54192e-17 4.63019e-11 8.19442e-11 5.06544e-11 8.3161e-11
0.459909 4.6367e-12 1.30675e-12 2.31408e-11 4.3772e-11 -5.13594e-18 7.85017e-17 4.93139e-11 8.67442e-11 5.39505e-11 8.80509e-11
0.460267 4.95634e-12 1.40824e-12 2.47551e-11 4.63142e-11 4.0631e-18 6.98139e-17 5.27448e-11 9.17655e-11 5.77011e-11 9.31737e-11
0.460625 5.28662e-12 1.51451e-12 2.6397e-11 4.90803e-11 -5.82365e-18 9.65808e-17 5.6248e-11 9.7233e-11 6.15347e-11 9.87476e-11
0.460982 5.65712e-12 1.63417e-12 2.82673e-11 5.19848e-11 4.42778e-18 8.81706e-17 6.02236e-11 1.02968e-10 6.58807e-11 1.04602e-10
0.46134 6.04192e-12 1.76006e-12 3.01822e-11 5.51446e-11 -6.63204e-18 1.19415e-16 6.43083e-11 1.0921e-10 7.03503e-11 1.10971e-10
0.461698 6.47262e-12 1.90158e-12 3.23556e-11 5.84709e-11 4.81288e-18 1.11669e-16 6.89283e-11 1.15775e-10 7.54009e-11 1.17677e-10
0.462055 6.92213e-12 2.05118e-12 3.45947e-11 6.20894e-11 -7.58841e-18 1.48401e-16 7.37035e-11 1.22921e-10 8.06257e-11 1.24972e-10
0.462413 7.42429e-12 2.21912e-12 3.71277e-11 6.59081e-11 5.21243e-18 1.41873e-16 7.90885e-11 1.30454e-10 8.65128e-11 1.32673e-10
0.46277 7.95085e-12 2.39745e-12 3.97531e-11 7.00628e-11 -8.72775e-18 1.85383e-16 8.46861e-11 1.38654e-10 9.2637e-11 1.41052e-10
0.463128 8.53813e-12 2.59743e-12 4.27146e-11 7.44582e-11 5.61625e-18 1.80862e-16 9.09823e-11 1.47321e-10 9.95205e-11 1.49918e-10
0.463486 9.15674e-12 2.81071e-12 4.58015e-11 7.92413e-11 -1.00953e-17 2.3282e-16 9.75626e-11 1.56757e-10 1.06719e-10 1.59567e-10
0.463843 9.84578e-12 3.04969e-12 4.92751e-11 8.43141e-11 6.00798e-18 2.31419e-16 1.04948e-10 1.66754e-10 1.14794e-10 1.69803e-10
0.464201 1.05747e-11 3.30565e-12 5.29155e-11 8.98362e-11 -1.17499e-17 2.94e-16 1.12707e-10 1.77641e-10 1.23281e-10 1.80947e-10
0.464559 1.13858e-11 3.59231e-12 5.70035e-11 9.57071e-11 6.362e-18 2.97289e-16 1.21399e-10 1.89205e-10 1.32784e-10 1.92797e-10
0.464916 1.22475e-11 3.90059e-12 6.131e-11 1.02101e-10 -1.37694e-17 3.73354e-16 1.30575e-10 2.01804e-10 1.42822e-10 2.05705e-10
0.465274 1.32056e-11 4.24576e-12 6.61378e-11 1.08916e-10 6.63909e-18 3.83545e-16 1.4084e-10 2.15219e-10 1.54046e-10 2.19464e-10
0.465631 1.42276e-11 4.61847e-12 7.12489e-11 1.16342e-10 -1.62571e-17 4.76885e-16 1.51729e-10 2.29842e-10 1.65956e-10 2.3446e-10
0.465989 1.53634e-11 5.03579e-12 7.69709e-11 1.24276e-10 6.78e-18 4.97093e-16 1.63896e-10 2.45451e-10 1.79259e-10 2.50487e-10
0.466347 1.65797e-11 5.48816e-12 8.30576e-11 1.32928e-10 -1.93524e-17 6.12781e-16 1.7686e-10 2.62477e-10 1.9344e-10 2.67966e-10
0.466704 1.79313e-11 5.99481e-12 8.98651e-11 1.42195e-10 6.69596e-18 6.47405e-16 1.91335e-10 2.80697e-10 2.09267e-10 2.86692e-10
0.467062 1.93841e-11 6.54614e-12 9.71398e-11 1.52309e-10 -2.3244e-17 7.92288e-16 2.06828e-10 3.00587e-10 2.26212e-10 3.07133e-10
0.46742 2.09985e-11 7.16395e-12 1.0527e-10 1.63169e-10 6.25461e-18 8.47553e-16 2.24116e-10 3.21923e-10 2.45115e-10 3.29087e-10
0.467777 2.27406e-11 7.83881e-12 1.13998e-10 1.75034e-10 -2.81913e-17 1.03096e-15 2.42699e-10 3.45237e-10 2.6544e-10 3.53076e-10
0.468135 2.46769e-11 8.59561e-12 1.23748e-10 1.87806e-10 5.25891e-18 1.11571e-15 2.63432e-10 3.70311e-10 2.88109e-10 3.78907e-10
0.468493 2.67741e-11 9.42542e-12 1.34259e-10 2.01775e-10 -3.45544e-17 1.35048e-15 2.85811e-10 3.97738e-10 3.12585e-10 4.07163e-10
0.46885 2.91064e-11 1.03569e-11 1.46002e-10 2.1685e-10 3.41522e-18 1.47734e-15 3.1078e-10 4.2731e-10 3.39887e-10 4.37667e-10
0.469208 3.16417e-11 1.13821e-11 1.58715e-10 2.33359e-10 -4.28384e-17 1.78129e-15 3.37841e-10 4.59696e-10 3.69483e-10 4.71078e-10
0.469565 3.44635e-11 1.25345e-11 1.72921e-10 2.51222e-10 2.84875e-19 1.96837e-15 3.68048e-10 4.94707e-10 4.02511e-10 5.07241e-10
0.469923 3.7542e-11 1.38075e-11 1.88364e-10 2.70811e-10 -5.37609e-17 2.36649e-15 4.00915e-10 5.331e-10 4.38457e-10 5.46907e-10
0.470281 4.0972e-11 1.52404e-11 2.0563e-10 2.92064e-10 -4.78972e-18 2.63995e-15 4.37627e-10 5.74715e-10 4.786e-10 5.89956e-10
0.470638 4.47275e-11 1.68294e-11 2.24476e-10 3.15406e-10 -6.83519e-17 3.16763e-15 4.77732e-10 6.20418e-10 5.22459e-10 6.37247e-10
0.470996 4.89172e-11 1.86212e-11 2.45564e-10 3.40799e-10 -1.27992e-17 3.56549e-15 5.2257e-10 6.70093e-10 5.71487e-10 6.88714e-10
0.471354 5.3521e-11 2.06157e-11 2.68675e-10 3.68737e-10 -8.81086e-17 4.27341e-15 5.71742e-10 7.24735e-10 6.25263e-10 7.45351e-10
0.471711 5.86651e-11 2.28693e-11 2.94564e-10 3.99215e-10 -2.52451e-17 4.85133e-15 6.26788e-10 7.84292e-10 6.85453e-10 8.07161e-10
0.472069 6.43382e-11 2.53875e-11 3.2305e-10 4.32809e-10 -1.15233e-16 5.81279e-15 6.8739e-10 8.49923e-10 7.51728e-10 8.7531e-10
0.472426 7.06882e-11 2.82392e-11 3.55007e-10 4.69564e-10 -4.44203e-17 6.65303e-15 7.55331e-10 9.21663e-10 8.2602e-10 9.49902e-10
0.472784 7.77171e-11 3.14384e-11 3.9031e-10 5.10159e-10 -1.53007e-16 7.97527e-15 8.30426e-10 1.00087e-09 9.08143e-10 1.03231e-09
0.473142 8.56007e-11 3.50703e-11 4.29981e-10 5.54708e-10 -7.38548e-17 9.20039e-15 9.14766e-10 1.08772e-09 1.00037e-09 1.12279e-09
0.473499 9.43599e-11 3.91613e-11 4.73983e-10 6.0402e-10 -2.06383e-16 1.10421e-14 1.00835e-09 1.18381e-09 1.10271e-09 1.22297e-09
0.473857 1.04207e-10 4.38185e-11 5.2353e-10 6.58304e-10 -1.19035e-16 1.28366e-14 1.11368e-09 1.28949e-09 1.21789e-09 1.3333e-09
0.474215 1.15189e-10 4.90865e-11 5.7871e-10 7.18537e-10 -2.82936e-16 1.54354e-14 1.23103e-09 1.40669e-09 1.34622e-09 1.45577e-09
0.474572 1.27566e-10 5.51018e-11 6.40986e-10 7.85058e-10 -1.88577e-16 1.80798e-14 1.36341e-09 1.536e-09 1.49098e-09 1.5911e-09
0.47493 1.41426e-10 6.19353e-11 7.10632e-10 8.59063e-10 -3.9442e-16 2.17963e-14 1.51151e-09 1.67977e-09 1.65293e-09 1.74171e-09
0.475287 1.5709e-10 6.97646e-11 7.89438e-10 9.41072e-10 -2.96161e-16 2.57222e-14 1.67902e-09 1.83893e-09 1.83611e-09 1.90869e-09
0.475645 1.74702e-10 7.86987e-11 8.77948e-10 1.03257e-09 -5.59337e-16 3.11103e-14 1.8672e-09 2.01638e-09 2.04191e-09 2.09507e-09
0.476003 1.94668e-10 8.89723e-11 9.78392e-10 1.13432e-09 -4.63786e-16 3.69901e-14 2.08069e-09 2.2135e-09 2.27536e-09 2.30247e-09
0.47636 2.17213e-10 1.00751e-10 1.0917e-09 1.24819e-09 -8.07262e-16 4.49131e-14 2.32158e-09 2.43394e-09 2.53879e-09 2.53469e-09
0.476718 2.4286e-10 1.14349e-10 1.2207e-09 1.3753e-09 -7.27305e-16 5.38076e-14 2.59575e-09 2.67972e-09 2.83861e-09 2.79407e-09
0.477076 2.71947e-10 1.30017e-10 1.3669e-09 1.51803e-09 -1.18624e-15 6.56309e-14 2.90652e-09 2.95547e-09 3.17846e-09 3.08548e-09
0.477433 3.05159e-10 1.48184e-10 1.53394e-09 1.67801e-09 -1.14601e-15 7.92382e-14 3.2615e-09 3.26412e-09 3.56666e-09 3.41231e-09
0.477791 3.43003e-10 1.69225e-10 1.72415e-09 1.85828e-09 -1.77567e-15 9.7155e-14 3.66579e-09 3.61161e-09 4.00879e-09 3.78083e-09
0.478148 3.86392e-10 1.93739e-10 1.94234e-09 2.06118e-09 -1.81955e-15 1.18235e-13 4.12944e-09 4.00219e-09 4.51583e-09 4.19593e-09
0.478506 4.36075e-10 2.22287e-10 2.19205e-09 2.29073e-09 -2.70916e-15 1.45828e-13 4.66012e-09 4.44358e-09 5.0962e-09 4.66586e-09
0.478864 4.93292e-10 2.55718e-10 2.47974e-09 2.55028e-09 -2.91828e-15 1.78942e-13 5.27139e-09 4.9419e-09 5.76469e-09 5.19762e-09
0.479221 5.59154e-10 2.94881e-10 2.81073e-09 2.84517e-09 -4.21589e-15 2.22165e-13 5.97476e-09 5.50738e-09 6.53391e-09 5.80226e-09
0.479579 6.35371e-10 3.41002e-10 3.19389e-09 3.18021e-09 -4.73899e-15 2.74985e-13 6.78881e-09 6.14881e-09 7.42418e-09 6.48982e-09
0.479937 7.23597e-10 3.95372e-10 3.63722e-09 3.56267e-09 -6.69723e-15 3.43931e-13 7.73079e-09 6.87998e-09 8.45438e-09 7.27535e-09
0.480294 8.26239e-10 4.59793e-10 4.15311e-09 3.99947e-09 -7.80935e-15 4.29613e-13 8.82674e-09 7.71356e-09 9.65298e-09 8.17335e-09
0.480652 9.45765e-10 5.36253e-10 4.75363e-09 4.50064e-09 -1.08718e-14 5.41737e-13 1.01026e-08 8.66843e-09 1.10483e-08 9.20468e-09
0.481009 1.08564e-09 6.27459e-10 5.45646e-09 5.07625e-09 -1.30887e-14 6.83321e-13 1.15955e-08 9.76301e-09 1.26812e-08 1.03905e-08
0.481367 1.24957e-09 7.36503e-10 6.27992e-09 5.74039e-09 -1.80578e-14 8.69493e-13 1.33448e-08 1.10236e-08 1.45944e-08 1.17601e-08
0.481725 1.44264e-09 8.67536e-10 7.24976e-09 6.50789e-09 -2.23638e-14 1.10826e-12 1.54048e-08 1.24772e-08 1.68474e-08 1.33448e-08
0.482082 1.67051e-09 1.02545e-09 8.39409e-09 7.3989e-09 -3.07364e-14 1.4244e-12 1.78354e-08 1.41612e-08 1.95059e-08 1.51867e-08
0.48244 1.94077e-09 1.21675e-09 9.75124e-09 8.43549e-09 -3.90526e-14 1.83617e-12 2.07177e-08 1.61157e-08 2.26584e-08 1.73324e-08
0.482798 2.2622e-09 1.44931e-09 1.13648e-08 9.64712e-09 -5.37128e-14 2.38631e-12 2.41446e-08 1.83946e-08 2.64068e-08 1.98439e-08
0.483155 2.64638e-09 1.73355e-09 1.32933e-08 1.10671e-08 -6.98877e-14 3.11419e-12 2.82399e-08 2.10583e-08 3.08863e-08 2.27918e-08
0.483513 3.10715e-09 2.08244e-09 1.56055e-08 1.27395e-08 -9.65884e-14 4.09745e-12 3.31499e-08 2.41866e-08 3.6257e-08 2.62691e-08
0.483871 3.66265e-09 2.51311e-09 1.83925e-08 1.47156e-08 -1.28566e-13 5.41986e-12 3.90677e-08 2.78717e-08 4.27303e-08 3.03848e-08
0.484228 4.33507e-09 3.04736e-09 2.17651e-08 1.70626e-08 -1.79219e-13 7.22977e-12 4.62286e-08 3.22345e-08 5.05636e-08 3.52819e-08
0.484586 5.15353e-09 3.71419e-09 2.58692e-08 1.98611e-08 -2.43973e-13 9.70664e-12 5.49419e-08 3.74183e-08 6.00954e-08 4.11324e-08
0.484943 6.15453e-09 4.55123e-09 3.08867e-08 2.32166e-08 -3.44266e-13 1.31488e-11 6.55941e-08 4.36107e-08 7.17486e-08 4.81619e-08
0.485301 7.38611e-09 5.60906e-09 3.70581e-08 2.72586e-08 -4.79527e-13 1.7949e-11 7.86948e-08 5.10399e-08 8.60809e-08 5.66489e-08
0.485659 8.90983e-09 6.95471e-09 4.46901e-08 3.21574e-08 -6.87415e-13 2.4739e-11 9.48954e-08 6.00049e-08 1.03805e-07 6.69596e-08
0.486016 1.08075e-08 8.67943e-09 5.41911e-08 3.81272e-08 -9.80909e-13 3.44058e-11 1.15062e-07 7.08783e-08 1.25869e-07 7.95577e-08
0.486374 1.31861e-08 1.09068e-08 6.60943e-08 4.54518e-08 -1.43389e-12 4.83624e-11 1.40325e-07 8.41517e-08 1.53511e-07 9.50585e-08
0.486732 1.61898e-08 1.38081e-08 8.11174e-08 5.4497e-08 -2.10045e-12 6.86977e-11 1.72208e-07 1.00452e-07 1.88398e-07 1.1426e-07
0.487089 2.00113e-08 1.76205e-08 1.00219e-07 6.57532e-08 -3.14396e-12 9.87593e-11 2.12744e-07 1.20615e-07 2.32755e-07 1.38235e-07
0.487447 2.49146e-08 2.26795e-08 1.24712e-07 7.98692e-08 -4.74205e-12 1.43727e-10 2.64715e-07 1.45733e-07 2.8963e-07 1.68413e-07
0.487804 3.12614e-08 2.94629e-08 1.56391e-07 9.77295e-08 -7.30272e-12 2.12057e-10 3.3193e-07 1.77286e-07 3.63191e-07 2.06749e-07
0.488162 3.95574e-08 3.86632e-08 1.97763e-07 1.20536e-07 -1.13892e-11 3.17412e-10 4.19703e-07 2.17259e-07 4.5926e-07 2.55922e-07
0.48852 5.05149e-08 5.12962e-08 2.52353e-07 1.49967e-07 -1.81505e-11 4.82746e-10 5.35507e-07 2.68394e-07 5.86021e-07 3.1969e-07
0.488877 6.51553e-08 6.88813e-08 3.25206e-07 1.88372e-07 -2.94382e-11 7.46857e-10 6.90039e-07 3.34479e-07 7.55194e-07 4.0336e-07
0.489235 8.49622e-08 9.37276e-08 4.23634e-07 2.39126e-07 -4.89074e-11 1.17747e-09 8.988e-07 4.20886e-07 9.83762e-07 5.14613e-07
0.489593 1.12132e-07 1.29421e-07 5.58435e-07 3.07131e-07 -8.31427e-11 1.89486e-09 1.18467e-06 5.35294e-07 1.29681e-06 6.64714e-07
0.48995 1.49973e-07 1.81647e-07 7.45811e-07 3.99685e-07 -1.45395e-10 3.11928e-09 1.582e-06 6.88957e-07 1.73198e-06 8.70605e-07
0.490308 2.03571e-07 2.59657e-07 1.01059e-06 5.27859e-07 -2.6189e-10 5.26449e-09 2.1434e-06 8.98635e-07 2.34697e-06 1.15829e-06
0.490665 2.80922e-07 3.78903e-07 1.39158e-06 7.08902e-07 -4.88365e-10 9.13356e-09 2.9511e-06 1.18995e-06 3.23202e-06 1.56885e-06
0.491023 3.94895e-07 5.65996e-07 1.95083e-06 9.70387e-07 -9.4595e-10 1.63347e-08 4.13658e-06 1.60297e-06 4.53148e-06 2.16896e-06
0.491381 5.66713e-07 8.68268e-07 2.78972e-06 1.35776e-06 -1.91373e-09 3.02014e-08 5.91469e-06 2.20228e-06 6.48141e-06 3.07054e-06
0.491738 8.32234e-07 1.37285e-06 4.07734e-06 1.9482e-06 -4.06229e-09 5.7868e-08 8.6438e-06 3.09487e-06 9.47604e-06 4.46772e-06
0.492096 1.25325e-06 2.24562e-06 6.09952e-06 2.87688e-06 -9.09019e-09 1.15015e-07 1.293e-05 4.46326e-06 1.41832e-05 6.70887e-06
0.492454 1.93715e-06 3.81088e-06 9.33828e-06 4.38594e-06 -2.14708e-08 2.36446e-07 1.97965e-05 6.62525e-06 2.17337e-05 1.04361e-05
0.492811 3.06739e-06 6.70848e-06 1.45775e-05 6.91175e-06 -5.32252e-08 4.97401e-07 3.09116e-05 1.01354e-05 3.3979e-05 1.68439e-05
0.493169 4.93785e-06 1.21667e-05 2.29681e-05 1.12177e-05 -1.35757e-07 1.04514e-06 4.87397e-05 1.59247e-05 5.36775e-05 2.80914e-05
0.493526 7.9576e-06 2.23549e-05 3.58615e-05 1.85326e-05 -3.43034e-07 2.10627e-06 7.62244e-05 2.53969e-05 8.4182e-05 4.77518e-05
0.493884 1.25692e-05 4.05752e-05 5.42042e-05 3.05684e-05 -8.17248e-07 3.86576e-06 0.000115585 4.02745e-05 0.000128154 8.08497e-05
0.494242 1.90642e-05 7.09176e-05 7.76556e-05 4.92855e-05 -1.75616e-06 6.12466e-06 0.000166575 6.2019e-05 0.000185639 0.000132937
0.494599 2.7369e-05 0.000117246 0.000103983 7.64321e-05 -3.31027e-06 7.88484e-06 0.000225369 9.10127e-05 0.000252738 0.000208259
0.494957 3.69011e-05 0.000181794 0.00012902 0.000113025 -5.39979e-06 7.27535e-06 0.000284619 0.000126034 0.00032152 0.000307828
0.495315 4.65425e-05 0.000263734 0.000146921 0.000158859 -7.55483e-06 2.14457e-06 0.000334057 0.000164394 0.000380599 0.000428128
0.495672 5.47359e-05 0.000357885 0.000150369 0.000211965 -8.91954e-06 -8.75868e-06 0.000360769 0.000202582 0.000415505 0.000560467
0.49603 5.9692e-05 0.000453566 0.000130609 0.000267837 -8.51053e-06 -2.44859e-05 0.000348817 0.000236799 0.000408509 0.000690365
0.496387 5.96889e-05 0.000533522 7.75295e-05 0.000318273 -5.71472e-06 -4.1142e-05 0.000278639 0.000262592 0.000338328 0.000796114
0.496745 5.34334e-05 0.000572919 -1.9762e-05 0.000349835 -8.8625e-07 -5.23426e-05 0.000127259 0.000272969 0.000180692 0.000845887
0.497103 4.04374e-05 0.000538582 -0.000171203 0.000342163 4.20896e-06 -5.12992e-05 -0.000129096 0.000254807 -8.86582e-05 0.00079339
0.49746 2.13399e-05 0.000389049 -0.00038206 0.000266828 6.42727e-06 -3.45113e-05 -0.000507946 0.00018425 -0.000486606 0.000573299
0.497818 -1.90054e-06 7.68326e-05 -0.000646388 8.807e-05 2.08512e-06 -6.30196e-06 -0.0010069 2.31485e-05 -0.0010088 9.9981e-05
0.498176 -2.59933e-05 -0.000444192 -0.000937322 -0.000232062 -1.12149e-05 1.7715e-05 -0.00158228 -0.000279211 -0.00160827 -0.000723403
0.498533 -4.64687e-05 -0.00120133 -0.00119584 -0.000720296 -3.19985e-05 1.17195e-05 -0.00212296 -0.000772041 -0.00216943 -0.00197337
0.498891 -5.79923e-05 -0.0021696 -0.00132497 -0.00136623 -5.26977e-05 -4.98786e-05 -0.00243433 -0.00146815 -0.00249233 -0.00363775
0.499249 -5.51956e-05 -0.00322369 -0.00120656 -0.00208558 -6.03521e-05 -0.000169985 -0.00226915 -0.0022874 -0.00232435 -0.00551109
0.499606 -3.51366e-05 -0.00410726 -0.000764598 -0.00269696 -4.35549e-05 -0.000304876 -0.00145865 -0.00301233 -0.00149378 -0.00711959
0.499964 -1.69759e-06 -0.00450163 -6.42871e-05 -0.00297195 -4.46077e-06 -0.000373886 -0.000123949 -0.0033459 -0.000125647 -0.00784753
0.500321 3.2969e-05 -0.0042315 0.00066223 -0.00278443 3.71141e-05 -0.000326518 0.00126441 -0.00311876 0.00129738 -0.00735026
0.500679 5.57359e-05 -0.00341863 0.00116284 -0.00222184 5.91452e-05 -0.000198014 0.00219381 -0.00244839 0.00224955 -0.00586702
0.501037 6.1083e-05 -0.00237287 0.00133704 -0.00150636 5.56915e-05 -6.97575e-05 0.00246942 -0.00162623 0.00253051 -0.0039991
0.501394 5.11261e-05 -0.00137359 0.00124184 -0.000836412 3.6438e-05 4.46499e-06 0.00222167 -0.0008956 0.00227279 -0.00226919
0.501752 3.11502e-05 -0.000571398 0.000994852 -0.000315041 1.48438e-05 1.97621e-05 0.00169845 -0.00036211 0.0017296 -0.000933509
0.50211 6.67197e-06 -6.80049e-06 0.000700291 3.59334e-05 -2.30588e-07 -6.21586e-07 0.00111082 -2.63196e-05 0.0011175 -3.31201e-05
0.502467 -1.75984e-05 0.000340849 0.000424813 0.000238611 -6.23196e-06 -2.96599e-05 0.000586261 0.000157532 0.000568663 0.000498381
0.502825 -3.81114e-05 0.000516199 0.000200701 0.000330329 -5.01395e-06 -4.93846e-05 0.000179532 0.000241699 0.000141421 0.000757898
0.503182 -5.26487e-05 0.000567623 3.69724e-05 0.00034802 -1.8857e-07 -5.34284e-05 -0.000101161 0.000267332 -0.000153809 0.000834955
0.50354 -6.03395e-05 0.000538284 -7.02846e-05 0.00032179 4.89214e-06 -4.41182e-05 -0.000271211 0.000260969 -0.000331551 0.000799253
0.503898 -6.14958e-05 0.000463147 -0.000130684 0.000273555 8.16414e-06 -2.79426e-05 -0.000354335 0.000237481 -0.000415831 0.000700629
0.504255 -5.73073e-05 0.000368659 -0.00015531 0.000217978 9.01984e-06 -1.15965e-05 -0.000374347 0.000204718 -0.000431654 0.000573376
0.504613 -4.94674e-05 0.00027343 -0.000154652 0.000164129 7.92952e-06 4.45163e-07 -0.000351832 0.000167391 -0.000401299 0.00044082
0.504971 -3.98028e-05 0.000189236 -0.000137865 0.000117093 5.85053e-06 6.68133e-06 -0.000303622 0.000129315 -0.000343424 0.000318552
0.505328 -2.99585e-05 0.000122102 -0.000112645 7.92101e-05 3.69427e-06 8.02687e-06 -0.00024335 9.40307e-05 -0.000273309 0.000216133
0.505686 -2.11694e-05 7.34485e-05 -8.5212e-05 5.09162e-05 2.01518e-06 6.56461e-06 -0.000181946 6.43851e-05 -0.000203115 0.000137834
0.506043 -1.414e-05 4.138e-05 -6.01427e-05 3.13231e-05 9.60892e-07 4.29325e-06 -0.000127482 4.18545e-05 -0.000141622 8.32345e-05
0.506401 -9.04474e-06 2.21176e-05 -4.00934e-05 1.8719e-05 4.105e-07 2.39768e-06 -8.45712e-05 2.629e-05 -9.36159e-05 4.84076e-05
0.506759 -5.65018e-06 1.14541e-05 -2.57438e-05 1.11013e-05 1.63848e-07 1.20659e-06 -5.41015e-05 1.63439e-05 -5.97517e-05 2.77981e-05
0.507116 -3.52247e-06 5.87728e-06 -1.62979e-05 6.67294e-06 6.42704e-08 5.76906e-07 -3.41346e-05 1.02839e-05 -3.76571e-05 1.61611e-05
0.507474 -2.22891e-06 3.03092e-06 -1.03754e-05 4.12242e-06 2.58323e-08 2.73834e-07 -2.16517e-05 6.64016e-06 -2.38806e-05 9.67108e-06
0.507832 -1.44458e-06 1.57335e-06 -6.72012e-06 2.63096e-06 1.08911e-08 1.32655e-07 -1.39647e-05 4.42038e-06 -1.54093e-05 5.99373e-06
0.508189 -9.61612e-07 8.12968e-07 -4.44925e-06 1.73345e-06 4.8509e-09 6.64493e-08 -9.19896e-06 3.03128e-06 -1.01606e-05 3.84425e-06
0.508547 -6.56999e-07 4.07323e-07 -3.01289e-06 1.17536e-06 2.2779e-09 3.4549e-08 -6.19096e-06 2.13485e-06 -6.84796e-06 2.54217e-06
0.508904 -4.59728e-07 1.86837e-07 -2.084e-06 8.17045e-07 1.12044e-09 1.86293e-08 -4.25019e-06 1.53884e-06 -4.70992e-06 1.72567e-06
0.509262 -3.28638e-07 6.5758e-08 -1.46964e-06 5.80239e-07 5.73456e-10 1.0387e-08 -2.96989e-06 1.13175e-06 -3.29853e-06 1.19751e-06
0.50962 -2.39412e-07 -5.54686e-10 -1.05457e-06 4.19666e-07 3.03399e-10 5.96804e-09 -2.10739e-06 8.46982e-07 -2.3468e-06 8.46427e-07
0.509977 -1.77356e-07 -3.60551e-08 -7.6871e-07 3.08326e-07 1.65399e-10 3.5214e-09 -1.51527e-06 6.43597e-07 -1.69263e-06 6.07542e-07
0.510335 -1.33351e-07 -5.39635e-08 -5.68395e-07 2.29594e-07 9.26292e-11 2.12799e-09 -1.10183e-06 4.95638e-07 -1.23518e-06 4.41674e-07
0.510693 -1.01608e-07 -6.17642e-08 -4.259e-07 1.72963e-07 5.33784e-11 1.31386e-09 -8.08873e-07 3.86255e-07 -9.10481e-07 3.2449e-07
0.51105 -7.83575e-08 -6.37784e-08 -3.23165e-07 1.31607e-07 3.16021e-11 8.27718e-10 -5.98572e-07 3.04211e-07 -6.76929e-07 2.40432e-07
0.511408 -6.10957e-08 -6.25469e-08 -2.48253e-07 1.01002e-07 1.92837e-11 5.31284e-10 -4.45953e-07 2.41884e-07 -5.07048e-07 1.79337e-07
0.511765 -4.81207e-08 -5.95714e-08 -1.93076e-07 7.80811e-08 1.20596e-11 3.47254e-10 -3.34122e-07 1.93977e-07 -3.82243e-07 1.34406e-07
0.512123 -3.82606e-08 -5.57493e-08 -1.52107e-07 6.07322e-08 7.74502e-12 2.30771e-10 -2.51559e-07 1.56772e-07 -2.89819e-07 1.01023e-07
0.512481 -3.06881e-08 -5.16045e-08 -1.21466e-07 4.74729e-08 5.05184e-12 1.55846e-10 -1.90192e-07 1.27595e-07 -2.2088e-07 7.59906e-08
0.512838 -2.48176e-08 -4.74454e-08 -9.84302e-08 3.72522e-08 3.36321e-12 1.06729e-10 -1.44368e-07 1.04518e-07 -1.69186e-07 5.70725e-08
0.513196 -2.02233e-08 -4.34377e-08 -8.1029e-08 2.93119e-08 2.25472e-12 7.40948e-11 -1.1001e-07 8.61152e-08 -1.30233e-07 4.26774e-08
0.513554 -1.65978e-08 -3.96727e-08 -6.78521e-08 2.31003e-08 1.54098e-12 5.20272e-11 -8.42038e-08 7.13347e-08 -1.00802e-07 3.16621e-08
0.513911 -1.37123e-08 -3.61854e-08 -5.78536e-08 1.82107e-08 1.0551e-12 3.69653e-11 -6.47975e-08 5.93798e-08 -7.85098e-08 2.31944e-08
0.514269 -1.13993e-08 -3.29902e-08 -5.02756e-08 1.43396e-08 7.38584e-13 2.65123e-11 -5.02346e-08 4.96512e-08 -6.16339e-08 1.66609e-08
0.514627 -9.53095e-09 -3.00775e-08 -4.45429e-08 1.12599e-08 5.15157e-13 1.92191e-11 -3.93396e-08 4.16852e-08 -4.88706e-08 1.16077e-08
0.514984 -8.0127e-09 -2.74368e-08 -4.0235e-08 8.79778e-09 3.6907e-13 1.40421e-11 -3.12542e-08 3.51279e-08 -3.92669e-08 7.69111e-09
0.515342 -6.77034e-09 -2.50451e-08 -3.70247e-08 6.82221e-09 2.61514e-13 1.03622e-11 -2.53158e-08 2.97007e-08 -3.20861e-08 4.65559e-09
0.515699 -5.74865e-09 -2.28857e-08 -3.46715e-08 5.22991e-09 1.916e-13 7.69597e-12 -2.1037e-08 2.51875e-08 -2.67856e-08 2.30182e-09
0.516057 -4.903e-09 -2.09338e-08 -3.29838e-08 3.94363e-09 1.37482e-13 5.77055e-12 -1.80339e-08 2.14164e-08 -2.29369e-08 4.82544e-10
0.516415 -4.20019e-09 -1.91734e-08 -3.18201e-08 2.89993e-09 1.02967e-13 4.34866e-12 -1.60226e-08 1.82517e-08 -2.02228e-08 -9.21683e-10
0.516772 -3.6125e-09 -1.75815e-08 -3.10657e-08 2.05246e-09 7.45653e-14 3.30805e-12 -1.47757e-08 1.55847e-08 -1.83882e-08 -1.99686e-09
0.51713 -3.11945e-09 -1.61449e-08 -3.06353e-08 1.36098e-09 5.70982e-14 2.52557e-12 -1.41242e-08 1.3328e-08 -1.72436e-08 -2.81695e-09
0.517488 -2.70335e-09 -1.48437e-08 -3.04586e-08 7.9745e-10 4.15803e-14 1.94661e-12 -1.39311e-08 1.14114e-08 -1.66344e-08 -3.43232e-09
0.517845 -2.35131e-09 -1.36677e-08 -3.04833e-08 3.35463e-10 3.25833e-14 1.50358e-12 -1.40938e-08 9.77727e-09 -1.64451e-08 -3.89038e-09
0.518203 -2.05171e-09 -1.25999e-08 -3.06658e-08 -4.18705e-11 2.37681e-14 1.17295e-12 -1.4529e-08 8.37961e-09 -1.65807e-08 -4.22026e-09
0.51856 -1.79629e-09 -1.16329e-08 -3.09732e-08 -3.52537e-10 1.90916e-14 9.15519e-13 -1.51732e-08 7.17939e-09 -1.69694e-08 -4.45353e-09
0.518918 -1.57725e-09 -1.07525e-08 -3.13782e-08 -6.06483e-10 1.38896e-14 7.22216e-13 -1.59756e-08 6.14614e-09 -1.75529e-08 -4.60641e-09
0.519276 -1.38922e-09 -9.95359e-09 -3.18598e-08 -8.16462e-10 1.14644e-14 5.69023e-13 -1.68963e-08 5.25276e-09 -1.82855e-08 -4.70083e-09
0.519633 -1.22682e-09 -9.22396e-09 -3.24008e-08 -9.88009e-10 8.27747e-15 4.53575e-13 -1.79045e-08 4.47898e-09 -1.91313e-08 -4.74498e-09
0.519991 -1.08655e-09 -8.56038e-09 -3.29875e-08 -1.13057e-09 7.04435e-15 3.60386e-13 -1.89743e-08 3.80548e-09 -2.00609e-08 -4.7549e-09
0.520349 -9.64591e-10 -7.95245e-09 -3.36092e-08 -1.24683e-09 5.0189e-15 2.90094e-13 -2.0088e-08 3.21877e-09 -2.10526e-08 -4.73368e-09
0.520706 -8.58656e-10 -7.3984e-09 -3.42566e-08 -1.34412e-09 4.42329e-15 2.32233e-13 -2.12281e-08 2.70471e-09 -2.20867e-08 -4.69369e-09
0.521064 -7.65985e-10 -6.88917e-09 -3.49233e-08 -1.42323e-09 3.08926e-15 1.88681e-13 -2.23849e-08 2.25442e-09 -2.31509e-08 -4.63475e-09
0.521421 -6.85074e-10 -6.42415e-09 -3.56028e-08 -1.49012e-09 2.83532e-15 1.52061e-13 -2.35463e-08 1.85721e-09 -2.42314e-08 -4.56694e-09
0.521779 -6.13885e-10 -5.99536e-09 -3.62915e-08 -1.54434e-09 1.92608e-15 1.24648e-13 -2.4708e-08 1.50742e-09 -2.53219e-08 -4.48794e-09
0.522137 -5.51438e-10 -5.60309e-09 -3.69846e-08 -1.59094e-09 1.85367e-15 1.0105e-13 -2.5861e-08 1.19671e-09 -2.64124e-08 -4.40638e-09
0.522494 -4.96195e-10 -5.24019e-09 -3.76804e-08 -1.62861e-09 1.21365e-15 8.35476e-14 -2.70043e-08 9.21636e-10 -2.75005e-08 -4.31855e-09
0.522852 -4.4753e-10 -4.90765e-09 -3.83751e-08 -1.66181e-09 1.23518e-15 6.80792e-14 -2.81311e-08 6.75501e-10 -2.85786e-08 -4.23215e-09
0.52321 -4.04256e-10 -4.599e-09 -3.90683e-08 -1.68864e-09 7.7102e-16 5.67613e-14 -2.92427e-08 4.56456e-10 -2.96469e-08 -4.14254e-09
0.523567 -3.65987e-10 -4.31578e-09 -3.9757e-08 -1.71319e-09 8.38374e-16 4.64558e-14 -3.03331e-08 2.58919e-10 -3.06991e-08 -4.05686e-09
0.523925 -3.3179e-10 -4.05202e-09 -4.04417e-08 -1.73312e-09 4.92523e-16 3.90537e-14 -3.14055e-08 8.2197e-11 -3.17373e-08 -3.96983e-09
0.524282 -3.01444e-10 -3.80971e-09 -4.11195e-08 -1.75226e-09 5.79354e-16 3.20802e-14 -3.24545e-08 -7.85087e-11 -3.27559e-08 -3.88822e-09
0.52464 -2.74197e-10 -3.5833e-09 -4.17917e-08 -1.76801e-09 3.15361e-16 2.71909e-14 -3.34842e-08 -2.23044e-10 -3.37584e-08 -3.80634e-09
0.524998 -2.49943e-10 -3.37509e-09 -4.24558e-08 -1.78399e-09 4.07435e-16 2.24009e-14 -3.44896e-08 -3.5566e-10 -3.47396e-08 -3.73075e-09
0.525355 -2.28067e-10 -3.17989e-09 -4.31132e-08 -1.79742e-09 2.01606e-16 1.9144e-14 -3.54757e-08 -4.75574e-10 -3.57037e-08 -3.65546e-09
0.525713 -2.08538e-10 -3.00025e-09 -4.37617e-08 -1.81181e-09 2.91477e-16 1.58058e-14 -3.64372e-08 -5.8665e-10 -3.66458e-08 -3.5869e-09
0.526071 -1.90846e-10 -2.83126e-09 -4.44032e-08 -1.8242e-09 1.2801e-16 1.36211e-14 -3.738e-08 -6.87632e-10 -3.75708e-08 -3.51889e-09
0.526428 -1.75014e-10 -2.67567e-09 -4.50352e-08 -1.83803e-09 2.12032e-16 1.12617e-14 -3.82987e-08 -7.82111e-10 -3.84737e-08 -3.45778e-09
0.526786 -1.60609e-10 -2.52879e-09 -4.566e-08 -1.85027e-09 8.0127e-17 9.78847e-15 -3.91994e-08 -8.68474e-10 -3.93601e-08 -3.39726e-09
0.527143 -1.4769e-10 -2.39353e-09 -4.62752e-08 -1.86428e-09 1.56768e-16 8.09786e-15 -4.00769e-08 -9.50117e-10 -4.02246e-08 -3.34365e-09
0.527501 -1.35886e-10 -2.26538e-09 -4.68831e-08 -1.87694e-09 4.88648e-17 7.10089e-15 -4.09374e-08 -1.02515e-09 -4.10733e-08 -3.29053e-09
0.527859 -1.2528e-10 -2.14738e-09 -4.74813e-08 -1.8916e-09 1.17749e-16 5.87315e-15 -4.17756e-08 -1.09683e-09 -4.19009e-08 -3.24421e-09
0.528216 -1.15547e-10 -2.03516e-09 -4.80724e-08 -1.90509e-09 2.84373e-17 5.19758e-15 -4.2598e-08 -1.16307e-09 -4.27135e-08 -3.19823e-09
0.528574 -1.0679e-10 -1.93187e-09 -4.86538e-08 -1.92072e-09 8.97969e-17 4.29421e-15 -4.33989e-08 -1.22701e-09 -4.35057e-08 -3.15888e-09
0.528932 -9.872e-11 -1.83327e-09 -4.92283e-08 -1.93527e-09 1.51221e-17 3.83701e-15 -4.41851e-08 -1.28639e-09 -4.42839e-08 -3.11966e-09
0.529289 -9.14494e-11 -1.74257e-09 -4.97932e-08 -1.95205e-09 6.94869e-17 3.16372e-15 -4.49509e-08 -1.3443e-09 -4.50424e-08 -3.08688e-09
0.529647 -8.47216e-11 -1.65565e-09 -5.03513e-08 -1.96782e-09 6.50168e-18 2.85574e-15 -4.57032e-08 -1.39835e-09 -4.57879e-08 -3.05399e-09
0.530005 -7.86545e-11 -1.57576e-09 -5.09e-08 -1.98588e-09 5.45237e-17 2.34759e-15 -4.64359e-08 -1.45157e-09 -4.65145e-08 -3.02733e-09
0.530362 -7.30167e-11 -1.49888e-09 -5.14422e-08 -2.00295e-09 9.92439e-19 2.14201e-15 -4.71561e-08 -1.50146e-09 -4.72291e-08 -3.00035e-09
0.53072 -6.79293e-11 -1.42832e-09 -5.19751e-08 -2.02234e-09 4.33496e-17 1.75376e-15 -4.78576e-08 -1.55104e-09 -4.79255e-08 -2.97937e-09
0.531077 -6.31817e-11 -1.36012e-09 -5.25016e-08 -2.04074e-09 -2.45086e-18 1.61868e-15 -4.85476e-08 -1.59771e-09 -4.86108e-08 -2.95783e-09
0.531435 -5.88961e-11 -1.29762e-09 -5.30191e-08 -2.06147e-09 3.48948e-17 1.31847e-15 -4.92198e-08 -1.64447e-09 -4.92787e-08 -2.94209e-09
0.531793 -5.48795e-11 -1.23694e-09 -5.35304e-08 -2.08121e-09 -4.52252e-18 1.23199e-15 -4.98813e-08 -1.68864e-09 -4.99362e-08 -2.92558e-09
0.53215 -5.12536e-11 -1.18145e-09 -5.40327e-08 -2.10326e-09 2.84156e-17 9.97145e-16 -5.05258e-08 -1.73322e-09 -5.0577e-08 -2.91467e-09
0.532508 -4.78403e-11 -1.1273e-09 -5.45291e-08 -2.12431e-09 -5.68614e-18 9.44145e-16 -5.11604e-08 -1.77548e-09 -5.12083e-08 -2.90278e-09
0.532866 -4.476e-11 -1.0779e-09 -5.50168e-08 -2.14766e-09 2.33892e-17 7.58363e-16 -5.17787e-08 -1.81839e-09 -5.18235e-08 -2.89629e-09
0.533223 -4.18471e-11 -1.02946e-09 -5.54986e-08 -2.16999e-09 -6.25249e-18 7.28369e-16 -5.23879e-08 -1.85919e-09 -5.24298e-08 -2.88865e-09
0.533581 -3.92199e-11 -9.85388e-10 -5.59718e-08 -2.1946e-09 1.9444e-17 5.79797e-16 -5.29814e-08 -1.90084e-09 -5.30206e-08 -2.88623e-09
0.533938 -3.6724e-11 -9.41936e-10 -5.64394e-08 -2.21816e-09 -6.43052e-18 5.65514e-16 -5.35664e-08 -1.94054e-09 -5.36032e-08 -2.88247e-09
0.534296 -3.4475e-11 -9.02523e-10 -5.68984e-08 -2.24397e-09 1.63126e-17 4.45461e-16 -5.41363e-08 -1.98125e-09 -5.41708e-08 -2.88378e-09
0.534654 -3.23281e-11 -8.63448e-10 -5.7352e-08 -2.26872e-09 -6.36098e-18 4.41799e-16 -5.46984e-08 -2.02014e-09 -5.47307e-08 -2.88359e-09
0.535011 -3.0396e-11 -8.2813e-10 -5.77972e-08 -2.29569e-09 1.38005e-17 3.43825e-16 -5.52458e-08 -2.06018e-09 -5.52762e-08 -2.88831e-09
0.535369 -2.85424e-11 -7.92905e-10 -5.8237e-08 -2.32156e-09 -6.1386e-18 3.47225e-16 -5.57861e-08 -2.09849e-09 -5.58146e-08 -2.8914e-09
0.535727 -2.6877e-11 -7.61193e-10 -5.86686e-08 -2.34963e-09 1.1765e-17 2.66516e-16 -5.6312e-08 -2.13806e-09 -5.63389e-08 -2.89925e-09
0.536084 -2.5271e-11 -7.29364e-10 -5.90949e-08 -2.37657e-09 -5.82695e-18 2.7449e-16 -5.68313e-08 -2.17597e-09 -5.68566e-08 -2.90534e-09
0.536442 -2.38309e-11 -7.00837e-10 -5.9513e-08 -2.40569e-09 1.01e-17 2.07409e-16 -5.73367e-08 -2.21523e-09 -5.73606e-08 -2.91606e-09
0.536799 -2.24347e-11 -6.7201e-10 -5.99261e-08 -2.43365e-09 -5.46833e-18 2.18223e-16 -5.78359e-08 -2.2529e-09 -5.78583e-08 -2.92491e-09
0.537157 -2.11855e-11 -6.46302e-10 -6.03309e-08 -2.46376e-09 8.7259e-18 1.62002e-16 -5.83216e-08 -2.29197e-09 -5.83428e-08 -2.93827e-09
0.537515 -1.99677e-11 -6.20137e-10 -6.07308e-08 -2.49269e-09 -5.0906e-18 1.74449e-16 -5.88015e-08 -2.32951e-09 -5.88214e-08 -2.94965e-09
0.537872 -1.88811e-11 -5.96929e-10 -6.11226e-08 -2.52374e-09 7.58262e-18 1.26959e-16 -5.92682e-08 -2.3685e-09 -5.92871e-08 -2.96543e-09
0.53823 -1.78156e-11 -5.73129e-10 -6.15095e-08 -2.55359e-09 -4.71178e-18 1.40206e-16 -5.97294e-08 -2.406e-09 -5.97472e-08 -2.97913e-09
0.538588 -1.68677e-11 -5.52145e-10 -6.18884e-08 -2.58552e-09 6.62409e-18 9.9797e-17 -6.01778e-08 -2.445e-09 -6.01946e-08 -2.99715e-09
0.538945 -1.59326e-11 -5.30451e-10 -6.22625e-08 -2.61624e-09 -4.34327e-18 1.13278e-16 -6.06209e-08 -2.48254e-09 -6.06369e-08 -3.01299e-09
0.539303 -1.51037e-11 -5.11448e-10 -6.26285e-08 -2.64902e-09 5.81476e-18 7.86587e-17 -6.10515e-08 -2.52161e-09 -6.10666e-08 -3.03306e-09
0.53966 -1.42805e-11 -4.91634e-10 -6.29898e-08 -2.68056e-09 -3.99195e-18 9.19916e-17 -6.14772e-08 -2.55924e-09 -6.14915e-08 -3.05087e-09
0.540018 -1.35538e-11 -4.74402e-10 -6.33432e-08 -2.71413e-09 5.12688e-18 6.21449e-17 -6.18906e-08 -2.59843e-09 -6.19041e-08 -3.07283e-09
0.540376 -1.28272e-11 -4.56269e-10 -6.36918e-08 -2.74644e-09 -3.66166e-18 7.50808e-17 -6.22993e-08 -2.6362e-09 -6.23121e-08 -3.09247e-09
0.540733 -1.21886e-11 -4.4062e-10 -6.40326e-08 -2.78076e-09 4.53867e-18 4.91976e-17 -6.26959e-08 -2.67555e-09 -6.27081e-08 -3.11617e-09
0.541091 -1.15455e-11 -4.23993e-10 -6.43687e-08 -2.81381e-09 -3.35421e-18 6.15803e-17 -6.3088e-08 -2.71349e-09 -6.30996e-08 -3.13748e-09
0.541449 -1.09829e-11 -4.09765e-10 -6.46969e-08 -2.84884e-09 4.03285e-18 3.90121e-17 -6.34682e-08 -2.75302e-09 -6.34792e-08 -3.16279e-09
0.541806 -1.04123e-11 -3.94491e-10 -6.50205e-08 -2.88258e-09 -3.07002e-18 5.07508e-17 -6.38442e-08 -2.79117e-09 -6.38547e-08 -3.18566e-09
0.542164 -9.91572e-12 -3.81539e-10 -6.53362e-08 -2.91828e-09 3.59566e-18 3.09741e-17 -6.42085e-08 -2.83091e-09 -6.42184e-08 -3.21245e-09
0.542521 -9.40802e-12 -3.67482e-10 -6.56474e-08 -2.95267e-09 -2.80868e-18 4.20234e-17 -6.45686e-08 -2.86927e-09 -6.45781e-08 -3.23676e-09
0.542879 -8.96881e-12 -3.55678e-10 -6.59508e-08 -2.98901e-09 3.21597e-18 2.46125e-17 -6.49172e-08 -2.90925e-09 -6.49262e-08 -3.26493e-09
0.543237 -8.51602e-12 -3.42719e-10 -6.62496e-08 -3.02402e-09 -2.56924e-18 3.49581e-17 -6.52619e-08 -2.94784e-09 -6.52704e-08 -3.29056e-09
0.543594 -8.12678e-12 -3.3195e-10 -6.65405e-08 -3.06095e-09 2.88479e-18 1.95642e-17 -6.55951e-08 -2.98805e-09 -6.56032e-08 -3.32e-09
0.543952 -7.72199e-12 -3.19981e-10 -6.6827e-08 -3.09654e-09 -2.35045e-18 2.92129e-17 -6.59246e-08 -3.02689e-09 -6.59323e-08 -3.34687e-09
0.54431 -7.3764e-12 -3.10147e-10 -6.71056e-08 -3.13404e-09 2.59473e-18 1.55484e-17 -6.62426e-08 -3.06734e-09 -6.625e-08 -3.37749e-09
0.544667 -7.01369e-12 -2.99074e-10 -6.73798e-08 -3.17018e-09 -2.15093e-18 2.45208e-17 -6.65572e-08 -3.10642e-09 -6.65642e-08 -3.4055e-09
0.545025 -6.70632e-12 -2.90086e-10 -6.76461e-08 -3.20821e-09 2.33971e-18 1.23468e-17 -6.68604e-08 -3.14713e-09 -6.68671e-08 -3.43722e-09
0.545382 -6.38058e-12 -2.79824e-10 -6.7908e-08 -3.24487e-09 -1.96922e-18 2.06724e-17 -6.71601e-08 -3.18646e-09 -6.71665e-08 -3.46628e-09
0.54574 -6.10675e-12 -2.71603e-10 -6.8162e-08 -3.2834e-09 2.11472e-18 9.7895e-18 -6.74487e-08 -3.22741e-09 -6.74548e-08 -3.49901e-09
0.546098 -5.81358e-12 -2.62077e-10 -6.84116e-08 -3.32056e-09 -1.80387e-18 1.75027e-17 -6.7734e-08 -3.26698e-09 -6.77398e-08 -3.52906e-09
0.546455 -5.56924e-12 -2.54552e-10 -6.86534e-08 -3.35956e-09 1.91557e-18 7.74331e-18 -6.80081e-08 -3.30818e-09 -6.80136e-08 -3.56274e-09
0.546813 -5.30482e-12 -2.45696e-10 -6.88908e-08 -3.39717e-09 -1.65347e-18 1.48814e-17 -6.82789e-08 -3.348e-09 -6.82842e-08 -3.5937e-09
0.547171 -5.08648e-12 -2.38802e-10 -6.91204e-08 -3.43661e-09 1.73878e-18 6.10382e-18 -6.85388e-08 -3.38944e-09 -6.85439e-08 -3.62825e-09
0.547528 -4.84749e-12 -2.30555e-10 -6.93455e-08 -3.47466e-09 -1.51669e-18 1.27048e-17 -6.87954e-08 -3.4295e-09 -6.88003e-08 -3.66006e-09
0.547886 -4.65211e-12 -2.24237e-10 -6.95628e-08 -3.51452e-09 1.58139e-18 4.78876e-18 -6.90412e-08 -3.47118e-09 -6.90458e-08 -3.69542e-09
0.548244 -4.43568e-12 -2.16545e-10 -6.97757e-08 -3.55298e-09 -1.39228e-18 1.08903e-17 -6.92838e-08 -3.51147e-09 -6.92882e-08 -3.72802e-09
0.548601 -4.2606e-12 -2.10752e-10 -6.99808e-08 -3.59323e-09 1.4409e-18 3.73316e-18 -6.95155e-08 -3.55338e-09 -6.95197e-08 -3.76413e-09
0.548959 -4.06422e-12 -2.03566e-10 -7.01815e-08 -3.63207e-09 -1.2791e-18 9.37187e-18 -6.97442e-08 -3.5939e-09 -6.97482e-08 -3.79746e-09
0.549316 -3.90715e-12 -1.98251e-10 -7.03744e-08 -3.67269e-09 1.31518e-18 2.88546e-18 -6.9962e-08 -3.63602e-09 -6.99659e-08 -3.83427e-09
0.549674 -3.72862e-12 -1.9153e-10 -7.05629e-08 -3.71189e-09 -1.17612e-18 8.09631e-18 -7.01769e-08 -3.67676e-09 -7.01806e-08 -3.86829e-09
0.550032 -3.58754e-12 -1.86652e-10 -7.07435e-08 -3.75286e-09 1.20241e-18 2.2047e-18 -7.0381e-08 -3.7191e-09 -7.03846e-08 -3.90575e-09
0.550389 -3.42493e-12 -1.80354e-10 -7.09198e-08 -3.79239e-09 -1.08235e-18 7.02073e-18 -7.05822e-08 -3.76004e-09 -7.05856e-08 -3.94039e-09
0.550747 -3.29808e-12 -1.75877e-10 -7.10882e-08 -3.83368e-09 1.10103e-18 1.65821e-18 -7.07726e-08 -3.80258e-09 -7.07759e-08 -3.97846e-09
0.551105 -3.14971e-12 -1.69968e-10 -7.12523e-08 -3.87352e-09 -9.96935e-19 6.11045e-18 -7.09602e-08 -3.84372e-09 -7.09634e-08 -4.01368e-09
0.551462 -3.03553e-12 -1.65857e-10 -7.14085e-08 -3.91511e-09 1.00972e-18 1.21992e-18 -7.11371e-08 -3.88645e-09 -7.11402e-08 -4.05231e-09
0.55182 -2.8999e-12 -1.60305e-10 -7.15603e-08 -3.95524e-09 -9.19064e-19 5.33726e-18 -7.13112e-08 -3.92777e-09 -7.13141e-08 -4.08808e-09
0.552177 -2.79704e-12 -1.5653e-10 -7.17043e-08 -3.9971e-09 9.27302e-19 8.68947e-19 -7.14746e-08 -3.97068e-09 -7.14774e-08 -4.12722e-09
0.552535 -2.67285e-12 -1.51306e-10 -7.18439e-08 -4.03751e-09 -8.48023e-19 4.67819e-18 -7.16353e-08 -4.01219e-09 -7.16379e-08 -4.16349e-09
0.552893 -2.5801e-12 -1.4784e-10 -7.19757e-08 -4.07963e-09 8.52783e-19 5.88511e-19 -7.17853e-08 -4.05526e-09 -7.17879e-08 -4.2031e-09
0.55325 -2.4662e-12 -1.42917e-10 -7.21031e-08 -4.12029e-09 -7.83163e-19 4.11443e-18 -7.19326e-08 -4.09693e-09 -7.19351e-08 -4.23985e-09
0.553608 -2.3825e-12 -1.39735e-10 -7.22227e-08 -4.16264e-09 7.85285e-19 3.65126e-19 -7.20693e-08 -4.14016e-09 -7.20717e-08 -4.2799e-09
0.553966 -2.27785e-12 -1.3509e-10 -7.23379e-08 -4.20353e-09 -7.23898e-19 3.63057e-18 -7.22033e-08 -4.18198e-09 -7.22056e-08 -4.31707e-09
0.554323 -2.20227e-12 -1.32169e-10 -7.24452e-08 -4.2461e-09 7.24044e-19 1.87916e-19 -7.23268e-08 -4.22536e-09 -7.2329e-08 -4.35753e-09
0.554681 -2.10597e-12 -1.2778e-10 -7.25482e-08 -4.2872e-09 -6.69702e-19 3.21387e-18 -7.24476e-08 -4.26731e-09 -7.24497e-08 -4.39509e-09
0.555038 -2.03767e-12 -1.251e-10 -7.26434e-08 -4.32996e-09 6.68388e-19 4.80956e-20 -7.25578e-08 -4.31082e-09 -7.25599e-08 -4.43592e-09
0.555396 -1.94892e-12 -1.20948e-10 -7.27341e-08 -4.37126e-09 -6.20102e-19 2.85385e-18 -7.26655e-08 -4.3529e-09 -7.26674e-08 -4.47385e-09
0.555754 -1.88717e-12 -1.18489e-10 -7.2817e-08 -4.4142e-09 6.17729e-19 -6.14479e-20 -7.27626e-08 -4.39653e-09 -7.27645e-08 -4.51502e-09
0.556111 -1.80525e-12 -1.14555e-10 -7.28956e-08 -4.45566e-09 -5.74671e-19 2.54178e-18 -7.28572e-08 -4.43872e-09 -7.2859e-08 -4.55328e-09
0.556469 -1.74939e-12 -1.12301e-10 -7.29663e-08 -4.49877e-09 5.7155e-19 -1.46485e-19 -7.29412e-08 -4.48245e-09 -7.2943e-08 -4.59476e-09
0.556827 -1.67366e-12 -1.0857e-10 -7.30326e-08 -4.54039e-09 -5.33024e-19 2.27042e-18 -7.30227e-08 -4.52475e-09 -7.30244e-08 -4.63332e-09
0.557184 -1.62311e-12 -1.06505e-10 -7.30911e-08 -4.58364e-09 5.29396e-19 -2.11702e-19 -7.30937e-08 -4.56857e-09 -7.30954e-08 -4.67508e-09
0.557542 -1.55299e-12 -1.02961e-10 -7.31453e-08 -4.62539e-09 -4.94809e-19 2.03371e-18 -7.31622e-08 -4.61095e-09 -7.31638e-08 -4.71391e-09
0.557899 -1.50724e-12 -1.01071e-10 -7.31916e-08 -4.66876e-09 4.90867e-19 -2.609e-19 -7.32203e-08 -4.65486e-09 -7.32218e-08 -4.75593e-09
0.558257 -1.44222e-12 -9.77013e-11 -7.32335e-08 -4.71064e-09 -4.5971e-19 1.82661e-18 -7.32758e-08 -4.69731e-09 -7.32773e-08 -4.79501e-09
0.558615 -1.4008e-12 -9.59732e-11 -7.32676e-08 -4.75412e-09 4.55608e-19 -2.9716e-19 -7.3321e-08 -4.74128e-09 -7.33224e-08 -4.83725e-09
0.558972 -1.34043e-12 -9.27643e-11 -7.32973e-08 -4.7961e-09 -4.27444e-19 1.6449e-18 -7.33636e-08 -4.78379e-09 -7.3365e-08 -4.87656e-09
0.55933 -1.30292e-12 -9.11862e-11 -7.33193e-08 -4.83967e-09 4.23302e-19 -3.22986e-19 -7.33959e-08 -4.82781e-09 -7.33972e-08 -4.919e-09
0.559688 -1.24679e-12 -8.81271e-11 -7.33368e-08 -4.88173e-09 -3.97759e-19 1.485e-18 -7.34257e-08 -4.87037e-09 -7.3427e-08 -4.9585e-09
0.560045 -1.21282e-12 -8.66881e-11 -7.33466e-08 -4.92537e-09 3.93662e-19 -3.40423e-19 -7.34452e-08 -4.91443e-09 -7.34464e-08 -5.00112e-09
0.560403 -1.16055e-12 -8.37682e-11 -7.3352e-08 -4.96751e-09 -3.70427e-19 1.34391e-18 -7.34622e-08 -4.95703e-09 -7.34633e-08 -5.0408e-09
0.56076 -1.1298e-12 -8.24582e-11 -7.33496e-08 -5.01121e-09 3.66434e-19 -3.51147e-19 -7.34689e-08 -5.00111e-09 -7.347e-08 -5.08357e-09
0.561118 -1.08107e-12 -7.96681e-11 -7.33428e-08 -5.05339e-09 -3.45243e-19 1.21907e-18 -7.34731e-08 -5.04373e-09 -7.34742e-08 -5.12339e-09
0.561476 -1.05322e-12 -7.84779e-11 -7.33283e-08 -5.09713e-09 3.41393e-19 -3.56533e-19 -7.34671e-08 -5.08782e-09 -7.34681e-08 -5.16629e-09
0.561833 -1.00773e-12 -7.58085e-11 -7.33094e-08 -5.13936e-09 -3.22018e-19 1.1083e-18 -7.34586e-08 -5.13044e-09 -7.34596e-08 -5.20625e-09
0.562191 -9.82527e-13 -7.47297e-11 -7.32827e-08 -5.18312e-09 3.18339e-19 -3.577e-19 -7.34399e-08 -5.17453e-09 -7.34409e-08 -5.24926e-09
0.562549 -9.40004e-13 -7.2173e-11 -7.32517e-08 -5.22537e-09 -3.00579e-19 1.00976e-18 -7.34187e-08 -5.21714e-09 -7.34197e-08 -5.28932e-09
0.562906 -9.17199e-13 -7.11977e-11 -7.32129e-08 -5.26914e-09 2.97095e-19 -3.55553e-19 -7.33874e-08 -5.26122e-09 -7.33883e-08 -5.33241e-09
0.563264 -8.77401e-13 -6.87461e-11 -7.31698e-08 -5.31139e-09 -2.8077e-19 9.21871e-19 -7.33536e-08 -5.30381e-09 -7.33545e-08 -5.37256e-09
0.563622 -8.56777e-13 -6.78673e-11 -7.31189e-08 -5.35516e-09 2.77502e-19 -3.5082e-19 -7.33097e-08 -5.34785e-09 -7.33106e-08 -5.41572e-09
0.563979 -8.19483e-13 -6.5514e-11 -7.30638e-08 -5.3974e-09 -2.62451e-19 8.43308e-19 -7.32634e-08 -5.39042e-09 -7.32642e-08 -5.45593e-09
0.564337 -8.00844e-13 -6.47249e-11 -7.30009e-08 -5.44114e-09 2.59412e-19 -3.44088e-19 -7.32069e-08 -5.43441e-09 -7.32077e-08 -5.49914e-09
0.564694 -7.65855e-13 -6.24634e-11 -7.29336e-08 -5.48336e-09 -2.45498e-19 7.72921e-19 -7.31481e-08 -5.47693e-09 -7.31489e-08 -5.53939e-09
0.565052 -7.49022e-13 -6.17579e-11 -7.28587e-08 -5.52707e-09 2.42691e-19 -3.35844e-19 -7.30791e-08 -5.52087e-09 -7.30799e-08 -5.58263e-09
0.56541 -7.16157e-13 -5.95824e-11 -7.27795e-08 -5.56924e-09 -2.29801e-19 7.09715e-19 -7.30079e-08 -5.56332e-09 -7.30086e-08 -5.6229e-09
0.565767 -7.00969e-13 -5.8955e-11 -7.26925e-08 -5.61289e-09 2.2722e-19 -3.26488e-19 -7.29265e-08 -5.60719e-09 -7.29272e-08 -5.66615e-09
0.566125 -6.70064e-13 -5.686e-11 -7.26013e-08 -5.65501e-09 -2.15256e-19 6.52821e-19 -7.28428e-08 -5.64957e-09 -7.28435e-08 -5.70643e-09
0.566483 -6.56377e-13 -5.63053e-11 -7.25024e-08 -5.6986e-09 2.1289e-19 -3.16353e-19 -7.2749e-08 -5.69336e-09 -7.27497e-08 -5.74966e-09
0.56684 -6.27281e-13 -5.42858e-11 -7.23992e-08 -5.74065e-09 -2.01767e-19 6.0149e-19 -7.2653e-08 -5.73565e-09 -7.26536e-08 -5.78993e-09
0.567198 -6.14962e-13 -5.37991e-11 -7.22884e-08 -5.78415e-09 1.99608e-19 -3.05702e-19 -7.25469e-08 -5.77933e-09 -7.25475e-08 -5.83313e-09
0.567555 -5.8754e-13 -5.18505e-11 -7.21733e-08 -5.82611e-09 -1.89245e-19 5.55079e-19 -7.24385e-08 -5.82152e-09 -7.24391e-08 -5.87337e-09
0.567913 -5.7647e-13 -5.14272e-11 -7.20506e-08 -5.86952e-09 1.8729e-19 -2.94737e-19 -7.23202e-08 -5.8651e-09 -7.23208e-08 -5.91653e-09
0.568271 -5.50598e-13 -4.95451e-11 -7.19237e-08 -5.91139e-09 -1.77612e-19 5.13037e-19 -7.21996e-08 -5.90717e-09 -7.22001e-08 -5.95672e-09
0.568628 -5.40668e-13 -4.91812e-11 -7.17891e-08 -5.95468e-09 1.75856e-19 -2.83617e-19 -7.2069e-08 -5.95062e-09 -7.20696e-08 -5.99981e-09
0.568986 -5.16232e-13 -4.73616e-11 -7.16503e-08 -5.99643e-09 -1.66796e-19 4.74885e-19 -7.19363e-08 -5.99257e-09 -7.19368e-08 -6.03993e-09
0.569344 -5.07343e-13 -4.70531e-11 -7.1504e-08 -6.03961e-09 1.65234e-19 -2.72466e-19 -7.17935e-08 -6.03588e-09 -7.17941e-08 -6.08294e-09
0.569701 -4.84241e-13 -4.52923e-11 -7.13534e-08 -6.08122e-09 -1.56734e-19 4.40201e-19 -7.16487e-08 -6.07769e-09 -7.16491e-08 -6.12298e-09
0.570059 -4.76303e-13 -4.50357e-11 -7.11953e-08 -6.12426e-09 1.55355e-19 -2.61389e-19 -7.14939e-08 -6.12085e-09 -7.14943e-08 -6.16589e-09
0.570416 -4.5444e-13 -4.33303e-11 -7.10331e-08 -6.16573e-09 -1.47369e-19 4.08611e-19 -7.13369e-08 -6.1625e-09 -7.13374e-08 -6.20583e-09
0.570774 -4.4737e-13 -4.31223e-11 -7.08632e-08 -6.20861e-09 1.46159e-19 -2.50471e-19 -7.11701e-08 -6.2055e-09 -7.11705e-08 -6.24862e-09
0.571132 -4.2666e-13 -4.14689e-11 -7.06893e-08 -6.24993e-09 -1.38647e-19 3.79783e-19 -7.10011e-08 -6.24698e-09 -7.10016e-08 -6.28845e-09
0.571489 -4.20385e-13 -4.13065e-11 -7.05078e-08 -6.29265e-09 1.37594e-19 -2.39782e-19 -7.08224e-08 -6.2898e-09 -7.08228e-08 -6.3311e-09
0.571847 -4.00747e-13 -3.97023e-11 -7.03223e-08 -6.3338e-09 -1.30518e-19 3.53425e-19 -7.06415e-08 -6.3311e-09 -7.06419e-08 -6.3708e-09
0.572205 -3.95199e-13 -3.95824e-11 -7.01292e-08 -6.37633e-09 1.29611e-19 -2.2937e-19 -7.04509e-08 -6.37373e-09 -7.04512e-08 -6.41331e-09
0.572562 -3.76562e-13 -3.80246e-11 -6.99321e-08 -6.41729e-09 -1.22934e-19 3.29287e-19 -7.02581e-08 -6.41483e-09 -7.02585e-08 -6.45286e-09
0.57292 -3.71678e-13 -3.79447e-11 -6.97275e-08 -6.45963e-09 1.22166e-19 -2.19265e-19 -7.00557e-08 -6.45726e-09 -7.0056e-08 -6.49521e-09
0.573277 -3.53975e-13 -3.64306e-11 -6.95189e-08 -6.5004e-09 -1.15853e-19 3.07149e-19 -6.98512e-08 -6.49816e-09 -6.98515e-08 -6.53459e-09
0.573635 -3.49698e-13 -3.63882e-11 -6.93028e-08 -6.54252e-09 1.15218e-19 -2.09488e-19 -6.96369e-08 -6.54037e-09 -6.96373e-08 -6.57676e-09
0.573993 -3.32867e-13 -3.49155e-11 -6.90828e-08 -6.58308e-09 -1.09239e-19 2.8682e-19 -6.94207e-08 -6.58105e-09 -6.94211e-08 -6.61597e-09
0.57435 -3.29146e-13 -3.49082e-11 -6.88553e-08 -6.62499e-09 1.0873e-19 -2.00052e-19 -6.91949e-08 -6.62303e-09 -6.91952e-08 -6.65794e-09
0.574708 -3.1313e-13 -3.34747e-11 -6.86239e-08 -6.66532e-09 -1.03057e-19 2.68125e-19 -6.8967e-08 -6.66348e-09 -6.89673e-08 -6.69695e-09
0.575066 -3.09918e-13 -3.35003e-11 -6.83851e-08 -6.70699e-09 1.02664e-19 -1.90966e-19 -6.87296e-08 -6.70521e-09 -6.87299e-08 -6.73872e-09
0.575423 -2.94666e-13 -3.21038e-11 -6.81424e-08 -6.74708e-09 -9.72764e-20 2.50907e-19 -6.84902e-08 -6.74542e-09 -6.84905e-08 -6.77752e-09
0.575781 -2.91918e-13 -3.21603e-11 -6.78924e-08 -6.7885e-09 9.69904e-20 -1.8224e-19 -6.82412e-08 -6.7869e-09 -6.82415e-08 -6.81906e-09
0.576138 -2.77381e-13 -3.07989e-11 -6.76384e-08 -6.82835e-09 -9.18681e-20 2.35024e-19 -6.79904e-08 -6.82684e-09 -6.79906e-08 -6.85764e-09
0.576496 -2.75058e-13 -3.08845e-11 -6.73772e-08 -6.86951e-09 9.16797e-20 -1.73876e-19 -6.773e-08 -6.86806e-09 -6.77303e-08 -6.89894e-09
0.576854 -2.61193e-13 -2.95563e-11 -6.71121e-08 -6.90909e-09 -8.68043e-20 2.20352e-19 -6.74678e-08 -6.90773e-09 -6.7468e-08 -6.93729e-09
0.577211 -2.59258e-13 -2.96691e-11 -6.68398e-08 -6.94998e-09 8.67063e-20 -1.65871e-19 -6.71961e-08 -6.94867e-09 -6.71963e-08 -6.97834e-09
0.577569 -2.46023e-13 -2.83724e-11 -6.65636e-08 -6.98928e-09 -8.20597e-20 2.06781e-19 -6.69225e-08 -6.98806e-09 -6.69228e-08 -7.01643e-09
0.577927 -2.44443e-13 -2.85109e-11 -6.62803e-08 -7.02988e-09 8.20463e-20 -1.58217e-19 -6.66396e-08 -7.02871e-09 -6.66398e-08 -7.05722e-09
0.578284 -2.31801e-13 -2.72441e-11 -6.59931e-08 -7.06889e-09 -7.76114e-20 1.94215e-19 -6.63548e-08 -7.0678e-09 -6.63551e-08 -7.09505e-09
0.578642 -2.30544e-13 -2.74067e-11 -6.56988e-08 -7.10919e-09 7.76773e-20 -1.50905e-19 -6.60607e-08 -7.10814e-09 -6.6061e-08 -7.13555e-09
0.579 -2.18461e-13 -2.61683e-11 -6.54008e-08 -7.14791e-09 -7.34386e-20 1.82567e-19 -6.57649e-08 -7.14693e-09 -6.57651e-08 -7.1731e-09
0.579357 -2.17499e-13 -2.63534e-11 -6.50956e-08 -7.18789e-09 7.35784e-20 -1.43926e-19 -6.54597e-08 -7.18695e-09 -6.546e-08 -7.21331e-09
0.579715 -2.05941e-13 -2.51421e-11 -6.47868e-08 -7.22629e-09 -6.95224e-20 1.71758e-19 -6.51529e-08 -7.22542e-09 -6.51531e-08 -7.25057e-09
0.580072 -2.05249e-13 -2.53485e-11 -6.44709e-08 -7.26595e-09 6.97303e-20 -1.37269e-19 -6.48368e-08 -7.26512e-09 -6.4837e-08 -7.29047e-09
0.58043 -1.94186e-13 -2.41628e-11 -6.41513e-08 -7.30403e-09 -6.58451e-20 1.61716e-19 -6.4519e-08 -7.30326e-09 -6.45192e-08 -7.32742e-09
0.580788 -1.9374e-13 -2.43892e-11 -6.38247e-08 -7.34335e-09 6.61154e-20 -1.30925e-19 -6.4192e-08 -7.34261e-09 -6.41922e-08 -7.367e-09
0.581145 -1.83145e-13 -2.3228e-11 -6.34945e-08 -7.38109e-09 -6.23905e-20 1.52376e-19 -6.38634e-08 -7.38041e-09 -6.38636e-08 -7.40363e-09
0.581503 -1.82922e-13 -2.34731e-11 -6.31574e-08 -7.42006e-09 6.27176e-20 -1.24882e-19 -6.35257e-08 -7.41941e-09 -6.35259e-08 -7.44288e-09
0.581861 -1.72768e-13 -2.23352e-11 -6.28167e-08 -7.45745e-09 -5.91432e-20 1.43679e-19 -6.31864e-08 -7.45685e-09 -6.31865e-08 -7.47918e-09
0.582218 -1.72749e-13 -2.25979e-11 -6.2469e-08 -7.49606e-09 5.95223e-20 -1.19129e-19 -6.2838e-08 -7.49548e-09 -6.28382e-08 -7.51808e-09
0.582576 -1.63013e-13 -2.14823e-11 -6.21179e-08 -7.53308e-09 -5.60889e-20 1.35572e-19 -6.24881e-08 -7.53256e-09 -6.24882e-08 -7.55404e-09
0.582933 -1.63178e-13 -2.17616e-11 -6.17599e-08 -7.57132e-09 5.65159e-20 -1.13655e-19 -6.21291e-08 -7.57082e-09 -6.21293e-08 -7.59258e-09
0.583291 -1.53838e-13 -2.06671e-11 -6.13984e-08 -7.60797e-09 -5.32147e-20 1.28009e-19 -6.17687e-08 -7.60752e-09 -6.17689e-08 -7.62819e-09
0.583649 -1.5417e-13 -2.0962e-11 -6.10302e-08 -7.64583e-09 5.36859e-20 -1.08446e-19 -6.13994e-08 -7.64539e-09 -6.13995e-08 -7.66635e-09
0.584006 -1.45204e-13 -1.98877e-11 -6.06585e-08 -7.68209e-09 -5.05082e-20 1.20946e-19 -6.10286e-08 -7.6817e-09 -6.10287e-08 -7.70159e-09
0.584364 -1.45689e-13 -2.01973e-11 -6.02801e-08 -7.71955e-09 5.10206e-20 -1.03491e-19 -6.06489e-08 -7.71917e-09 -6.0649e-08 -7.73937e-09
0.584722 -1.37078e-13 -1.91424e-11 -5.98983e-08 -7.75542e-09 -4.79587e-20 1.14346e-19 -6.02678e-08 -7.75508e-09 -6.02679e-08 -7.77422e-09
0.585079 -1.37699e-13 -1.94657e-11 -5.95098e-08 -7.79247e-09 4.85089e-20 -9.87766e-20 -5.98779e-08 -7.79214e-09 -5.98781e-08 -7.81161e-09
0.585437 -1.29425e-13 -1.84292e-11 -5.9118e-08 -7.82793e-09 -4.55559e-20 1.08174e-19 -5.94867e-08 -7.82764e-09 -5.94868e-08 -7.84607e-09
0.585794 -1.3017e-13 -1.87655e-11 -5.87197e-08 -7.86456e-09 4.61404e-20 -9.42924e-20 -5.90867e-08 -7.86428e-09 -5.90869e-08 -7.88305e-09
0.586152 -1.22216e-13 -1.77467e-11 -5.8318e-08 -7.8996e-09 -4.32908e-20 1.02395e-19 -5.86855e-08 -7.89936e-09 -5.86856e-08 -7.91711e-09
0.58651 -1.23072e-13 -1.80952e-11 -5.79098e-08 -7.93581e-09 4.39058e-20 -9.00282e-20 -5.82755e-08 -7.93557e-09 -5.82757e-08 -7.95367e-09
0.586867 -1.15423e-13 -1.70933e-11 -5.74983e-08 -7.97041e-09 -4.11542e-20 9.69806e-20 -5.78644e-08 -7.97021e-09 -5.78645e-08 -7.9873e-09
0.587225 -1.16378e-13 -1.74531e-11 -5.70804e-08 -8.00618e-09 4.17965e-20 -8.59749e-20 -5.74446e-08 -8.00598e-09 -5.74447e-08 -8.02343e-09
0.587583 -1.09018e-13 -1.64674e-11 -5.66594e-08 -8.04034e-09 -3.91379e-20 9.19016e-20 -5.70236e-08 -8.04018e-09 -5.70237e-08 -8.05664e-09
0.58794 -1.10063e-13 -1.68381e-11 -5.62319e-08 -8.07565e-09 3.98049e-20 -8.21221e-20 -5.65941e-08 -8.07549e-09 -5.65942e-08 -8.09233e-09
0.588298 -1.02979e-13 -1.58679e-11 -5.58013e-08 -8.10937e-09 -3.72336e-20 8.71343e-20 -5.61635e-08 -8.10923e-09 -5.61636e-08 -8.1251e-09
0.588655 -1.04103e-13 -1.62486e-11 -5.53644e-08 -8.14422e-09 3.79239e-20 -7.84589e-20 -5.57244e-08 -8.14408e-09 -5.57245e-08 -8.16033e-09
0.589013 -9.72823e-14 -1.52933e-11 -5.49244e-08 -8.17747e-09 -3.54344e-20 8.26575e-20 -5.52842e-08 -8.17736e-09 -5.52843e-08 -8.19266e-09
0.589371 -9.84757e-14 -1.56835e-11 -5.44781e-08 -8.21184e-09 3.61463e-20 -7.49744e-20 -5.48357e-08 -8.21174e-09 -5.48358e-08 -8.22742e-09
0.589728 -9.19065e-14 -1.47426e-11 -5.40289e-08 -8.24462e-09 -3.37339e-20 7.84515e-20 -5.43861e-08 -8.24454e-09 -5.43862e-08 -8.25928e-09
0.590086 -9.31615e-14 -1.51416e-11 -5.35734e-08 -8.27852e-09 3.44654e-20 -7.1659e-20 -5.39283e-08 -8.27843e-09 -5.39284e-08 -8.29357e-09
0.590444 -8.68321e-14 -1.42144e-11 -5.3115e-08 -8.31081e-09 -3.21263e-20 7.44973e-20 -5.34695e-08 -8.31075e-09 -5.34696e-08 -8.32496e-09
0.590801 -8.81409e-14 -1.46217e-11 -5.26505e-08 -8.34421e-09 3.28748e-20 -6.85048e-20 -5.30024e-08 -8.34415e-09 -5.30025e-08 -8.35877e-09
0.591159 -8.20407e-14 -1.37077e-11 -5.21831e-08 -8.37601e-09 -3.06061e-20 7.07762e-20 -5.25345e-08 -8.37597e-09 -5.25346e-08 -8.38968e-09
0.591516 -8.33963e-14 -1.41229e-11 -5.17097e-08 -8.40891e-09 3.13691e-20 -6.55051e-20 -5.20584e-08 -8.40886e-09 -5.20585e-08 -8.42298e-09
0.591874 -7.75154e-14 -1.32216e-11 -5.12334e-08 -8.4402e-09 -2.91678e-20 6.72709e-20 -5.15814e-08 -8.44018e-09 -5.15815e-08 -8.4534e-09
0.592232 -7.89111e-14 -1.36441e-11 -5.07512e-08 -8.47259e-09 2.99432e-20 -6.26531e-20 -5.10964e-08 -8.47256e-09 -5.10965e-08 -8.4862e-09
0.592589 -7.32401e-14 -1.27551e-11 -5.02662e-08 -8.50337e-09 -2.78062e-20 6.39663e-20 -5.06107e-08 -8.50336e-09 -5.06107e-08 -8.51611e-09
0.592947 -7.46698e-14 -1.31844e-11 -4.97753e-08 -8.53523e-09 2.85928e-20 -5.99407e-20 -5.01169e-08 -8.53521e-09 -5.0117e-08 -8.5484e-09
0.593305 -6.92e-14 -1.23072e-11 -4.92818e-08 -8.56549e-09 -2.65163e-20 6.08497e-20 -4.96224e-08 -8.56549e-09 -4.96225e-08 -8.5778e-09
0.593662 -7.06579e-14 -1.27429e-11 -4.87824e-08 -8.59682e-09 2.73134e-20 -5.73597e-20 -4.912e-08 -8.59681e-09 -4.91201e-08 -8.60955e-09
0.59402 -6.5381e-14 -1.1877e-11 -4.82804e-08 -8.62655e-09 -2.52938e-20 5.79099e-20 -4.8617e-08 -8.62656e-09 -4.8617e-08 -8.63843e-09
0.594378 -6.6862e-14 -1.23187e-11 -4.77726e-08 -8.65734e-09 2.61007e-20 -5.49021e-20 -4.81061e-08 -8.65733e-09 -4.81062e-08 -8.66965e-09
0.594735 -6.17701e-14 -1.14638e-11 -4.72623e-08 -8.68652e-09 -2.4135e-20 5.51358e-20 -4.75947e-08 -8.68654e-09 -4.75947e-08 -8.698e-09
0.595093 -6.32693e-14 -1.1911e-11 -4.67464e-08 -8.71676e-09 2.49504e-20 -5.25614e-20 -4.70755e-08 -8.71676e-09 -4.70756e-08 -8.72867e-09
0.59545 -5.83552e-14 -1.10668e-11 -4.62279e-08 -8.7454e-09 -2.30365e-20 5.25165e-20 -4.65558e-08 -8.74541e-09 -4.65559e-08 -8.75648e-09
0.595808 -5.98681e-14 -1.15192e-11 -4.57039e-08 -8.77507e-09 2.38587e-20 -5.03321e-20 -4.60285e-08 -8.77508e-09 -4.60285e-08 -8.7866e-09
0.596166 -5.51249e-14 -1.06852e-11 -4.51774e-08 -8.80315e-09 -2.19947e-20 5.00411e-20 -4.55007e-08 -8.80317e-09 -4.55007e-08 -8.81385e-09
0.596523 -5.66474e-14 -1.11425e-11 -4.46455e-08 -8.83226e-09 2.28221e-20 -4.82097e-20 -4.49653e-08 -8.83227e-09 -4.49654e-08 -8.84341e-09
0.596881 -5.20685e-14 -1.03183e-11 -4.41112e-08 -8.85977e-09 -2.10064e-20 4.76995e-20 -4.44296e-08 -8.85979e-09 -4.44296e-08 -8.8701e-09
0.597239 -5.35968e-14 -1.07801e-11 -4.35715e-08 -8.8883e-09 2.18377e-20 -4.61892e-20 -4.38864e-08 -8.88831e-09 -4.38864e-08 -8.89909e-09
0.597596 -4.91761e-14 -9.96555e-12 -4.30295e-08 -8.91523e-09 -2.00681e-20 4.54832e-20 -4.33429e-08 -8.91525e-09 -4.33429e-08 -8.92521e-09
0.597954 -5.07066e-14 -1.04315e-11 -4.24822e-08 -8.94317e-09 2.09027e-20 -4.42653e-20 -4.2792e-08 -8.94318e-09 -4.2792e-08 -8.95361e-09
0.598311 -4.64383e-14 -9.62624e-12 -4.19327e-08 -8.96952e-09 -1.91769e-20 4.33848e-20 -4.22408e-08 -8.96954e-09 -4.22408e-08 -8.97916e-09
0.598669 -4.79678e-14 -1.00961e-11 -4.1378e-08 -8.99687e-09 2.00144e-20 -4.2432e-20 -4.16824e-08 -8.99688e-09 -4.16824e-08 -9.00697e-09
0.599027 -4.38464e-14 -9.29979e-12 -4.08211e-08 -9.02262e-09 -1.83301e-20 4.13979e-20 -4.11237e-08 -9.02264e-09 -4.11238e-08 -9.03194e-09
0.599384 -4.53717e-14 -9.77326e-12 -4.0259e-08 -9.04937e-09 1.91701e-20 -4.0684e-20 -4.05579e-08 -9.04938e-09 -4.0558e-08 -9.05915e-09
