0.399828 5.07921e-11 4.02234e-11 1.87915e-10 4.1831e-10 -1.88925e-17 2.14729e-17 4.71378e-10 7.34528e-10 5.2217e-10 7.74752e-10
0.400186 5.17969e-11 4.11548e-11 1.91222e-10 4.2476e-10 -1.9539e-17 2.20732e-17 4.79913e-10 7.45014e-10 5.3171e-10 7.86169e-10
0.400543 5.28226e-11 4.21091e-11 1.94585e-10 4.31304e-10 -2.02084e-17 2.26899e-17 4.88598e-10 7.55625e-10 5.41421e-10 7.97734e-10
0.400901 5.38697e-11 4.30872e-11 1.98002e-10 4.37942e-10 -2.09017e-17 2.33237e-17 4.97435e-10 7.66363e-10 5.51305e-10 8.0945e-10
0.401258 5.49387e-11 4.40894e-11 2.01476e-10 4.44676e-10 -2.16196e-17 2.3975e-17 5.06426e-10 7.77227e-10 5.61365e-10 8.21317e-10
0.401616 5.60301e-11 4.51166e-11 2.05006e-10 4.51505e-10 -2.23631e-17 2.46441e-17 5.15574e-10 7.88218e-10 5.71604e-10 8.33335e-10
0.401974 5.71443e-11 4.61694e-11 2.08593e-10 4.58432e-10 -2.31331e-17 2.53315e-17 5.24879e-10 7.99335e-10 5.82023e-10 8.45505e-10
0.402331 5.82818e-11 4.72483e-11 2.12238e-10 4.65456e-10 -2.39305e-17 2.60378e-17 5.34345e-10 8.1058e-10 5.92627e-10 8.57828e-10
0.402689 5.94432e-11 4.83542e-11 2.15942e-10 4.7258e-10 -2.47564e-17 2.67632e-17 5.43973e-10 8.2195e-10 6.03417e-10 8.70304e-10
0.403047 6.06288e-11 4.94876e-11 2.19704e-10 4.79802e-10 -2.56117e-17 2.75084e-17 5.53766e-10 8.33447e-10 6.14395e-10 8.82935e-10
0.403404 6.18393e-11 5.06493e-11 2.23526e-10 4.87126e-10 -2.64976e-17 2.82738e-17 5.63726e-10 8.4507e-10 6.25566e-10 8.95719e-10
0.403762 6.30751e-11 5.18401e-11 2.27407e-10 4.9455e-10 -2.74152e-17 2.90598e-17 5.73855e-10 8.56819e-10 6.3693e-10 9.08659e-10
0.404119 6.43368e-11 5.30607e-11 2.31349e-10 5.02076e-10 -2.83656e-17 2.9867e-17 5.84154e-10 8.68692e-10 6.48491e-10 9.21753e-10
0.404477 6.5625e-11 5.43119e-11 2.35352e-10 5.09705e-10 -2.935e-17 3.06959e-17 5.94627e-10 8.80691e-10 6.60251e-10 9.35002e-10
0.404835 6.69401e-11 5.55945e-11 2.39417e-10 5.17437e-10 -3.03697e-17 3.15469e-17 6.05274e-10 8.92813e-10 6.72214e-10 9.48407e-10
0.405192 6.82828e-11 5.69093e-11 2.43543e-10 5.25273e-10 -3.14259e-17 3.24207e-17 6.16098e-10 9.05057e-10 6.8438e-10 9.61967e-10
0.40555 6.96536e-11 5.82571e-11 2.47732e-10 5.33214e-10 -3.25199e-17 3.33176e-17 6.27101e-10 9.17424e-10 6.96754e-10 9.75681e-10
0.405908 7.10532e-11 5.96388e-11 2.51983e-10 5.4126e-10 -3.36532e-17 3.42382e-17 6.38284e-10 9.29912e-10 7.09337e-10 9.89551e-10
0.406265 7.2482e-11 6.10553e-11 2.56298e-10 5.49412e-10 -3.48272e-17 3.51831e-17 6.4965e-10 9.4252e-10 7.22132e-10 1.00357e-09
0.406623 7.39408e-11 6.25075e-11 2.60675e-10 5.5767e-10 -3.60432e-17 3.61527e-17 6.61201e-10 9.55245e-10 7.35142e-10 1.01775e-09
0.406981 7.54302e-11 6.39964e-11 2.65117e-10 5.66035e-10 -3.7303e-17 3.71477e-17 6.72937e-10 9.68088e-10 7.48368e-10 1.03208e-09
0.407338 7.69508e-11 6.55228e-11 2.69622e-10 5.74508e-10 -3.86079e-17 3.81685e-17 6.84862e-10 9.81045e-10 7.61813e-10 1.04657e-09
0.407696 7.85032e-11 6.70878e-11 2.74192e-10 5.83088e-10 -3.99598e-17 3.92157e-17 6.96976e-10 9.94116e-10 7.75479e-10 1.0612e-09
0.408053 8.00881e-11 6.86924e-11 2.78825e-10 5.91775e-10 -4.13602e-17 4.02899e-17 7.09281e-10 1.0073e-09 7.89369e-10 1.07599e-09
0.408411 8.17061e-11 7.03376e-11 2.83523e-10 6.00571e-10 -4.2811e-17 4.13915e-17 7.21779e-10 1.02059e-09 8.03485e-10 1.09093e-09
0.408769 8.33581e-11 7.20245e-11 2.88286e-10 6.09476e-10 -4.43139e-17 4.25211e-17 7.34471e-10 1.03398e-09 8.17829e-10 1.10601e-09
0.409126 8.50446e-11 7.37542e-11 2.93113e-10 6.18488e-10 -4.58708e-17 4.36793e-17 7.47358e-10 1.04749e-09 8.32403e-10 1.12124e-09
0.409484 8.67663e-11 7.55277e-11 2.98004e-10 6.2761e-10 -4.74838e-17 4.48666e-17 7.60442e-10 1.06109e-09 8.47208e-10 1.13661e-09
0.409842 8.8524e-11 7.73463e-11 3.02959e-10 6.3684e-10 -4.91547e-17 4.60836e-17 7.73724e-10 1.07479e-09 8.62248e-10 1.15213e-09
0.410199 9.03185e-11 7.92111e-11 3.07979e-10 6.46178e-10 -5.08857e-17 4.73307e-17 7.87204e-10 1.08858e-09 8.77523e-10 1.16779e-09
0.410557 9.21503e-11 8.11233e-11 3.13062e-10 6.55625e-10 -5.2679e-17 4.86086e-17 8.00885e-10 1.10247e-09 8.93035e-10 1.18359e-09
0.410914 9.40205e-11 8.30841e-11 3.18209e-10 6.6518e-10 -5.45367e-17 4.99176e-17 8.14765e-10 1.11644e-09 9.08786e-10 1.19952e-09
0.411272 9.59296e-11 8.50948e-11 3.23419e-10 6.74843e-10 -5.64613e-17 5.12585e-17 8.28847e-10 1.13049e-09 9.24777e-10 1.21559e-09
0.41163 9.78785e-11 8.71568e-11 3.28692e-10 6.84613e-10 -5.8455e-17 5.26315e-17 8.43131e-10 1.14463e-09 9.4101e-10 1.23179e-09
0.411987 9.98679e-11 8.92714e-11 3.34027e-10 6.9449e-10 -6.05204e-17 5.40373e-17 8.57617e-10 1.15884e-09 9.57485e-10 1.24811e-09
0.412345 1.01899e-10 9.14398e-11 3.39423e-10 7.04473e-10 -6.266e-17 5.54763e-17 8.72305e-10 1.17312e-09 9.74204e-10 1.26456e-09
0.412703 1.03972e-10 9.36636e-11 3.44879e-10 7.14562e-10 -6.48765e-17 5.6949e-17 8.87196e-10 1.18746e-09 9.91167e-10 1.28112e-09
0.41306 1.06088e-10 9.59441e-11 3.50396e-10 7.24755e-10 -6.71726e-17 5.84559e-17 9.02288e-10 1.20186e-09 1.00838e-09 1.2978e-09
0.413418 1.08248e-10 9.82829e-11 3.55971e-10 7.35052e-10 -6.95511e-17 5.99973e-17 9.17583e-10 1.21631e-09 1.02583e-09 1.3146e-09
0.413775 1.10453e-10 1.00681e-10 3.61603e-10 7.45451e-10 -7.20149e-17 6.15736e-17 9.33078e-10 1.23081e-09 1.04353e-09 1.3315e-09
0.414133 1.12703e-10 1.03141e-10 3.67292e-10 7.55952e-10 -7.45671e-17 6.31852e-17 9.48775e-10 1.24535e-09 1.06148e-09 1.3485e-09
0.414491 1.15e-10 1.05664e-10 3.73036e-10 7.66552e-10 -7.72108e-17 6.48326e-17 9.6467e-10 1.25993e-09 1.07967e-09 1.36559e-09
0.414848 1.17344e-10 1.08251e-10 3.78834e-10 7.77251e-10 -7.99492e-17 6.65159e-17 9.80764e-10 1.27453e-09 1.09811e-09 1.38278e-09
0.415206 1.19737e-10 1.10905e-10 3.84683e-10 7.88047e-10 -8.27856e-17 6.82355e-17 9.97054e-10 1.28914e-09 1.11679e-09 1.40005e-09
0.415564 1.22179e-10 1.13626e-10 3.90583e-10 7.98937e-10 -8.57235e-17 6.99916e-17 1.01354e-09 1.30377e-09 1.13572e-09 1.4174e-09
0.415921 1.24671e-10 1.16417e-10 3.96531e-10 8.0992e-10 -8.87664e-17 7.17845e-17 1.03022e-09 1.3184e-09 1.15489e-09 1.43481e-09
0.416279 1.27215e-10 1.1928e-10 4.02524e-10 8.20994e-10 -9.19179e-17 7.36142e-17 1.04708e-09 1.33302e-09 1.1743e-09 1.4523e-09
0.416636 1.2981e-10 1.22215e-10 4.08561e-10 8.32157e-10 -9.51819e-17 7.5481e-17 1.06414e-09 1.34762e-09 1.19395e-09 1.46983e-09
0.416994 1.32459e-10 1.25226e-10 4.1464e-10 8.43405e-10 -9.85622e-17 7.73848e-17 1.08138e-09 1.36219e-09 1.21384e-09 1.48742e-09
0.417352 1.35161e-10 1.28314e-10 4.20757e-10 8.54736e-10 -1.02063e-16 7.93256e-17 1.0988e-09 1.37673e-09 1.23396e-09 1.50504e-09
0.417709 1.37919e-10 1.31482e-10 4.26909e-10 8.66147e-10 -1.05688e-16 8.13034e-17 1.11639e-09 1.39121e-09 1.25431e-09 1.52269e-09
0.418067 1.40733e-10 1.3473e-10 4.33094e-10 8.77636e-10 -1.09442e-16 8.3318e-17 1.13416e-09 1.40563e-09 1.27489e-09 1.54036e-09
0.418425 1.43604e-10 1.38061e-10 4.39307e-10 8.89197e-10 -1.13329e-16 8.53693e-17 1.1521e-09 1.41998e-09 1.2957e-09 1.55804e-09
0.418782 1.46534e-10 1.41478e-10 4.45546e-10 9.00828e-10 -1.17354e-16 8.74568e-17 1.17019e-09 1.43425e-09 1.31673e-09 1.57572e-09
0.41914 1.49522e-10 1.44982e-10 4.51807e-10 9.12526e-10 -1.21521e-16 8.95804e-17 1.18845e-09 1.44841e-09 1.33797e-09 1.59339e-09
0.419497 1.52571e-10 1.48576e-10 4.58085e-10 9.24284e-10 -1.25836e-16 9.17394e-17 1.20685e-09 1.46245e-09 1.35942e-09 1.61103e-09
0.419855 1.55681e-10 1.52262e-10 4.64376e-10 9.36101e-10 -1.30302e-16 9.39333e-17 1.2254e-09 1.47637e-09 1.38108e-09 1.62863e-09
0.420213 1.58854e-10 1.56042e-10 4.70675e-10 9.47969e-10 -1.34926e-16 9.61614e-17 1.24408e-09 1.49015e-09 1.40294e-09 1.64619e-09
0.42057 1.6209e-10 1.59919e-10 4.76977e-10 9.59885e-10 -1.39712e-16 9.8423e-17 1.26289e-09 1.50376e-09 1.42498e-09 1.66367e-09
0.420928 1.65391e-10 1.63894e-10 4.83278e-10 9.71844e-10 -1.44666e-16 1.00717e-16 1.28182e-09 1.51719e-09 1.44721e-09 1.68108e-09
0.421286 1.68757e-10 1.67972e-10 4.8957e-10 9.83838e-10 -1.49793e-16 1.03042e-16 1.30086e-09 1.53042e-09 1.46962e-09 1.6984e-09
0.421643 1.72191e-10 1.72153e-10 4.95848e-10 9.95863e-10 -1.55099e-16 1.05398e-16 1.32e-09 1.54344e-09 1.49219e-09 1.7156e-09
0.422001 1.75692e-10 1.76442e-10 5.02106e-10 1.00791e-09 -1.60591e-16 1.07783e-16 1.33922e-09 1.55623e-09 1.51492e-09 1.73267e-09
0.422359 1.79262e-10 1.80839e-10 5.08337e-10 1.01998e-09 -1.66273e-16 1.10195e-16 1.35853e-09 1.56876e-09 1.53779e-09 1.7496e-09
0.422716 1.82903e-10 1.85349e-10 5.14533e-10 1.03206e-09 -1.72152e-16 1.12632e-16 1.3779e-09 1.58101e-09 1.5608e-09 1.76636e-09
0.423074 1.86615e-10 1.89973e-10 5.20687e-10 1.04414e-09 -1.78234e-16 1.15094e-16 1.39731e-09 1.59297e-09 1.58393e-09 1.78294e-09
0.423431 1.90399e-10 1.94715e-10 5.26791e-10 1.05621e-09 -1.84526e-16 1.17577e-16 1.41677e-09 1.6046e-09 1.60717e-09 1.79932e-09
0.423789 1.94257e-10 1.99578e-10 5.32836e-10 1.06827e-09 -1.91035e-16 1.20079e-16 1.43625e-09 1.61589e-09 1.63051e-09 1.81547e-09
0.424147 1.98189e-10 2.04564e-10 5.38813e-10 1.08031e-09 -1.97767e-16 1.22599e-16 1.45573e-09 1.6268e-09 1.65392e-09 1.83137e-09
0.424504 2.02197e-10 2.09677e-10 5.44712e-10 1.09232e-09 -2.04728e-16 1.25133e-16 1.4752e-09 1.63732e-09 1.6774e-09 1.847e-09
0.424862 2.06283e-10 2.14919e-10 5.50523e-10 1.10429e-09 -2.11927e-16 1.27677e-16 1.49464e-09 1.64741e-09 1.70093e-09 1.86233e-09
0.42522 2.10446e-10 2.20294e-10 5.56236e-10 1.11621e-09 -2.1937e-16 1.3023e-16 1.51404e-09 1.65705e-09 1.72448e-09 1.87734e-09
0.425577 2.14689e-10 2.25805e-10 5.61839e-10 1.12806e-09 -2.27066e-16 1.32787e-16 1.53336e-09 1.66621e-09 1.74805e-09 1.89201e-09
0.425935 2.19012e-10 2.31454e-10 5.6732e-10 1.13984e-09 -2.3502e-16 1.35345e-16 1.55259e-09 1.67485e-09 1.7716e-09 1.9063e-09
0.426292 2.23416e-10 2.37246e-10 5.72666e-10 1.15154e-09 -2.43241e-16 1.37899e-16 1.5717e-09 1.68294e-09 1.79512e-09 1.92019e-09
0.42665 2.27903e-10 2.43184e-10 5.77864e-10 1.16314e-09 -2.51737e-16 1.40445e-16 1.59067e-09 1.69045e-09 1.81858e-09 1.93364e-09
0.427008 2.32473e-10 2.49272e-10 5.82901e-10 1.17463e-09 -2.60516e-16 1.42978e-16 1.60948e-09 1.69735e-09 1.84195e-09 1.94662e-09
0.427365 2.37129e-10 2.55511e-10 5.87761e-10 1.186e-09 -2.69586e-16 1.45493e-16 1.62809e-09 1.7036e-09 1.86522e-09 1.95911e-09
0.427723 2.41869e-10 2.61907e-10 5.92429e-10 1.19722e-09 -2.78955e-16 1.47984e-16 1.64648e-09 1.70916e-09 1.88835e-09 1.97107e-09
0.428081 2.46697e-10 2.68463e-10 5.96889e-10 1.2083e-09 -2.88632e-16 1.50445e-16 1.66462e-09 1.71399e-09 1.91131e-09 1.98245e-09
0.428438 2.51613e-10 2.75182e-10 6.01123e-10 1.21921e-09 -2.98624e-16 1.5287e-16 1.68247e-09 1.71805e-09 1.93408e-09 1.99323e-09
0.428796 2.56617e-10 2.82069e-10 6.05114e-10 1.22993e-09 -3.08941e-16 1.55252e-16 1.69999e-09 1.7213e-09 1.95661e-09 2.00337e-09
0.429153 2.61711e-10 2.89126e-10 6.08842e-10 1.24045e-09 -3.19591e-16 1.57582e-16 1.71716e-09 1.7237e-09 1.97887e-09 2.01283e-09
0.429511 2.66896e-10 2.96359e-10 6.12287e-10 1.25076e-09 -3.30583e-16 1.59854e-16 1.73393e-09 1.7252e-09 2.00083e-09 2.02156e-09
0.429869 2.72173e-10 3.03769e-10 6.1543e-10 1.26082e-09 -3.41925e-16 1.62059e-16 1.75027e-09 1.72575e-09 2.02244e-09 2.02952e-09
0.430226 2.77542e-10 3.11363e-10 6.18247e-10 1.27063e-09 -3.53627e-16 1.64188e-16 1.76613e-09 1.72531e-09 2.04367e-09 2.03667e-09
0.430584 2.83004e-10 3.19143e-10 6.20715e-10 1.28016e-09 -3.65698e-16 1.66231e-16 1.78146e-09 1.72382e-09 2.06447e-09 2.04297e-09
0.430942 2.88561e-10 3.27114e-10 6.22812e-10 1.2894e-09 -3.78146e-16 1.68177e-16 1.79623e-09 1.72124e-09 2.08479e-09 2.04835e-09
0.431299 2.94213e-10 3.3528e-10 6.2451e-10 1.29832e-09 -3.9098e-16 1.70017e-16 1.81037e-09 1.7175e-09 2.10458e-09 2.05278e-09
0.431657 2.9996e-10 3.43644e-10 6.25784e-10 1.30689e-09 -4.0421e-16 1.71738e-16 1.82384e-09 1.71255e-09 2.1238e-09 2.0562e-09
0.432014 3.05804e-10 3.52211e-10 6.26607e-10 1.3151e-09 -4.17844e-16 1.73328e-16 1.83658e-09 1.70634e-09 2.14238e-09 2.05855e-09
0.432372 3.11745e-10 3.60986e-10 6.26948e-10 1.32291e-09 -4.3189e-16 1.74773e-16 1.84854e-09 1.69881e-09 2.16028e-09 2.05979e-09
0.43273 3.17783e-10 3.69972e-10 6.26778e-10 1.33031e-09 -4.46359e-16 1.76061e-16 1.85965e-09 1.68988e-09 2.17743e-09 2.05985e-09
0.433087 3.2392e-10 3.79174e-10 6.26064e-10 1.33727e-09 -4.61258e-16 1.77176e-16 1.86985e-09 1.6795e-09 2.19377e-09 2.05868e-09
0.433445 3.30155e-10 3.88596e-10 6.24773e-10 1.34376e-09 -4.76596e-16 1.78103e-16 1.87908e-09 1.66761e-09 2.20924e-09 2.0562e-09
0.433803 3.36489e-10 3.98243e-10 6.22871e-10 1.34975e-09 -4.92381e-16 1.78826e-16 1.88726e-09 1.65412e-09 2.22375e-09 2.05237e-09
0.43416 3.42922e-10 4.08118e-10 6.2032e-10 1.3552e-09 -5.08622e-16 1.79326e-16 1.89433e-09 1.63898e-09 2.23725e-09 2.0471e-09
0.434518 3.49454e-10 4.18227e-10 6.17083e-10 1.3601e-09 -5.25326e-16 1.79586e-16 1.9002e-09 1.62211e-09 2.24965e-09 2.04034e-09
0.434875 3.56086e-10 4.28573e-10 6.13121e-10 1.36441e-09 -5.42501e-16 1.79587e-16 1.90479e-09 1.60343e-09 2.26088e-09 2.03201e-09
0.435233 3.62818e-10 4.3916e-10 6.0839e-10 1.36809e-09 -5.60154e-16 1.79308e-16 1.90803e-09 1.58287e-09 2.27085e-09 2.02203e-09
0.435591 3.69649e-10 4.49995e-10 6.02848e-10 1.37111e-09 -5.78292e-16 1.78728e-16 1.90982e-09 1.56035e-09 2.27947e-09 2.01034e-09
0.435948 3.76579e-10 4.61079e-10 5.96449e-10 1.37343e-09 -5.96922e-16 1.77824e-16 1.91007e-09 1.53578e-09 2.28665e-09 1.99686e-09
0.436306 3.83608e-10 4.72419e-10 5.89146e-10 1.37502e-09 -6.16049e-16 1.76573e-16 1.90869e-09 1.50907e-09 2.2923e-09 1.98149e-09
0.436664 3.90736e-10 4.84018e-10 5.8089e-10 1.37584e-09 -6.35679e-16 1.7495e-16 1.90557e-09 1.48015e-09 2.29631e-09 1.96417e-09
0.437021 3.97963e-10 4.95881e-10 5.71629e-10 1.37585e-09 -6.55816e-16 1.72928e-16 1.90061e-09 1.44892e-09 2.29857e-09 1.94481e-09
0.437379 4.05286e-10 5.08012e-10 5.61309e-10 1.375e-09 -6.76466e-16 1.70481e-16 1.8937e-09 1.41529e-09 2.29898e-09 1.92331e-09
0.437737 4.12707e-10 5.20415e-10 5.49875e-10 1.37326e-09 -6.97631e-16 1.67579e-16 1.88472e-09 1.37917e-09 2.29743e-09 1.89958e-09
0.438094 4.20223e-10 5.33094e-10 5.37267e-10 1.37057e-09 -7.19314e-16 1.64194e-16 1.87356e-09 1.34044e-09 2.29378e-09 1.87354e-09
0.438452 4.27834e-10 5.46053e-10 5.23426e-10 1.36691e-09 -7.41517e-16 1.60293e-16 1.86009e-09 1.29902e-09 2.28792e-09 1.84508e-09
0.438809 4.35538e-10 5.59297e-10 5.08287e-10 1.3622e-09 -7.64241e-16 1.55844e-16 1.84418e-09 1.25481e-09 2.27972e-09 1.8141e-09
0.439167 4.43335e-10 5.72829e-10 4.91786e-10 1.35642e-09 -7.87485e-16 1.50813e-16 1.82569e-09 1.20769e-09 2.26903e-09 1.78051e-09
0.439525 4.51222e-10 5.86653e-10 4.73852e-10 1.34951e-09 -8.11248e-16 1.45164e-16 1.80449e-09 1.15755e-09 2.25571e-09 1.7442e-09
0.439882 4.59198e-10 6.00772e-10 4.54416e-10 1.34141e-09 -8.35528e-16 1.3886e-16 1.78042e-09 1.10429e-09 2.23962e-09 1.70506e-09
0.44024 4.67261e-10 6.15191e-10 4.33403e-10 1.33207e-09 -8.6032e-16 1.31863e-16 1.75333e-09 1.04779e-09 2.22059e-09 1.66298e-09
0.440598 4.75409e-10 6.29912e-10 4.10736e-10 1.32144e-09 -8.8562e-16 1.24133e-16 1.72306e-09 9.87933e-10 2.19847e-09 1.61784e-09
0.440955 4.83639e-10 6.44939e-10 3.86335e-10 1.30947e-09 -9.1142e-16 1.15627e-16 1.68945e-09 9.246e-10 2.17309e-09 1.56954e-09
0.441313 4.91949e-10 6.60275e-10 3.60116e-10 1.29609e-09 -9.37713e-16 1.06304e-16 1.65232e-09 8.57668e-10 2.14427e-09 1.51794e-09
0.44167 5.00336e-10 6.75922e-10 3.31994e-10 1.28124e-09 -9.64487e-16 9.61176e-17 1.61149e-09 7.87013e-10 2.11182e-09 1.46293e-09
0.442028 5.08796e-10 6.91883e-10 3.01878e-10 1.26486e-09 -9.9173e-16 8.50226e-17 1.56677e-09 7.12506e-10 2.07557e-09 1.40439e-09
0.442386 5.17328e-10 7.08161e-10 2.69676e-10 1.24689e-09 -1.01943e-15 7.29709e-17 1.51797e-09 6.34016e-10 2.0353e-09 1.34218e-09
0.442743 5.25926e-10 7.24757e-10 2.35292e-10 1.22726e-09 -1.04757e-15 5.99133e-17 1.46489e-09 5.51412e-10 1.99082e-09 1.27617e-09
0.443101 5.34588e-10 7.41674e-10 1.98624e-10 1.20591e-09 -1.07613e-15 4.57991e-17 1.40732e-09 4.64556e-10 1.94191e-09 1.20623e-09
0.443459 5.43309e-10 7.58912e-10 1.5957e-10 1.18276e-09 -1.10508e-15 3.0576e-17 1.34504e-09 3.73311e-10 1.88835e-09 1.13222e-09
0.443816 5.52085e-10 7.76473e-10 1.18022e-10 1.15775e-09 -1.13442e-15 1.41904e-17 1.27782e-09 2.77536e-10 1.8299e-09 1.05401e-09
0.444174 5.6091e-10 7.94357e-10 7.38698e-11 1.1308e-09 -1.1641e-15 0 1.20543e-09 1.77088e-10 1.76634e-09 9.71446e-10
0.444531 5.69781e-10 8.12566e-10 2.69974e-11 1.10184e-09 -1.1941e-15 -2.22897e-17 1.12762e-09 7.18227e-11 1.6974e-09 8.84388e-10
0.444889 5.78691e-10 8.31097e-10 -2.27138e-11 1.0708e-09 -1.2244e-15 -4.24981e-17 1.04415e-09 -3.84082e-11 1.62284e-09 7.92689e-10
0.445247 5.87635e-10 8.49952e-10 -7.53869e-11 1.03759e-09 -1.25494e-15 -6.40966e-17 9.5476e-10 -1.53754e-10 1.5424e-09 6.96198e-10
0.445604 5.96607e-10 8.69129e-10 -1.31149e-10 1.00214e-09 -1.2857e-15 -8.71452e-17 8.59172e-10 -2.74366e-10 1.45578e-09 5.94764e-10
0.445962 6.05601e-10 8.88626e-10 -1.90131e-10 9.64368e-10 -1.31663e-15 -1.11705e-16 7.57111e-10 -4.00396e-10 1.36271e-09 4.8823e-10
0.44632 6.14609e-10 9.08442e-10 -2.52469e-10 9.24186e-10 -1.34768e-15 -1.37836e-16 6.48289e-10 -5.32001e-10 1.2629e-09 3.76441e-10
0.446677 6.23625e-10 9.28573e-10 -3.18303e-10 8.81514e-10 -1.37881e-15 -1.65602e-16 5.32408e-10 -6.69336e-10 1.15603e-09 2.59236e-10
0.447035 6.3264e-10 9.49016e-10 -3.87777e-10 8.36263e-10 -1.40996e-15 -1.95066e-16 4.09161e-10 -8.12559e-10 1.0418e-09 1.36457e-10
0.447392 6.41648e-10 9.69767e-10 -4.61039e-10 7.88348e-10 -1.44108e-15 -2.2629e-16 2.78231e-10 -9.61828e-10 9.19879e-10 7.93869e-12
0.44775 6.50639e-10 9.9082e-10 -5.38244e-10 7.37679e-10 -1.4721e-15 -2.59337e-16 1.39291e-10 -1.1173e-09 7.8993e-10 -1.26482e-10
0.448108 6.59605e-10 1.01217e-09 -6.19548e-10 6.84164e-10 -1.50295e-15 -2.94271e-16 -7.9975e-12 -1.27914e-09 6.51607e-10 -2.66971e-10
0.448465 6.68536e-10 1.03381e-09 -7.05114e-10 6.27713e-10 -1.53357e-15 -3.31154e-16 -1.63981e-10 -1.44751e-09 5.04555e-10 -4.13694e-10
0.448823 6.77423e-10 1.05574e-09 -7.95109e-10 5.68231e-10 -1.56387e-15 -3.70048e-16 -3.29018e-10 -1.62256e-09 3.48405e-10 -5.66821e-10
0.449181 6.86255e-10 1.07794e-09 -8.89704e-10 5.05623e-10 -1.59378e-15 -4.11015e-16 -5.03477e-10 -1.80446e-09 1.82778e-10 -7.26518e-10
0.449538 6.95022e-10 1.10041e-09 -9.89076e-10 4.39794e-10 -1.62321e-15 -4.54113e-16 -6.87736e-10 -1.99336e-09 7.28641e-12 -8.92956e-10
0.449896 7.03713e-10 1.12313e-09 -1.0934e-09 3.70647e-10 -1.65207e-15 -4.99402e-16 -8.82184e-10 -2.18943e-09 -1.78471e-10 -1.0663e-09
0.450253 7.12316e-10 1.1461e-09 -1.20288e-09 2.98082e-10 -1.68026e-15 -5.46937e-16 -1.08722e-09 -2.39282e-09 -3.74905e-10 -1.24673e-09
0.450611 7.20818e-10 1.1693e-09 -1.31768e-09 2.22002e-10 -1.70768e-15 -5.96772e-16 -1.30326e-09 -2.6037e-09 -5.82439e-10 -1.4344e-09
0.450969 7.29207e-10 1.19271e-09 -1.43801e-09 1.42305e-10 -1.73422e-15 -6.48958e-16 -1.53071e-09 -2.8222e-09 -8.01504e-10 -1.62948e-09
0.451326 7.37471e-10 1.21633e-09 -1.56407e-09 5.8892e-11 -1.75978e-15 -7.03542e-16 -1.77002e-09 -3.04848e-09 -1.03255e-09 -1.83215e-09
0.451684 7.45594e-10 1.24014e-09 -1.69605e-09 -2.8339e-11 -1.78422e-15 -7.60567e-16 -2.02161e-09 -3.2827e-09 -1.27602e-09 -2.04256e-09
0.452042 7.53564e-10 1.26412e-09 -1.83417e-09 -1.19489e-10 -1.80744e-15 -8.20073e-16 -2.28595e-09 -3.525e-09 -1.53238e-09 -2.26088e-09
0.452399 7.61364e-10 1.28824e-09 -1.97865e-09 -2.14661e-10 -1.8293e-15 -8.82093e-16 -2.56348e-09 -3.77551e-09 -1.80212e-09 -2.48727e-09
0.452757 7.68981e-10 1.3125e-09 -2.12968e-09 -3.13956e-10 -1.84966e-15 -9.46656e-16 -2.85469e-09 -4.03438e-09 -2.08571e-09 -2.72188e-09
0.453115 7.76398e-10 1.33686e-09 -2.2875e-09 -4.17476e-10 -1.86839e-15 -1.01378e-15 -3.16005e-09 -4.30173e-09 -2.38365e-09 -2.96487e-09
0.453472 7.83598e-10 1.3613e-09 -2.45232e-09 -5.25323e-10 -1.88534e-15 -1.08349e-15 -3.48005e-09 -4.5777e-09 -2.69645e-09 -3.2164e-09
0.45383 7.90565e-10 1.38581e-09 -2.62439e-09 -6.37598e-10 -1.90036e-15 -1.15578e-15 -3.81518e-09 -4.8624e-09 -3.02461e-09 -3.47659e-09
0.454187 7.97281e-10 1.41034e-09 -2.80391e-09 -7.54401e-10 -1.91331e-15 -1.23066e-15 -4.16595e-09 -5.15594e-09 -3.36867e-09 -3.7456e-09
0.454545 8.03729e-10 1.43486e-09 -2.99114e-09 -8.75831e-10 -1.92402e-15 -1.30811e-15 -4.53288e-09 -5.45843e-09 -3.72915e-09 -4.02357e-09
0.454903 8.0989e-10 1.45936e-09 -3.1863e-09 -1.00199e-09 -1.93232e-15 -1.38812e-15 -4.91647e-09 -5.76997e-09 -4.10658e-09 -4.31061e-09
0.45526 8.15744e-10 1.48379e-09 -3.38963e-09 -1.13297e-09 -1.93807e-15 -1.47064e-15 -5.31727e-09 -6.09063e-09 -4.50153e-09 -4.60684e-09
0.455618 8.21273e-10 1.50812e-09 -3.60137e-09 -1.26886e-09 -1.94108e-15 -1.55565e-15 -5.73579e-09 -6.42051e-09 -4.91452e-09 -4.91239e-09
0.455976 8.26457e-10 1.53231e-09 -3.82178e-09 -1.40977e-09 -1.94119e-15 -1.64307e-15 -6.17258e-09 -6.75967e-09 -5.34613e-09 -5.22736e-09
0.456333 8.31274e-10 1.55631e-09 -4.05108e-09 -1.55578e-09 -1.93823e-15 -1.73284e-15 -6.62818e-09 -7.10816e-09 -5.79691e-09 -5.55184e-09
0.456691 8.35705e-10 1.5801e-09 -4.28953e-09 -1.70698e-09 -1.93202e-15 -1.82488e-15 -7.10313e-09 -7.46602e-09 -6.26742e-09 -5.88592e-09
0.457048 8.39728e-10 1.60361e-09 -4.53737e-09 -1.86345e-09 -1.9224e-15 -1.91907e-15 -7.59797e-09 -7.83329e-09 -6.75824e-09 -6.22968e-09
0.457406 8.43321e-10 1.62681e-09 -4.79485e-09 -2.02528e-09 -1.90918e-15 -2.01531e-15 -8.11326e-09 -8.20998e-09 -7.26994e-09 -6.58317e-09
0.457764 8.46463e-10 1.64964e-09 -5.0622e-09 -2.19255e-09 -1.89221e-15 -2.11346e-15 -8.64953e-09 -8.59609e-09 -7.80307e-09 -6.94645e-09
0.458121 8.49131e-10 1.67204e-09 -5.33968e-09 -2.36533e-09 -1.8713e-15 -2.21336e-15 -9.20735e-09 -8.99161e-09 -8.35822e-09 -7.31956e-09
0.458479 8.51302e-10 1.69397e-09 -5.62752e-09 -2.54369e-09 -1.84632e-15 -2.31484e-15 -9.78724e-09 -9.39649e-09 -8.93593e-09 -7.70253e-09
0.458837 8.52953e-10 1.71536e-09 -5.92596e-09 -2.7277e-09 -1.81708e-15 -2.41769e-15 -1.03897e-08 -9.81071e-09 -9.53679e-09 -8.09535e-09
0.459194 8.54062e-10 1.73615e-09 -6.23524e-09 -2.91742e-09 -1.78346e-15 -2.52171e-15 -1.10154e-08 -1.02342e-08 -1.01613e-08 -8.49802e-09
0.459552 8.54605e-10 1.75627e-09 -6.55559e-09 -3.1129e-09 -1.7453e-15 -2.62666e-15 -1.16647e-08 -1.06668e-08 -1.08101e-08 -8.91052e-09
0.459909 8.54559e-10 1.77566e-09 -6.88723e-09 -3.31419e-09 -1.70248e-15 -2.73226e-15 -1.23382e-08 -1.11085e-08 -1.14837e-08 -9.33281e-09
0.460267 8.53901e-10 1.79425e-09 -7.23038e-09 -3.52134e-09 -1.65489e-15 -2.83824e-15 -1.30365e-08 -1.15591e-08 -1.21826e-08 -9.76482e-09
0.460625 8.52606e-10 1.81195e-09 -7.58525e-09 -3.73438e-09 -1.60241e-15 -2.94427e-15 -1.37599e-08 -1.20184e-08 -1.29072e-08 -1.02065e-08
0.460982 8.50653e-10 1.82869e-09 -7.95205e-09 -3.95335e-09 -1.54497e-15 -3.05003e-15 -1.45089e-08 -1.24864e-08 -1.36583e-08 -1.06577e-08
0.46134 8.48017e-10 1.84439e-09 -8.33097e-09 -4.17826e-09 -1.48249e-15 -3.15513e-15 -1.52841e-08 -1.29627e-08 -1.44361e-08 -1.11183e-08
0.461698 8.44676e-10 1.85897e-09 -8.72219e-09 -4.40913e-09 -1.41494e-15 -3.2592e-15 -1.60858e-08 -1.34472e-08 -1.52411e-08 -1.15882e-08
0.462055 8.40607e-10 1.87232e-09 -9.12589e-09 -4.64596e-09 -1.34229e-15 -3.3618e-15 -1.69145e-08 -1.39395e-08 -1.60739e-08 -1.20672e-08
0.462413 8.35789e-10 1.88437e-09 -9.54223e-09 -4.88875e-09 -1.26456e-15 -3.46251e-15 -1.77705e-08 -1.44395e-08 -1.69347e-08 -1.25551e-08
0.46277 8.30199e-10 1.89501e-09 -9.97135e-09 -5.13749e-09 -1.18176e-15 -3.56083e-15 -1.86542e-08 -1.49467e-08 -1.7824e-08 -1.30517e-08
0.463128 8.23818e-10 1.90415e-09 -1.04134e-08 -5.39216e-09 -1.09397e-15 -3.65627e-15 -1.9566e-08 -1.54609e-08 -1.87422e-08 -1.35568e-08
0.463486 8.16623e-10 1.91167e-09 -1.08684e-08 -5.65272e-09 -1.0013e-15 -3.74831e-15 -2.05061e-08 -1.59817e-08 -1.96895e-08 -1.407e-08
0.463843 8.08597e-10 1.91748e-09 -1.13366e-08 -5.91914e-09 -9.03886e-16 -3.83638e-15 -2.14748e-08 -1.65086e-08 -2.06662e-08 -1.45911e-08
0.464201 7.99721e-10 1.92147e-09 -1.18179e-08 -6.19135e-09 -8.01908e-16 -3.91992e-15 -2.24722e-08 -1.70412e-08 -2.16725e-08 -1.51198e-08
0.464559 7.89976e-10 1.92351e-09 -1.23125e-08 -6.4693e-09 -6.95595e-16 -3.99832e-15 -2.34987e-08 -1.75791e-08 -2.27087e-08 -1.56556e-08
0.464916 7.79348e-10 1.92349e-09 -1.28204e-08 -6.7529e-09 -5.85223e-16 -4.07095e-15 -2.45542e-08 -1.81217e-08 -2.37748e-08 -1.61983e-08
0.465274 7.67822e-10 1.92129e-09 -1.33415e-08 -7.04208e-09 -4.7112e-16 -4.13717e-15 -2.56388e-08 -1.86686e-08 -2.4871e-08 -1.67473e-08
0.465631 7.55383e-10 1.91678e-09 -1.38759e-08 -7.33672e-09 -3.53668e-16 -4.19632e-15 -2.67526e-08 -1.9219e-08 -2.59972e-08 -1.73022e-08
0.465989 7.42021e-10 1.90984e-09 -1.44234e-08 -7.63672e-09 -2.33306e-16 -4.24773e-15 -2.78955e-08 -1.97725e-08 -2.71535e-08 -1.78626e-08
0.466347 7.27725e-10 1.90033e-09 -1.49841e-08 -7.94195e-09 -1.10536e-16 -4.2907e-15 -2.90674e-08 -2.03283e-08 -2.83397e-08 -1.8428e-08
0.466704 7.12489e-10 1.88812e-09 -1.55577e-08 -8.25227e-09 1.40767e-17 -4.32453e-15 -3.02681e-08 -2.08858e-08 -2.95556e-08 -1.89977e-08
0.467062 6.96305e-10 1.87307e-09 -1.61442e-08 -8.56754e-09 1.39899e-16 -4.34853e-15 -3.14973e-08 -2.14443e-08 -3.0801e-08 -1.95712e-08
0.46742 6.7917e-10 1.85504e-09 -1.67433e-08 -8.88758e-09 2.66229e-16 -4.36197e-15 -3.27547e-08 -2.2003e-08 -3.20755e-08 -2.0148e-08
0.467777 6.61084e-10 1.83389e-09 -1.73548e-08 -9.21222e-09 3.92288e-16 -4.36418e-15 -3.40399e-08 -2.25612e-08 -3.33788e-08 -2.07273e-08
0.468135 6.42047e-10 1.80946e-09 -1.79784e-08 -9.54127e-09 5.17228e-16 -4.35445e-15 -3.53523e-08 -2.3118e-08 -3.47103e-08 -2.13085e-08
0.468493 6.22065e-10 1.78162e-09 -1.86139e-08 -9.87452e-09 6.40118e-16 -4.3321e-15 -3.66915e-08 -2.36725e-08 -3.60694e-08 -2.18909e-08
0.46885 6.01145e-10 1.7502e-09 -1.92608e-08 -1.02118e-08 7.59953e-16 -4.2965e-15 -3.80566e-08 -2.4224e-08 -3.74555e-08 -2.24738e-08
0.469208 5.79297e-10 1.71506e-09 -1.99187e-08 -1.05527e-08 8.75643e-16 -4.247e-15 -3.94469e-08 -2.47715e-08 -3.88676e-08 -2.30564e-08
0.469565 5.56535e-10 1.67604e-09 -2.05873e-08 -1.08972e-08 9.8602e-16 -4.18302e-15 -4.08616e-08 -2.5314e-08 -4.0305e-08 -2.36379e-08
0.469923 5.32876e-10 1.633e-09 -2.12659e-08 -1.1245e-08 1.08983e-15 -4.104e-15 -4.22995e-08 -2.58505e-08 -4.17666e-08 -2.42175e-08
0.470281 5.08342e-10 1.58576e-09 -2.1954e-08 -1.15958e-08 1.18575e-15 -4.00947e-15 -4.37595e-08 -2.63802e-08 -4.32512e-08 -2.47944e-08
0.470638 4.82958e-10 1.53418e-09 -2.26511e-08 -1.19492e-08 1.27237e-15 -3.89897e-15 -4.52406e-08 -2.69019e-08 -4.47576e-08 -2.53677e-08
0.470996 4.56753e-10 1.4781e-09 -2.33563e-08 -1.23051e-08 1.34819e-15 -3.77215e-15 -4.67411e-08 -2.74146e-08 -4.62844e-08 -2.59365e-08
0.471354 4.29761e-10 1.41736e-09 -2.40691e-08 -1.26631e-08 1.41165e-15 -3.62872e-15 -4.82598e-08 -2.79173e-08 -4.783e-08 -2.65e-08
0.471711 4.02018e-10 1.35181e-09 -2.47885e-08 -1.30229e-08 1.4611e-15 -3.46848e-15 -4.97949e-08 -2.84089e-08 -4.93929e-08 -2.70571e-08
0.472069 3.73567e-10 1.28129e-09 -2.55138e-08 -1.33842e-08 1.49485e-15 -3.29133e-15 -5.13448e-08 -2.88883e-08 -5.09712e-08 -2.7607e-08
0.472426 3.44456e-10 1.20566e-09 -2.62439e-08 -1.37466e-08 1.51113e-15 -3.09728e-15 -5.29074e-08 -2.93544e-08 -5.2563e-08 -2.81487e-08
0.472784 3.14736e-10 1.12476e-09 -2.6978e-08 -1.41099e-08 1.5081e-15 -2.88646e-15 -5.44809e-08 -2.98061e-08 -5.41661e-08 -2.86813e-08
0.473142 2.84464e-10 1.03844e-09 -2.77149e-08 -1.44737e-08 1.48389e-15 -2.65913e-15 -5.60629e-08 -3.02422e-08 -5.57785e-08 -2.92038e-08
0.473499 2.53703e-10 9.46571e-10 -2.84536e-08 -1.48376e-08 1.43658e-15 -2.41571e-15 -5.76513e-08 -3.06618e-08 -5.73976e-08 -2.97153e-08
0.473857 2.22519e-10 8.49004e-10 -2.91928e-08 -1.52013e-08 1.36423e-15 -2.15672e-15 -5.92435e-08 -3.10638e-08 -5.90209e-08 -3.02148e-08
0.474215 1.90986e-10 7.45609e-10 -2.99313e-08 -1.55645e-08 1.26485e-15 -1.8829e-15 -6.08369e-08 -3.14469e-08 -6.06459e-08 -3.07013e-08
0.474572 1.5918e-10 6.36258e-10 -3.06677e-08 -1.59268e-08 1.13648e-15 -1.59513e-15 -6.24287e-08 -3.18102e-08 -6.22695e-08 -3.1174e-08
0.47493 1.27186e-10 5.2083e-10 -3.14006e-08 -1.62879e-08 9.77138e-16 -1.29447e-15 -6.40161e-08 -3.21527e-08 -6.38889e-08 -3.16319e-08
0.475287 9.50928e-11 3.99211e-10 -3.21286e-08 -1.66474e-08 7.84869e-16 -9.82187e-16 -6.5596e-08 -3.24733e-08 -6.55009e-08 -3.20741e-08
0.475645 6.29942e-11 2.71295e-10 -3.28502e-08 -1.70049e-08 5.57752e-16 -6.5972e-16 -6.7165e-08 -3.2771e-08 -6.71021e-08 -3.24997e-08
0.476003 3.09904e-11 1.36984e-10 -3.35636e-08 -1.73603e-08 2.93919e-16 -3.28732e-16 -6.872e-08 -3.3045e-08 -6.8689e-08 -3.2908e-08
0.47636 -8.13296e-13 -3.80906e-12 -3.42673e-08 -1.7713e-08 -8.42754e-18 8.91445e-18 -7.02573e-08 -3.32944e-08 -7.02581e-08 -3.32982e-08
0.476718 -3.23062e-11 -1.51162e-10 -3.49594e-08 -1.80629e-08 -3.50998e-16 3.51139e-16 -7.17733e-08 -3.35182e-08 -7.18057e-08 -3.36694e-08
0.477076 -6.33723e-11 -3.05139e-10 -3.56383e-08 -1.84097e-08 -7.3539e-16 6.95645e-16 -7.32643e-08 -3.37159e-08 -7.33276e-08 -3.4021e-08
0.477433 -9.38905e-11 -4.65797e-10 -3.63019e-08 -1.8753e-08 -1.16308e-15 1.03992e-15 -7.47261e-08 -3.38866e-08 -7.482e-08 -3.43524e-08
0.477791 -1.23735e-10 -6.33174e-10 -3.69484e-08 -1.90926e-08 -1.63537e-15 1.38123e-15 -7.61549e-08 -3.40298e-08 -7.62786e-08 -3.46629e-08
0.478148 -1.52774e-10 -8.07299e-10 -3.75758e-08 -1.94282e-08 -2.15341e-15 1.71664e-15 -7.75463e-08 -3.41449e-08 -7.76991e-08 -3.49522e-08
0.478506 -1.80872e-10 -9.88183e-10 -3.8182e-08 -1.97597e-08 -2.71814e-15 2.04297e-15 -7.88962e-08 -3.42314e-08 -7.9077e-08 -3.52196e-08
0.478864 -2.07891e-10 -1.17582e-09 -3.87649e-08 -2.00869e-08 -3.33029e-15 2.35689e-15 -8.02e-08 -3.42892e-08 -8.04078e-08 -3.5465e-08
0.479221 -2.33685e-10 -1.3702e-09 -3.93224e-08 -2.04095e-08 -3.99032e-15 2.65482e-15 -8.14532e-08 -3.43178e-08 -8.16868e-08 -3.5688e-08
0.479579 -2.58108e-10 -1.57128e-09 -3.98524e-08 -2.07276e-08 -4.69844e-15 2.93304e-15 -8.26512e-08 -3.43172e-08 -8.29093e-08 -3.58885e-08
0.479937 -2.81008e-10 -1.779e-09 -4.03526e-08 -2.10409e-08 -5.45457e-15 3.18764e-15 -8.37893e-08 -3.42874e-08 -8.40703e-08 -3.60664e-08
0.480294 -3.02232e-10 -1.9933e-09 -4.08207e-08 -2.13494e-08 -6.2583e-15 3.41457e-15 -8.48627e-08 -3.42284e-08 -8.51649e-08 -3.62217e-08
0.480652 -3.21625e-10 -2.21407e-09 -4.12544e-08 -2.16531e-08 -7.1089e-15 3.60965e-15 -8.58666e-08 -3.41407e-08 -8.61882e-08 -3.63548e-08
0.481009 -3.39027e-10 -2.44121e-09 -4.16516e-08 -2.1952e-08 -8.00528e-15 3.76858e-15 -8.67962e-08 -3.40245e-08 -8.71352e-08 -3.64657e-08
0.481367 -3.5428e-10 -2.67459e-09 -4.20099e-08 -2.22461e-08 -8.94596e-15 3.887e-15 -8.76464e-08 -3.38804e-08 -8.80007e-08 -3.6555e-08
0.481725 -3.67223e-10 -2.91404e-09 -4.23269e-08 -2.25356e-08 -9.92908e-15 3.96048e-15 -8.84125e-08 -3.37091e-08 -8.87798e-08 -3.66231e-08
0.482082 -3.77697e-10 -3.15939e-09 -4.26005e-08 -2.28206e-08 -1.09524e-14 3.98459e-15 -8.90895e-08 -3.35114e-08 -8.94672e-08 -3.66708e-08
0.48244 -3.85542e-10 -3.41044e-09 -4.28282e-08 -2.31013e-08 -1.20131e-14 3.95489e-15 -8.96725e-08 -3.32884e-08 -9.0058e-08 -3.66988e-08
0.482798 -3.90598e-10 -3.66696e-09 -4.30079e-08 -2.33779e-08 -1.31083e-14 3.867e-15 -9.01567e-08 -3.30412e-08 -9.05473e-08 -3.67082e-08
0.483155 -3.92709e-10 -3.92872e-09 -4.31373e-08 -2.36507e-08 -1.42342e-14 3.71665e-15 -9.05372e-08 -3.27713e-08 -9.09299e-08 -3.67e-08
0.483513 -3.91722e-10 -4.19545e-09 -4.32142e-08 -2.39201e-08 -1.5387e-14 3.49967e-15 -9.08094e-08 -3.24801e-08 -9.12011e-08 -3.66755e-08
0.483871 -3.87484e-10 -4.46684e-09 -4.32365e-08 -2.41865e-08 -1.65622e-14 3.21208e-15 -9.09686e-08 -3.21692e-08 -9.13561e-08 -3.66361e-08
0.484228 -3.79851e-10 -4.74259e-09 -4.3202e-08 -2.44502e-08 -1.77549e-14 2.85011e-15 -9.10104e-08 -3.18407e-08 -9.13902e-08 -3.65833e-08
0.484586 -3.6868e-10 -5.02235e-09 -4.31089e-08 -2.47119e-08 -1.89599e-14 2.41026e-15 -9.09303e-08 -3.14965e-08 -9.1299e-08 -3.65189e-08
0.484943 -3.53835e-10 -5.30577e-09 -4.2955e-08 -2.4972e-08 -2.01714e-14 1.88934e-15 -9.07244e-08 -3.11389e-08 -9.10782e-08 -3.64446e-08
0.485301 -3.35188e-10 -5.59245e-09 -4.27387e-08 -2.52312e-08 -2.13834e-14 1.28452e-15 -9.03884e-08 -3.07702e-08 -9.07236e-08 -3.63626e-08
0.485659 -3.12618e-10 -5.88199e-09 -4.24581e-08 -2.54901e-08 -2.25894e-14 5.93351e-16 -8.99187e-08 -3.0393e-08 -9.02313e-08 -3.6275e-08
0.486016 -2.86012e-10 -6.17396e-09 -4.21117e-08 -2.57495e-08 -2.37826e-14 -1.86143e-16 -8.93116e-08 -3.00101e-08 -8.95976e-08 -3.6184e-08
0.486374 -2.55266e-10 -6.4679e-09 -4.16979e-08 -2.60099e-08 -2.4956e-14 -1.05546e-15 -8.8564e-08 -2.96243e-08 -8.88192e-08 -3.60922e-08
0.486732 -2.20288e-10 -6.76334e-09 -4.12153e-08 -2.62724e-08 -2.61022e-14 -2.01557e-15 -8.76727e-08 -2.92387e-08 -8.7893e-08 -3.6002e-08
0.487089 -1.80995e-10 -7.05979e-09 -4.06627e-08 -2.65376e-08 -2.72135e-14 -3.06685e-15 -8.66351e-08 -2.88564e-08 -8.68161e-08 -3.59162e-08
0.487447 -1.37316e-10 -7.35674e-09 -4.00391e-08 -2.68066e-08 -2.82823e-14 -4.2091e-15 -8.54487e-08 -2.84809e-08 -8.55861e-08 -3.58376e-08
0.487804 -8.91957e-11 -7.65366e-09 -3.93436e-08 -2.70801e-08 -2.93007e-14 -5.44145e-15 -8.41116e-08 -2.81155e-08 -8.42008e-08 -3.57691e-08
0.488162 -3.65886e-11 -7.95e-09 -3.85754e-08 -2.73592e-08 -3.02606e-14 -6.76237e-15 -8.2622e-08 -2.77638e-08 -8.26586e-08 -3.57138e-08
0.48852 2.05347e-11 -8.24519e-09 -3.77339e-08 -2.76449e-08 -3.11541e-14 -8.16965e-15 -8.09786e-08 -2.74296e-08 -8.09581e-08 -3.56748e-08
0.488877 8.2189e-11 -8.53867e-09 -3.68188e-08 -2.79381e-08 -3.19734e-14 -9.66036e-15 -7.91806e-08 -2.71166e-08 -7.90984e-08 -3.56553e-08
0.489235 1.48373e-10 -8.82984e-09 -3.583e-08 -2.824e-08 -3.27105e-14 -1.12308e-14 -7.72274e-08 -2.68286e-08 -7.70791e-08 -3.56585e-08
0.489593 2.19071e-10 -9.11812e-09 -3.47675e-08 -2.85515e-08 -3.3358e-14 -1.28767e-14 -7.51191e-08 -2.65697e-08 -7.49e-08 -3.56878e-08
0.48995 2.94248e-10 -9.40288e-09 -3.36315e-08 -2.88737e-08 -3.39085e-14 -1.45929e-14 -7.2856e-08 -2.63436e-08 -7.25617e-08 -3.57465e-08
0.490308 3.73853e-10 -9.68353e-09 -3.24225e-08 -2.92076e-08 -3.4355e-14 -1.63735e-14 -7.0439e-08 -2.61546e-08 -7.00652e-08 -3.58381e-08
0.490665 4.57817e-10 -9.95944e-09 -3.11413e-08 -2.95544e-08 -3.46908e-14 -1.82121e-14 -6.78695e-08 -2.60064e-08 -6.74117e-08 -3.59659e-08
0.491023 5.46055e-10 -1.023e-08 -2.97888e-08 -2.99152e-08 -3.49099e-14 -2.01015e-14 -6.51493e-08 -2.59033e-08 -6.46033e-08 -3.61333e-08
0.491381 6.3846e-10 -1.04946e-08 -2.83661e-08 -3.02909e-08 -3.50065e-14 -2.20338e-14 -6.22808e-08 -2.5849e-08 -6.16424e-08 -3.63436e-08
0.491738 7.34911e-10 -1.07526e-08 -2.68747e-08 -3.06825e-08 -3.49759e-14 -2.40005e-14 -5.92668e-08 -2.58477e-08 -5.85319e-08 -3.66002e-08
0.492096 8.35265e-10 -1.10033e-08 -2.53162e-08 -3.10912e-08 -3.48135e-14 -2.59927e-14 -5.61106e-08 -2.5903e-08 -5.52753e-08 -3.69064e-08
0.492454 9.39363e-10 -1.12463e-08 -2.36924e-08 -3.15178e-08 -3.45159e-14 -2.80008e-14 -5.2816e-08 -2.60189e-08 -5.18766e-08 -3.72652e-08
0.492811 1.04703e-09 -1.14809e-08 -2.20056e-08 -3.19633e-08 -3.40801e-14 -3.0015e-14 -4.93874e-08 -2.61989e-08 -4.83404e-08 -3.76798e-08
0.493169 1.15806e-09 -1.17064e-08 -2.02579e-08 -3.24286e-08 -3.35044e-14 -3.20248e-14 -4.58296e-08 -2.64466e-08 -4.46716e-08 -3.81531e-08
0.493526 1.27224e-09 -1.19224e-08 -1.84521e-08 -3.29145e-08 -3.27874e-14 -3.40196e-14 -4.21479e-08 -2.67654e-08 -4.08757e-08 -3.86878e-08
0.493884 1.38936e-09 -1.21283e-08 -1.65908e-08 -3.34218e-08 -3.19292e-14 -3.59887e-14 -3.83482e-08 -2.71585e-08 -3.69588e-08 -3.92868e-08
0.494242 1.50914e-09 -1.23235e-08 -1.46772e-08 -3.39511e-08 -3.09303e-14 -3.79209e-14 -3.44366e-08 -2.76289e-08 -3.29275e-08 -3.99524e-08
0.494599 1.63134e-09 -1.25076e-08 -1.27144e-08 -3.4503e-08 -2.97925e-14 -3.98053e-14 -3.04199e-08 -2.81794e-08 -2.87886e-08 -4.0687e-08
0.494957 1.75567e-09 -1.26799e-08 -1.07058e-08 -3.50783e-08 -2.85186e-14 -4.16308e-14 -2.63052e-08 -2.88126e-08 -2.45495e-08 -4.14926e-08
0.495315 1.88185e-09 -1.28402e-08 -8.6552e-09 -3.56772e-08 -2.71121e-14 -4.33866e-14 -2.21001e-08 -2.95308e-08 -2.02182e-08 -4.2371e-08
0.495672 2.00955e-09 -1.29879e-08 -6.56628e-09 -3.63001e-08 -2.55777e-14 -4.5062e-14 -1.78125e-08 -3.0336e-08 -1.5803e-08 -4.33239e-08
0.49603 2.13847e-09 -1.31226e-08 -4.44306e-09 -3.69474e-08 -2.39208e-14 -4.66468e-14 -1.34508e-08 -3.123e-08 -1.13123e-08 -4.43526e-08
0.496387 2.26827e-09 -1.3244e-08 -2.28966e-09 -3.76191e-08 -2.21481e-14 -4.8131e-14 -9.02351e-09 -3.22142e-08 -6.75524e-09 -4.54582e-08
0.496745 2.39861e-09 -1.33517e-08 -1.10395e-10 -3.83154e-08 -2.02669e-14 -4.95053e-14 -4.53973e-09 -3.32899e-08 -2.14113e-09 -4.66416e-08
0.497103 2.52914e-09 -1.34454e-08 2.09033e-09 -3.90361e-08 -1.82853e-14 -5.07608e-14 -8.67239e-12 -3.44577e-08 2.52046e-09 -4.79031e-08
0.49746 2.6595e-09 -1.35249e-08 4.30798e-09 -3.97812e-08 -1.62124e-14 -5.18894e-14 4.56017e-09 -3.57182e-08 7.21967e-09 -4.92431e-08
0.497818 2.78933e-09 -1.35898e-08 6.53792e-09 -4.05503e-08 -1.40578e-14 -5.28837e-14 9.15708e-09 -3.70715e-08 1.19464e-08 -5.06613e-08
0.498176 2.91826e-09 -1.36401e-08 8.77543e-09 -4.1343e-08 -1.18319e-14 -5.37373e-14 1.37722e-08 -3.85174e-08 1.66904e-08 -5.21574e-08
0.498533 3.04593e-09 -1.36755e-08 1.10157e-08 -4.21588e-08 -9.5457e-15 -5.44444e-14 1.83954e-08 -4.00552e-08 2.14413e-08 -5.37307e-08
0.498891 3.17195e-09 -1.3696e-08 1.3254e-08 -4.2997e-08 -7.2105e-15 -5.50003e-14 2.30166e-08 -4.1684e-08 2.61886e-08 -5.53799e-08
0.499249 3.29595e-09 -1.37014e-08 1.54853e-08 -4.3857e-08 -4.83815e-15 -5.54014e-14 2.76257e-08 -4.34024e-08 3.09216e-08 -5.71038e-08
0.499606 3.41757e-09 -1.36918e-08 1.77049e-08 -4.47377e-08 -2.44076e-15 -5.56448e-14 3.22123e-08 -4.52088e-08 3.56298e-08 -5.89006e-08
0.499964 3.53643e-09 -1.36672e-08 1.99079e-08 -4.56382e-08 -3.0641e-17 -5.5729e-14 3.67662e-08 -4.7101e-08 4.03027e-08 -6.07683e-08
0.500321 3.65217e-09 -1.36277e-08 2.20893e-08 -4.65574e-08 2.37978e-15 -5.56533e-14 4.12774e-08 -4.90767e-08 4.49296e-08 -6.27044e-08
0.500679 3.76444e-09 -1.35733e-08 2.42446e-08 -4.74941e-08 4.77807e-15 -5.54183e-14 4.57357e-08 -5.1133e-08 4.95002e-08 -6.47063e-08
0.501037 3.87288e-09 -1.35042e-08 2.63688e-08 -4.84468e-08 7.15191e-15 -5.50256e-14 5.01313e-08 -5.32668e-08 5.40041e-08 -6.6771e-08
0.501394 3.97716e-09 -1.34205e-08 2.84574e-08 -4.94141e-08 9.48916e-15 -5.44777e-14 5.44542e-08 -5.54746e-08 5.84314e-08 -6.88951e-08
0.501752 4.07694e-09 -1.33226e-08 3.05059e-08 -5.03946e-08 1.1778e-14 -5.37783e-14 5.86951e-08 -5.77526e-08 6.27721e-08 -7.10752e-08
0.50211 4.17192e-09 -1.32106e-08 3.25098e-08 -5.13864e-08 1.40069e-14 -5.29321e-14 6.28446e-08 -6.00966e-08 6.70165e-08 -7.33073e-08
0.502467 4.26178e-09 -1.30849e-08 3.44647e-08 -5.2388e-08 1.61651e-14 -5.19447e-14 6.68937e-08 -6.25024e-08 7.11555e-08 -7.55873e-08
0.502825 4.34625e-09 -1.29459e-08 3.63667e-08 -5.33974e-08 1.82419e-14 -5.08225e-14 7.08337e-08 -6.49651e-08 7.518e-08 -7.79109e-08
0.503182 4.42505e-09 -1.27938e-08 3.82117e-08 -5.44128e-08 2.02278e-14 -4.95728e-14 7.46563e-08 -6.74798e-08 7.90813e-08 -8.02736e-08
0.50354 4.49793e-09 -1.26292e-08 3.9996e-08 -5.54321e-08 2.21136e-14 -4.82038e-14 7.83534e-08 -7.00413e-08 8.28514e-08 -8.26704e-08
0.503898 4.56465e-09 -1.24524e-08 4.17158e-08 -5.64535e-08 2.38911e-14 -4.67242e-14 8.19176e-08 -7.26442e-08 8.64823e-08 -8.50965e-08
0.504255 4.625e-09 -1.22639e-08 4.33679e-08 -5.74747e-08 2.55529e-14 -4.51433e-14 8.53418e-08 -7.52828e-08 8.99668e-08 -8.75467e-08
0.504613 4.67878e-09 -1.20643e-08 4.49491e-08 -5.84938e-08 2.70923e-14 -4.34711e-14 8.86192e-08 -7.79515e-08 9.32979e-08 -9.00158e-08
0.504971 4.72582e-09 -1.18541e-08 4.64564e-08 -5.95084e-08 2.85039e-14 -4.17178e-14 9.17436e-08 -8.06442e-08 9.64695e-08 -9.24983e-08
0.505328 4.76597e-09 -1.16338e-08 4.78871e-08 -6.05165e-08 2.97828e-14 -3.98942e-14 9.47095e-08 -8.3355e-08 9.94755e-08 -9.49888e-08
0.505686 4.7991e-09 -1.1404e-08 4.92388e-08 -6.15158e-08 3.09254e-14 -3.80109e-14 9.75117e-08 -8.60775e-08 1.02311e-07 -9.74816e-08
0.506043 4.82509e-09 -1.11653e-08 5.05093e-08 -6.25041e-08 3.19289e-14 -3.60792e-14 1.00146e-07 -8.88058e-08 1.04971e-07 -9.99711e-08
0.506401 4.84387e-09 -1.09184e-08 5.16966e-08 -6.34793e-08 3.27915e-14 -3.411e-14 1.02607e-07 -9.15334e-08 1.07451e-07 -1.02452e-07
0.506759 4.85537e-09 -1.06638e-08 5.27989e-08 -6.44392e-08 3.35125e-14 -3.21143e-14 1.04892e-07 -9.42541e-08 1.09748e-07 -1.04918e-07
0.507116 4.85955e-09 -1.04021e-08 5.3815e-08 -6.53816e-08 3.40919e-14 -3.01031e-14 1.06999e-07 -9.69616e-08 1.11858e-07 -1.07364e-07
0.507474 4.85641e-09 -1.01341e-08 5.47436e-08 -6.63043e-08 3.45308e-14 -2.8087e-14 1.08924e-07 -9.96497e-08 1.1378e-07 -1.09784e-07
0.507832 4.84594e-09 -9.86038e-09 5.55838e-08 -6.72052e-08 3.48311e-14 -2.60764e-14 1.10666e-07 -1.02312e-07 1.15512e-07 -1.12173e-07
0.508189 4.82817e-09 -9.58159e-09 5.63351e-08 -6.80824e-08 3.49956e-14 -2.40814e-14 1.12223e-07 -1.04943e-07 1.17051e-07 -1.14525e-07
0.508547 4.80316e-09 -9.29839e-09 5.69969e-08 -6.89339e-08 3.50279e-14 -2.21114e-14 1.13595e-07 -1.07536e-07 1.18398e-07 -1.16835e-07
0.508904 4.77098e-09 -9.01144e-09 5.75692e-08 -6.97576e-08 3.49322e-14 -2.01756e-14 1.14782e-07 -1.10086e-07 1.19553e-07 -1.19097e-07
0.509262 4.73173e-09 -8.7214e-09 5.80522e-08 -7.05518e-08 3.47136e-14 -1.82824e-14 1.15783e-07 -1.12586e-07 1.20515e-07 -1.21308e-07
0.50962 4.68552e-09 -8.42891e-09 5.84462e-08 -7.13147e-08 3.43775e-14 -1.64399e-14 1.166e-07 -1.15032e-07 1.21286e-07 -1.23461e-07
0.509977 4.63247e-09 -8.13461e-09 5.87519e-08 -7.20446e-08 3.39302e-14 -1.46551e-14 1.17234e-07 -1.17417e-07 1.21867e-07 -1.25552e-07
0.510335 4.57276e-09 -7.83914e-09 5.897e-08 -7.27399e-08 3.33782e-14 -1.29348e-14 1.17687e-07 -1.19738e-07 1.2226e-07 -1.27577e-07
0.510693 4.50654e-09 -7.54311e-09 5.91017e-08 -7.33991e-08 3.27286e-14 -1.12849e-14 1.17961e-07 -1.21988e-07 1.22468e-07 -1.29531e-07
0.51105 4.434e-09 -7.24712e-09 5.91483e-08 -7.40208e-08 3.19887e-14 -9.71038e-15 1.18059e-07 -1.24163e-07 1.22493e-07 -1.31411e-07
0.511408 4.35535e-09 -6.95177e-09 5.91113e-08 -7.46038e-08 3.11662e-14 -8.21582e-15 1.17985e-07 -1.2626e-07 1.2234e-07 -1.33212e-07
0.511765 4.2708e-09 -6.65761e-09 5.89924e-08 -7.51467e-08 3.02688e-14 -6.80489e-15 1.17741e-07 -1.28273e-07 1.22012e-07 -1.34931e-07
0.512123 4.18059e-09 -6.36521e-09 5.87934e-08 -7.56487e-08 2.93046e-14 -5.48058e-15 1.17331e-07 -1.30199e-07 1.21512e-07 -1.36564e-07
0.512481 4.08495e-09 -6.07509e-09 5.85164e-08 -7.61086e-08 2.82814e-14 -4.24516e-15 1.16761e-07 -1.32034e-07 1.20846e-07 -1.3811e-07
0.512838 3.98415e-09 -5.78777e-09 5.81635e-08 -7.65257e-08 2.72074e-14 -3.1002e-15 1.16035e-07 -1.33776e-07 1.20019e-07 -1.39564e-07
0.513196 3.87844e-09 -5.50372e-09 5.77373e-08 -7.68993e-08 2.60904e-14 -2.0466e-15 1.15157e-07 -1.35421e-07 1.19035e-07 -1.40925e-07
0.513554 3.7681e-09 -5.22341e-09 5.724e-08 -7.72287e-08 2.49382e-14 -1.08461e-15 1.14133e-07 -1.36966e-07 1.17901e-07 -1.4219e-07
0.513911 3.65341e-09 -4.94728e-09 5.66744e-08 -7.75135e-08 2.37586e-14 -2.13862e-16 1.12969e-07 -1.3841e-07 1.16622e-07 -1.43357e-07
0.514269 3.53466e-09 -4.67575e-09 5.60432e-08 -7.77533e-08 2.25589e-14 5.66575e-16 1.1167e-07 -1.3975e-07 1.15204e-07 -1.44426e-07
0.514627 3.41214e-09 -4.40919e-09 5.53491e-08 -7.79479e-08 2.13463e-14 1.25819e-15 1.10242e-07 -1.40985e-07 1.13654e-07 -1.45394e-07
0.514984 3.28613e-09 -4.14797e-09 5.45951e-08 -7.80971e-08 2.01276e-14 1.86295e-15 1.08691e-07 -1.42112e-07 1.11977e-07 -1.4626e-07
0.515342 3.15695e-09 -3.89242e-09 5.3784e-08 -7.8201e-08 1.89093e-14 2.38329e-15 1.07024e-07 -1.43132e-07 1.10181e-07 -1.47025e-07
0.515699 3.02489e-09 -3.64285e-09 5.2919e-08 -7.82595e-08 1.76976e-14 2.82205e-15 1.05246e-07 -1.44043e-07 1.08271e-07 -1.47686e-07
0.516057 2.89025e-09 -3.39954e-09 5.20031e-08 -7.8273e-08 1.64982e-14 3.18243e-15 1.03365e-07 -1.44846e-07 1.06255e-07 -1.48245e-07
0.516415 2.75333e-09 -3.16275e-09 5.10394e-08 -7.82417e-08 1.53164e-14 3.46794e-15 1.01387e-07 -1.45538e-07 1.0414e-07 -1.48701e-07
0.516772 2.61443e-09 -2.9327e-09 5.00309e-08 -7.81661e-08 1.41573e-14 3.68236e-15 9.93174e-08 -1.46122e-07 1.01932e-07 -1.49055e-07
0.51713 2.47384e-09 -2.70959e-09 4.89809e-08 -7.80466e-08 1.30252e-14 3.8297e-15 9.71642e-08 -1.46597e-07 9.9638e-08 -1.49307e-07
0.517488 2.33186e-09 -2.4936e-09 4.78924e-08 -7.7884e-08 1.19241e-14 3.91415e-15 9.49333e-08 -1.46964e-07 9.72652e-08 -1.49457e-07
0.517845 2.18877e-09 -2.28488e-09 4.67686e-08 -7.76787e-08 1.08577e-14 3.94001e-15 9.26314e-08 -1.47223e-07 9.48202e-08 -1.49508e-07
0.518203 2.04486e-09 -2.08355e-09 4.56125e-08 -7.74317e-08 9.82922e-15 3.91169e-15 9.0265e-08 -1.47377e-07 9.23098e-08 -1.4946e-07
0.51856 1.90039e-09 -1.88972e-09 4.44272e-08 -7.71438e-08 8.84125e-15 3.83367e-15 8.78403e-08 -1.47426e-07 8.97407e-08 -1.49315e-07
0.518918 1.75565e-09 -1.70347e-09 4.32158e-08 -7.68159e-08 7.89613e-15 3.71042e-15 8.53638e-08 -1.47371e-07 8.71195e-08 -1.49075e-07
0.519276 1.61089e-09 -1.52484e-09 4.19811e-08 -7.64491e-08 6.99576e-15 3.5464e-15 8.28417e-08 -1.47216e-07 8.44526e-08 -1.48741e-07
0.519633 1.46637e-09 -1.35387e-09 4.07262e-08 -7.60443e-08 6.14163e-15 3.34602e-15 8.028e-08 -1.46961e-07 8.17464e-08 -1.48315e-07
0.519991 1.32233e-09 -1.19058e-09 3.94538e-08 -7.56028e-08 5.33485e-15 3.11361e-15 7.76848e-08 -1.46609e-07 7.90071e-08 -1.47799e-07
0.520349 1.17901e-09 -1.03495e-09 3.81667e-08 -7.51257e-08 4.57617e-15 2.85339e-15 7.50618e-08 -1.46162e-07 7.62408e-08 -1.47197e-07
0.520706 1.03663e-09 -8.86965e-10 3.68678e-08 -7.46142e-08 3.866e-15 2.56947e-15 7.24166e-08 -1.45623e-07 7.34532e-08 -1.4651e-07
0.521064 8.95419e-10 -7.46577e-10 3.55596e-08 -7.40696e-08 3.20443e-15 2.26577e-15 6.97548e-08 -1.44994e-07 7.06502e-08 -1.45741e-07
0.521421 7.55579e-10 -6.13723e-10 3.42446e-08 -7.34932e-08 2.59127e-15 1.94609e-15 6.70816e-08 -1.44278e-07 6.78372e-08 -1.44892e-07
0.521779 6.17308e-10 -4.88327e-10 3.29253e-08 -7.28863e-08 2.02602e-15 1.61401e-15 6.44022e-08 -1.43479e-07 6.50195e-08 -1.43967e-07
0.522137 4.80793e-10 -3.70295e-10 3.16041e-08 -7.22503e-08 1.50797e-15 1.27293e-15 6.17215e-08 -1.42598e-07 6.22023e-08 -1.42969e-07
0.522494 3.4621e-10 -2.59522e-10 3.02833e-08 -7.15866e-08 1.03616e-15 9.26036e-16 5.90441e-08 -1.4164e-07 5.93903e-08 -1.41899e-07
0.522852 2.13725e-10 -1.55888e-10 2.89651e-08 -7.08965e-08 6.09447e-16 5.76316e-16 5.63746e-08 -1.40606e-07 5.65884e-08 -1.40762e-07
0.52321 8.3492e-11 -5.92614e-11 2.76514e-08 -7.01816e-08 2.26491e-16 2.26531e-16 5.37173e-08 -1.39502e-07 5.38008e-08 -1.39561e-07
0.523567 -4.43438e-11 3.04998e-11 2.63444e-08 -6.94432e-08 -1.14192e-16 -1.20776e-16 5.10762e-08 -1.38328e-07 5.10319e-08 -1.38298e-07
0.523925 -1.69649e-10 1.13548e-10 2.50459e-08 -6.86827e-08 -4.14221e-16 -4.63283e-16 4.84552e-08 -1.3709e-07 4.82856e-08 -1.36977e-07
0.524282 -2.92302e-10 1.90043e-10 2.37576e-08 -6.79017e-08 -6.75328e-16 -7.98886e-16 4.5858e-08 -1.3579e-07 4.55657e-08 -1.356e-07
0.52464 -4.12189e-10 2.60155e-10 2.24812e-08 -6.71014e-08 -8.99334e-16 -1.1257e-15 4.32879e-08 -1.34432e-07 4.28757e-08 -1.34172e-07
0.524998 -5.29209e-10 3.2406e-10 2.12184e-08 -6.62833e-08 -1.08813e-15 -1.44204e-15 4.07481e-08 -1.33019e-07 4.02189e-08 -1.32694e-07
0.525355 -6.43271e-10 3.8194e-10 1.99705e-08 -6.54488e-08 -1.24367e-15 -1.74645e-15 3.82418e-08 -1.31553e-07 3.75985e-08 -1.31171e-07
0.525713 -7.54291e-10 4.33981e-10 1.8739e-08 -6.45993e-08 -1.36793e-15 -2.03766e-15 3.57716e-08 -1.3004e-07 3.50173e-08 -1.29606e-07
0.526071 -8.62198e-10 4.80376e-10 1.75252e-08 -6.37361e-08 -1.46292e-15 -2.31458e-15 3.33401e-08 -1.28481e-07 3.24779e-08 -1.28001e-07
0.526428 -9.6693e-10 5.21321e-10 1.63301e-08 -6.28606e-08 -1.53063e-15 -2.57633e-15 3.09496e-08 -1.26881e-07 2.99827e-08 -1.2636e-07
0.526786 -1.06843e-09 5.57012e-10 1.51549e-08 -6.19742e-08 -1.57308e-15 -2.82218e-15 2.86024e-08 -1.25242e-07 2.7534e-08 -1.24685e-07
0.527143 -1.16666e-09 5.87651e-10 1.40005e-08 -6.10781e-08 -1.59223e-15 -3.05158e-15 2.63004e-08 -1.23567e-07 2.51338e-08 -1.2298e-07
0.527501 -1.26159e-09 6.13438e-10 1.28679e-08 -6.01735e-08 -1.59003e-15 -3.26412e-15 2.40454e-08 -1.21861e-07 2.27838e-08 -1.21247e-07
0.527859 -1.35317e-09 6.34577e-10 1.17579e-08 -5.92618e-08 -1.5684e-15 -3.45954e-15 2.1839e-08 -1.20124e-07 2.04858e-08 -1.1949e-07
0.528216 -1.4414e-09 6.51269e-10 1.06711e-08 -5.8344e-08 -1.52917e-15 -3.63772e-15 1.96825e-08 -1.18362e-07 1.82411e-08 -1.17711e-07
0.528574 -1.52626e-09 6.63716e-10 9.60825e-09 -5.74215e-08 -1.47416e-15 -3.79864e-15 1.75772e-08 -1.16577e-07 1.60509e-08 -1.15913e-07
0.528932 -1.60775e-09 6.7212e-10 8.56986e-09 -5.64952e-08 -1.40508e-15 -3.94242e-15 1.55242e-08 -1.14771e-07 1.39164e-08 -1.14098e-07
0.529289 -1.68587e-09 6.76678e-10 7.55642e-09 -5.55663e-08 -1.32361e-15 -4.06925e-15 1.35243e-08 -1.12947e-07 1.18384e-08 -1.1227e-07
0.529647 -1.76063e-09 6.7759e-10 6.56832e-09 -5.46359e-08 -1.23133e-15 -4.17944e-15 1.15783e-08 -1.11108e-07 9.81764e-09 -1.10431e-07
0.530005 -1.83204e-09 6.75049e-10 5.60589e-09 -5.3705e-08 -1.12976e-15 -4.27336e-15 9.68675e-09 -1.09257e-07 7.85471e-09 -1.08582e-07
0.530362 -1.90013e-09 6.69247e-10 4.6694e-09 -5.27746e-08 -1.02032e-15 -4.35145e-15 7.85016e-09 -1.07397e-07 5.95003e-09 -1.06727e-07
0.53072 -1.96492e-09 6.60373e-10 3.75905e-09 -5.18455e-08 -9.04378e-16 -4.41423e-15 6.06881e-09 -1.05529e-07 4.10389e-09 -1.04868e-07
0.531077 -2.02644e-09 6.48613e-10 2.87496e-09 -5.09187e-08 -7.83188e-16 -4.46226e-15 4.34289e-09 -1.03655e-07 2.31645e-09 -1.03007e-07
0.531435 -2.08473e-09 6.34147e-10 2.01722e-09 -4.99951e-08 -6.57942e-16 -4.49613e-15 2.67245e-09 -1.0178e-07 5.87729e-10 -1.01146e-07
0.531793 -2.13982e-09 6.17153e-10 1.18585e-09 -4.90755e-08 -5.29742e-16 -4.51649e-15 1.05746e-09 -9.99033e-08 -1.08236e-09 -9.92862e-08
0.53215 -2.19178e-09 5.97803e-10 3.80805e-10 -4.81606e-08 -3.99611e-16 -4.52402e-15 -5.02254e-10 -9.80285e-08 -2.69403e-09 -9.74307e-08
0.532508 -2.24063e-09 5.76267e-10 -3.97983e-10 -4.72512e-08 -2.6849e-16 -4.51939e-15 -2.00695e-09 -9.61572e-08 -4.24758e-09 -9.5581e-08
0.532866 -2.28644e-09 5.52707e-10 -1.15064e-09 -4.6348e-08 -1.37241e-16 -4.50332e-15 -3.45699e-09 -9.42914e-08 -5.74342e-09 -9.37387e-08
0.533223 -2.32926e-09 5.27283e-10 -1.87735e-09 -4.54517e-08 -6.65146e-18 -4.47653e-15 -4.8528e-09 -9.24327e-08 -7.18206e-09 -9.19055e-08
0.533581 -2.36915e-09 5.00149e-10 -2.57831e-09 -4.45628e-08 1.22567e-16 -4.43973e-15 -6.19492e-09 -9.0583e-08 -8.56407e-09 -9.00829e-08
0.533938 -2.40616e-09 4.71452e-10 -3.25377e-09 -4.3682e-08 2.49773e-16 -4.39364e-15 -7.48396e-09 -8.87438e-08 -9.89012e-09 -8.82724e-08
0.534296 -2.44037e-09 4.41337e-10 -3.90401e-09 -4.28098e-08 3.74394e-16 -4.33897e-15 -8.72057e-09 -8.69167e-08 -1.11609e-08 -8.64754e-08
0.534654 -2.47183e-09 4.09943e-10 -4.52935e-09 -4.19467e-08 4.95925e-16 -4.27644e-15 -9.90549e-09 -8.51031e-08 -1.23773e-08 -8.46932e-08
0.535011 -2.50062e-09 3.77401e-10 -5.13012e-09 -4.10931e-08 6.1392e-16 -4.20674e-15 -1.10395e-08 -8.33044e-08 -1.35401e-08 -8.2927e-08
0.535369 -2.52679e-09 3.43841e-10 -5.7067e-09 -4.02496e-08 7.27995e-16 -4.13053e-15 -1.21235e-08 -8.15218e-08 -1.46503e-08 -8.1178e-08
0.535727 -2.55043e-09 3.09386e-10 -6.25948e-09 -3.94165e-08 8.3782e-16 -4.04848e-15 -1.31583e-08 -7.97565e-08 -1.57088e-08 -7.94472e-08
0.536084 -2.57159e-09 2.74151e-10 -6.78887e-09 -3.85942e-08 9.43118e-16 -3.96123e-15 -1.4145e-08 -7.80097e-08 -1.67166e-08 -7.77355e-08
0.536442 -2.59036e-09 2.38251e-10 -7.2953e-09 -3.7783e-08 1.04366e-15 -3.86939e-15 -1.50843e-08 -7.62823e-08 -1.76747e-08 -7.6044e-08
0.536799 -2.60679e-09 2.01792e-10 -7.77923e-09 -3.69832e-08 1.13926e-15 -3.77354e-15 -1.59775e-08 -7.45752e-08 -1.85843e-08 -7.43734e-08
0.537157 -2.62098e-09 1.64876e-10 -8.24112e-09 -3.61952e-08 1.22979e-15 -3.67427e-15 -1.68254e-08 -7.28894e-08 -1.94464e-08 -7.27245e-08
0.537515 -2.63298e-09 1.276e-10 -8.68144e-09 -3.54191e-08 1.31514e-15 -3.5721e-15 -1.76292e-08 -7.12256e-08 -2.02622e-08 -7.1098e-08
0.537872 -2.64286e-09 9.00565e-11 -9.1007e-09 -3.46551e-08 1.39524e-15 -3.46754e-15 -1.83899e-08 -6.95846e-08 -2.10328e-08 -6.94946e-08
0.53823 -2.65071e-09 5.23327e-11 -9.49937e-09 -3.39035e-08 1.47006e-15 -3.36109e-15 -1.91086e-08 -6.7967e-08 -2.17594e-08 -6.79147e-08
0.538588 -2.6566e-09 1.45111e-11 -9.87798e-09 -3.31645e-08 1.53961e-15 -3.25319e-15 -1.97865e-08 -6.63734e-08 -2.24431e-08 -6.63589e-08
0.538945 -2.66058e-09 -2.33302e-11 -1.0237e-08 -3.24381e-08 1.6039e-15 -3.14428e-15 -2.04247e-08 -6.48044e-08 -2.30853e-08 -6.48277e-08
0.539303 -2.66274e-09 -6.11178e-11 -1.0577e-08 -3.17245e-08 1.66299e-15 -3.03475e-15 -2.10242e-08 -6.32603e-08 -2.3687e-08 -6.33215e-08
0.53966 -2.66315e-09 -9.87829e-11 -1.08985e-08 -3.10237e-08 1.71694e-15 -2.92498e-15 -2.15863e-08 -6.17417e-08 -2.42494e-08 -6.18405e-08
0.540018 -2.66188e-09 -1.36261e-10 -1.1202e-08 -3.03359e-08 1.76585e-15 -2.81532e-15 -2.2112e-08 -6.02488e-08 -2.47738e-08 -6.03851e-08
0.540376 -2.65898e-09 -1.7349e-10 -1.1488e-08 -2.96611e-08 1.80983e-15 -2.70608e-15 -2.26024e-08 -5.87819e-08 -2.52614e-08 -5.89554e-08
0.540733 -2.65454e-09 -2.10416e-10 -1.1757e-08 -2.89993e-08 1.84899e-15 -2.59755e-15 -2.30588e-08 -5.73414e-08 -2.57133e-08 -5.75518e-08
0.541091 -2.64862e-09 -2.46984e-10 -1.20096e-08 -2.83506e-08 1.88347e-15 -2.49002e-15 -2.34822e-08 -5.59273e-08 -2.61308e-08 -5.61743e-08
0.541449 -2.64128e-09 -2.83146e-10 -1.22463e-08 -2.77148e-08 1.91342e-15 -2.38372e-15 -2.38737e-08 -5.45398e-08 -2.6515e-08 -5.4823e-08
0.541806 -2.63259e-09 -3.18857e-10 -1.24675e-08 -2.70921e-08 1.93898e-15 -2.27887e-15 -2.42344e-08 -5.31791e-08 -2.6867e-08 -5.3498e-08
0.542164 -2.62262e-09 -3.54075e-10 -1.26738e-08 -2.64824e-08 1.96033e-15 -2.17567e-15 -2.45655e-08 -5.18452e-08 -2.71881e-08 -5.21993e-08
0.542521 -2.61141e-09 -3.88763e-10 -1.28658e-08 -2.58856e-08 1.97764e-15 -2.07431e-15 -2.48679e-08 -5.05382e-08 -2.74793e-08 -5.09269e-08
0.542879 -2.59905e-09 -4.22883e-10 -1.30438e-08 -2.53016e-08 1.99106e-15 -1.97493e-15 -2.51428e-08 -4.92579e-08 -2.77419e-08 -4.96808e-08
0.543237 -2.58557e-09 -4.56406e-10 -1.32084e-08 -2.47305e-08 2.00079e-15 -1.87769e-15 -2.53912e-08 -4.80044e-08 -2.79768e-08 -4.84608e-08
0.543594 -2.57105e-09 -4.89302e-10 -1.33601e-08 -2.4172e-08 2.00699e-15 -1.78269e-15 -2.56141e-08 -4.67776e-08 -2.81852e-08 -4.72669e-08
0.543952 -2.55554e-09 -5.21544e-10 -1.34992e-08 -2.36261e-08 2.00985e-15 -1.69004e-15 -2.58126e-08 -4.55774e-08 -2.83681e-08 -4.6099e-08
0.54431 -2.53908e-09 -5.53109e-10 -1.36264e-08 -2.30926e-08 2.00953e-15 -1.59983e-15 -2.59875e-08 -4.44036e-08 -2.85266e-08 -4.49567e-08
0.544667 -2.52175e-09 -5.83977e-10 -1.37421e-08 -2.25716e-08 2.00623e-15 -1.51213e-15 -2.614e-08 -4.32561e-08 -2.86617e-08 -4.38401e-08
0.545025 -2.50359e-09 -6.14128e-10 -1.38467e-08 -2.20627e-08 2.00012e-15 -1.427e-15 -2.62709e-08 -4.21347e-08 -2.87745e-08 -4.27488e-08
0.545382 -2.48464e-09 -6.43548e-10 -1.39406e-08 -2.15659e-08 1.99137e-15 -1.34448e-15 -2.63811e-08 -4.10391e-08 -2.88658e-08 -4.16826e-08
0.54574 -2.46496e-09 -6.72222e-10 -1.40242e-08 -2.10811e-08 1.98014e-15 -1.2646e-15 -2.64717e-08 -3.99691e-08 -2.89366e-08 -4.06413e-08
0.546098 -2.4446e-09 -7.00138e-10 -1.40981e-08 -2.06081e-08 1.96661e-15 -1.18738e-15 -2.65433e-08 -3.89245e-08 -2.89879e-08 -3.96247e-08
0.546455 -2.4236e-09 -7.27288e-10 -1.41626e-08 -2.01467e-08 1.95094e-15 -1.11284e-15 -2.6597e-08 -3.7905e-08 -2.90206e-08 -3.86323e-08
0.546813 -2.40201e-09 -7.53662e-10 -1.42181e-08 -1.96967e-08 1.93329e-15 -1.04098e-15 -2.66336e-08 -3.69103e-08 -2.90356e-08 -3.7664e-08
0.547171 -2.37987e-09 -7.79256e-10 -1.4265e-08 -1.92581e-08 1.91381e-15 -9.71777e-16 -2.66538e-08 -3.59401e-08 -2.90337e-08 -3.67193e-08
0.547528 -2.35722e-09 -8.04065e-10 -1.43036e-08 -1.88305e-08 1.89265e-15 -9.05227e-16 -2.66585e-08 -3.4994e-08 -2.90157e-08 -3.57981e-08
0.547886 -2.3341e-09 -8.28085e-10 -1.43344e-08 -1.84139e-08 1.86995e-15 -8.41305e-16 -2.66484e-08 -3.40717e-08 -2.89825e-08 -3.48998e-08
0.548244 -2.31055e-09 -8.51317e-10 -1.43577e-08 -1.80081e-08 1.84585e-15 -7.7998e-16 -2.66243e-08 -3.3173e-08 -2.89349e-08 -3.40243e-08
0.548601 -2.28661e-09 -8.73759e-10 -1.43738e-08 -1.76129e-08 1.82049e-15 -7.21217e-16 -2.65869e-08 -3.22974e-08 -2.88735e-08 -3.31711e-08
0.548959 -2.26231e-09 -8.95414e-10 -1.43832e-08 -1.7228e-08 1.79399e-15 -6.64975e-16 -2.65369e-08 -3.14445e-08 -2.87992e-08 -3.23399e-08
0.549316 -2.23769e-09 -9.16285e-10 -1.4386e-08 -1.68534e-08 1.76648e-15 -6.1121e-16 -2.6475e-08 -3.0614e-08 -2.87127e-08 -3.15303e-08
0.549674 -2.21278e-09 -9.36374e-10 -1.43826e-08 -1.64888e-08 1.73806e-15 -5.59871e-16 -2.64018e-08 -2.98056e-08 -2.86146e-08 -3.07419e-08
0.550032 -2.18762e-09 -9.55687e-10 -1.43734e-08 -1.6134e-08 1.70885e-15 -5.10906e-16 -2.6318e-08 -2.90187e-08 -2.85056e-08 -2.99744e-08
0.550389 -2.16223e-09 -9.7423e-10 -1.43587e-08 -1.57888e-08 1.67896e-15 -4.64259e-16 -2.62242e-08 -2.82531e-08 -2.83864e-08 -2.92274e-08
0.550747 -2.13664e-09 -9.9201e-10 -1.43386e-08 -1.54531e-08 1.64848e-15 -4.19872e-16 -2.61209e-08 -2.75084e-08 -2.82576e-08 -2.85004e-08
0.551105 -2.11089e-09 -1.00903e-09 -1.43135e-08 -1.51266e-08 1.61751e-15 -3.77686e-16 -2.60088e-08 -2.67841e-08 -2.81197e-08 -2.77931e-08
0.551462 -2.08499e-09 -1.02531e-09 -1.42837e-08 -1.48092e-08 1.58614e-15 -3.37637e-16 -2.58884e-08 -2.60798e-08 -2.79734e-08 -2.71052e-08
0.55182 -2.05898e-09 -1.04085e-09 -1.42494e-08 -1.45007e-08 1.55445e-15 -2.99663e-16 -2.57601e-08 -2.53952e-08 -2.78191e-08 -2.64361e-08
0.552177 -2.03288e-09 -1.05565e-09 -1.42109e-08 -1.42009e-08 1.52252e-15 -2.637e-16 -2.56246e-08 -2.47299e-08 -2.76575e-08 -2.57856e-08
0.552535 -2.00671e-09 -1.06974e-09 -1.41684e-08 -1.39095e-08 1.49042e-15 -2.29683e-16 -2.54823e-08 -2.40834e-08 -2.7489e-08 -2.51531e-08
0.552893 -1.9805e-09 -1.08313e-09 -1.41221e-08 -1.36264e-08 1.45822e-15 -1.97546e-16 -2.53337e-08 -2.34553e-08 -2.73142e-08 -2.45385e-08
0.55325 -1.95426e-09 -1.09581e-09 -1.40723e-08 -1.33515e-08 1.42599e-15 -1.67225e-16 -2.51792e-08 -2.28453e-08 -2.71335e-08 -2.39411e-08
0.553608 -1.92801e-09 -1.10781e-09 -1.40191e-08 -1.30844e-08 1.39378e-15 -1.38653e-16 -2.50193e-08 -2.2253e-08 -2.69473e-08 -2.33608e-08
0.553966 -1.90179e-09 -1.11914e-09 -1.39628e-08 -1.28252e-08 1.36165e-15 -1.11768e-16 -2.48543e-08 -2.16779e-08 -2.67561e-08 -2.2797e-08
0.554323 -1.87559e-09 -1.1298e-09 -1.39036e-08 -1.25734e-08 1.32966e-15 -8.65032e-17 -2.46846e-08 -2.11196e-08 -2.65602e-08 -2.22494e-08
0.554681 -1.84945e-09 -1.13982e-09 -1.38417e-08 -1.23291e-08 1.29785e-15 -6.27962e-17 -2.45107e-08 -2.05779e-08 -2.63602e-08 -2.17177e-08
0.555038 -1.82337e-09 -1.14921e-09 -1.37771e-08 -1.20919e-08 1.26625e-15 -4.05841e-17 -2.43329e-08 -2.00522e-08 -2.61563e-08 -2.12014e-08
0.555396 -1.79738e-09 -1.15797e-09 -1.37102e-08 -1.18618e-08 1.23492e-15 -1.9805e-17 -2.41516e-08 -1.95422e-08 -2.5949e-08 -2.07002e-08
0.555754 -1.77149e-09 -1.16612e-09 -1.36411e-08 -1.16385e-08 1.2039e-15 0 -2.3967e-08 -1.90475e-08 -2.57385e-08 -2.02136e-08
0.556111 -1.7457e-09 -1.17368e-09 -1.35699e-08 -1.14219e-08 1.1732e-15 1.76951e-17 -2.37795e-08 -1.85678e-08 -2.55252e-08 -1.97415e-08
0.556469 -1.72004e-09 -1.18065e-09 -1.34968e-08 -1.12118e-08 1.14286e-15 3.45338e-17 -2.35893e-08 -1.81026e-08 -2.53094e-08 -1.92833e-08
0.556827 -1.69452e-09 -1.18706e-09 -1.34219e-08 -1.10081e-08 1.11292e-15 5.01744e-17 -2.33969e-08 -1.76517e-08 -2.50914e-08 -1.88387e-08
0.557184 -1.66915e-09 -1.19291e-09 -1.33453e-08 -1.08105e-08 1.08339e-15 6.46723e-17 -2.32023e-08 -1.72146e-08 -2.48715e-08 -1.84075e-08
0.557542 -1.64393e-09 -1.19823e-09 -1.32673e-08 -1.06189e-08 1.05429e-15 7.80812e-17 -2.3006e-08 -1.6791e-08 -2.46499e-08 -1.79892e-08
0.557899 -1.61888e-09 -1.20301e-09 -1.31879e-08 -1.04332e-08 1.02565e-15 9.04537e-17 -2.2808e-08 -1.63805e-08 -2.44269e-08 -1.75835e-08
0.558257 -1.59402e-09 -1.20728e-09 -1.31072e-08 -1.02532e-08 9.97486e-16 1.0184e-16 -2.26088e-08 -1.59828e-08 -2.42028e-08 -1.71901e-08
0.558615 -1.56934e-09 -1.21106e-09 -1.30253e-08 -1.00788e-08 9.69804e-16 1.12291e-16 -2.24084e-08 -1.55976e-08 -2.39777e-08 -1.68086e-08
0.558972 -1.54485e-09 -1.21434e-09 -1.29425e-08 -9.90969e-09 9.4262e-16 1.21852e-16 -2.22071e-08 -1.52245e-08 -2.37519e-08 -1.64388e-08
0.55933 -1.52057e-09 -1.21715e-09 -1.28587e-08 -9.74589e-09 9.15945e-16 1.30571e-16 -2.20051e-08 -1.48632e-08 -2.35257e-08 -1.60803e-08
0.559688 -1.4965e-09 -1.21951e-09 -1.2774e-08 -9.58719e-09 8.89788e-16 1.38491e-16 -2.18025e-08 -1.45133e-08 -2.3299e-08 -1.57328e-08
0.560045 -1.47264e-09 -1.22142e-09 -1.26886e-08 -9.43346e-09 8.64156e-16 1.45656e-16 -2.15996e-08 -1.41746e-08 -2.30723e-08 -1.5396e-08
0.560403 -1.44901e-09 -1.22289e-09 -1.26025e-08 -9.28455e-09 8.39054e-16 1.52107e-16 -2.13966e-08 -1.38468e-08 -2.28456e-08 -1.50697e-08
0.56076 -1.42561e-09 -1.22394e-09 -1.25159e-08 -9.14034e-09 8.14486e-16 1.57883e-16 -2.11934e-08 -1.35295e-08 -2.2619e-08 -1.47534e-08
0.561118 -1.40244e-09 -1.22459e-09 -1.24287e-08 -9.00069e-09 7.90456e-16 1.63023e-16 -2.09904e-08 -1.32224e-08 -2.23928e-08 -1.4447e-08
0.561476 -1.3795e-09 -1.22485e-09 -1.23412e-08 -8.86546e-09 7.66963e-16 1.67564e-16 -2.07876e-08 -1.29253e-08 -2.21671e-08 -1.41501e-08
0.561833 -1.35681e-09 -1.22472e-09 -1.22532e-08 -8.73454e-09 7.44009e-16 1.7154e-16 -2.05852e-08 -1.26378e-08 -2.1942e-08 -1.38626e-08
0.562191 -1.33437e-09 -1.22422e-09 -1.2165e-08 -8.6078e-09 7.21592e-16 1.74986e-16 -2.03833e-08 -1.23598e-08 -2.17177e-08 -1.3584e-08
0.562549 -1.31217e-09 -1.22336e-09 -1.20765e-08 -8.48511e-09 6.99711e-16 1.77933e-16 -2.0182e-08 -1.20908e-08 -2.14941e-08 -1.33142e-08
0.562906 -1.29023e-09 -1.22216e-09 -1.19879e-08 -8.36637e-09 6.78363e-16 1.80413e-16 -1.99814e-08 -1.18307e-08 -2.12716e-08 -1.30529e-08
0.563264 -1.26854e-09 -1.22063e-09 -1.18991e-08 -8.25144e-09 6.57544e-16 1.82454e-16 -1.97815e-08 -1.15792e-08 -2.10501e-08 -1.27998e-08
0.563622 -1.24711e-09 -1.21877e-09 -1.18103e-08 -8.14023e-09 6.3725e-16 1.84086e-16 -1.95826e-08 -1.1336e-08 -2.08297e-08 -1.25548e-08
0.563979 -1.22594e-09 -1.21661e-09 -1.17215e-08 -8.03262e-09 6.17476e-16 1.85335e-16 -1.93847e-08 -1.11009e-08 -2.06106e-08 -1.23175e-08
0.564337 -1.20502e-09 -1.21414e-09 -1.16326e-08 -7.9285e-09 5.98216e-16 1.86226e-16 -1.91878e-08 -1.08737e-08 -2.03928e-08 -1.20878e-08
0.564694 -1.18437e-09 -1.21139e-09 -1.15439e-08 -7.82777e-09 5.79464e-16 1.86784e-16 -1.8992e-08 -1.0654e-08 -2.01764e-08 -1.18654e-08
0.565052 -1.16398e-09 -1.20836e-09 -1.14552e-08 -7.73033e-09 5.61213e-16 1.87033e-16 -1.87974e-08 -1.04417e-08 -1.99614e-08 -1.165e-08
0.56541 -1.14386e-09 -1.20506e-09 -1.13667e-08 -7.63607e-09 5.43457e-16 1.86993e-16 -1.86041e-08 -1.02365e-08 -1.97479e-08 -1.14416e-08
0.565767 -1.124e-09 -1.20151e-09 -1.12784e-08 -7.5449e-09 5.26187e-16 1.86687e-16 -1.84121e-08 -1.00383e-08 -1.9536e-08 -1.12398e-08
0.566125 -1.1044e-09 -1.1977e-09 -1.11902e-08 -7.45673e-09 5.09396e-16 1.86133e-16 -1.82214e-08 -9.84678e-09 -1.93258e-08 -1.10445e-08
0.566483 -1.08507e-09 -1.19367e-09 -1.11023e-08 -7.37146e-09 4.93076e-16 1.85352e-16 -1.80321e-08 -9.66175e-09 -1.91171e-08 -1.08554e-08
0.56684 -1.066e-09 -1.1894e-09 -1.10147e-08 -7.28901e-09 4.77218e-16 1.8436e-16 -1.78442e-08 -9.48302e-09 -1.89102e-08 -1.06724e-08
0.567198 -1.04719e-09 -1.18492e-09 -1.09273e-08 -7.20928e-09 4.61814e-16 1.83175e-16 -1.76578e-08 -9.31039e-09 -1.8705e-08 -1.04953e-08
0.567555 -1.02865e-09 -1.18023e-09 -1.08403e-08 -7.1322e-09 4.46854e-16 1.81813e-16 -1.74729e-08 -9.14366e-09 -1.85016e-08 -1.03239e-08
0.567913 -1.01037e-09 -1.17534e-09 -1.07535e-08 -7.05767e-09 4.32331e-16 1.80288e-16 -1.72896e-08 -8.98265e-09 -1.82999e-08 -1.0158e-08
0.568271 -9.92355e-10 -1.17026e-09 -1.06671e-08 -6.98563e-09 4.18234e-16 1.78616e-16 -1.71077e-08 -8.82717e-09 -1.81001e-08 -9.99743e-09
0.568628 -9.74599e-10 -1.16499e-09 -1.05811e-08 -6.91598e-09 4.04555e-16 1.76809e-16 -1.69275e-08 -8.67705e-09 -1.79021e-08 -9.84204e-09
0.568986 -9.57102e-10 -1.15956e-09 -1.04955e-08 -6.84866e-09 3.91285e-16 1.7488e-16 -1.67489e-08 -8.53211e-09 -1.7706e-08 -9.69167e-09
0.569344 -9.39864e-10 -1.15395e-09 -1.04102e-08 -6.7836e-09 3.78414e-16 1.72842e-16 -1.65718e-08 -8.39219e-09 -1.75117e-08 -9.54614e-09
0.569701 -9.22882e-10 -1.14819e-09 -1.03254e-08 -6.72071e-09 3.65933e-16 1.70705e-16 -1.63964e-08 -8.25711e-09 -1.73193e-08 -9.40531e-09
0.570059 -9.06155e-10 -1.14228e-09 -1.02409e-08 -6.65993e-09 3.53832e-16 1.6848e-16 -1.62226e-08 -8.12673e-09 -1.71287e-08 -9.26902e-09
0.570416 -8.89682e-10 -1.13623e-09 -1.01569e-08 -6.60119e-09 3.42104e-16 1.66177e-16 -1.60504e-08 -8.00089e-09 -1.69401e-08 -9.13712e-09
0.570774 -8.7346e-10 -1.13004e-09 -1.00733e-08 -6.54443e-09 3.30738e-16 1.63805e-16 -1.58798e-08 -7.87944e-09 -1.67533e-08 -9.00948e-09
0.571132 -8.57488e-10 -1.12372e-09 -9.99014e-09 -6.48959e-09 3.19725e-16 1.61373e-16 -1.57109e-08 -7.76223e-09 -1.65684e-08 -8.88595e-09
0.571489 -8.41763e-10 -1.11729e-09 -9.90742e-09 -6.43659e-09 3.09056e-16 1.5889e-16 -1.55436e-08 -7.64912e-09 -1.63854e-08 -8.76641e-09
0.571847 -8.26285e-10 -1.11073e-09 -9.82515e-09 -6.38538e-09 2.98723e-16 1.56362e-16 -1.53779e-08 -7.53998e-09 -1.62042e-08 -8.65071e-09
0.572205 -8.1105e-10 -1.10407e-09 -9.74332e-09 -6.33591e-09 2.88716e-16 1.53798e-16 -1.52139e-08 -7.43466e-09 -1.60249e-08 -8.53873e-09
0.572562 -7.96056e-10 -1.09731e-09 -9.66194e-09 -6.28811e-09 2.79027e-16 1.51203e-16 -1.50515e-08 -7.33305e-09 -1.58475e-08 -8.43036e-09
0.57292 -7.81301e-10 -1.09045e-09 -9.58102e-09 -6.24193e-09 2.69647e-16 1.48585e-16 -1.48906e-08 -7.23502e-09 -1.56719e-08 -8.32547e-09
0.573277 -7.66783e-10 -1.0835e-09 -9.50055e-09 -6.19732e-09 2.60568e-16 1.45948e-16 -1.47314e-08 -7.14044e-09 -1.54982e-08 -8.22394e-09
0.573635 -7.52499e-10 -1.07647e-09 -9.42052e-09 -6.15423e-09 2.51781e-16 1.43298e-16 -1.45737e-08 -7.0492e-09 -1.53262e-08 -8.12567e-09
0.573993 -7.38447e-10 -1.06936e-09 -9.34095e-09 -6.11259e-09 2.43279e-16 1.4064e-16 -1.44177e-08 -6.96118e-09 -1.51561e-08 -8.03054e-09
0.57435 -7.24625e-10 -1.06218e-09 -9.26183e-09 -6.07238e-09 2.35052e-16 1.37979e-16 -1.42631e-08 -6.87627e-09 -1.49878e-08 -7.93845e-09
0.574708 -7.11029e-10 -1.05493e-09 -9.18316e-09 -6.03353e-09 2.27093e-16 1.35319e-16 -1.41102e-08 -6.79437e-09 -1.48212e-08 -7.8493e-09
0.575066 -6.97658e-10 -1.04761e-09 -9.10493e-09 -5.99601e-09 2.19394e-16 1.32664e-16 -1.39587e-08 -6.71537e-09 -1.46563e-08 -7.76298e-09
0.575423 -6.84508e-10 -1.04024e-09 -9.02714e-09 -5.95976e-09 2.11948e-16 1.30018e-16 -1.38087e-08 -6.63917e-09 -1.44932e-08 -7.67941e-09
0.575781 -6.71578e-10 -1.03282e-09 -8.94979e-09 -5.92475e-09 2.04747e-16 1.27383e-16 -1.36602e-08 -6.56567e-09 -1.43318e-08 -7.59849e-09
0.576138 -6.58864e-10 -1.02534e-09 -8.87287e-09 -5.89094e-09 1.97784e-16 1.24764e-16 -1.35132e-08 -6.49478e-09 -1.41721e-08 -7.52012e-09
0.576496 -6.46363e-10 -1.01783e-09 -8.79637e-09 -5.85828e-09 1.91052e-16 1.22163e-16 -1.33677e-08 -6.42641e-09 -1.4014e-08 -7.44423e-09
0.576854 -6.34074e-10 -1.01027e-09 -8.7203e-09 -5.82673e-09 1.84543e-16 1.19582e-16 -1.32235e-08 -6.36046e-09 -1.38576e-08 -7.37073e-09
0.577211 -6.21993e-10 -1.00268e-09 -8.64464e-09 -5.79626e-09 1.78251e-16 1.17024e-16 -1.30808e-08 -6.29686e-09 -1.37028e-08 -7.29953e-09
0.577569 -6.10118e-10 -9.95051e-10 -8.5694e-09 -5.76683e-09 1.72169e-16 1.14491e-16 -1.29394e-08 -6.23551e-09 -1.35496e-08 -7.23056e-09
0.577927 -5.98446e-10 -9.87398e-10 -8.49455e-09 -5.7384e-09 1.66291e-16 1.11985e-16 -1.27994e-08 -6.17634e-09 -1.33979e-08 -7.16374e-09
0.578284 -5.86975e-10 -9.79722e-10 -8.42011e-09 -5.71094e-09 1.6061e-16 1.09507e-16 -1.26608e-08 -6.11928e-09 -1.32477e-08 -7.099e-09
0.578642 -5.757e-10 -9.72025e-10 -8.34605e-09 -5.68442e-09 1.5512e-16 1.0706e-16 -1.25234e-08 -6.06424e-09 -1.30991e-08 -7.03626e-09
0.579 -5.64621e-10 -9.6431e-10 -8.27237e-09 -5.6588e-09 1.49816e-16 1.04644e-16 -1.23873e-08 -6.01115e-09 -1.2952e-08 -6.97546e-09
0.579357 -5.53734e-10 -9.56582e-10 -8.19907e-09 -5.63406e-09 1.4469e-16 1.02261e-16 -1.22525e-08 -5.95995e-09 -1.28063e-08 -6.91653e-09
0.579715 -5.43036e-10 -9.48844e-10 -8.12614e-09 -5.61016e-09 1.39738e-16 9.99114e-17 -1.2119e-08 -5.91056e-09 -1.2662e-08 -6.8594e-09
0.580072 -5.32526e-10 -9.41098e-10 -8.05357e-09 -5.58707e-09 1.34954e-16 9.7597e-17 -1.19866e-08 -5.86292e-09 -1.25192e-08 -6.80402e-09
0.58043 -5.22199e-10 -9.33347e-10 -7.98134e-09 -5.56476e-09 1.30333e-16 9.53183e-17 -1.18555e-08 -5.81696e-09 -1.23777e-08 -6.75031e-09
0.580788 -5.12053e-10 -9.25595e-10 -7.90946e-09 -5.54322e-09 1.25869e-16 9.30759e-17 -1.17255e-08 -5.77263e-09 -1.22375e-08 -6.69823e-09
0.581145 -5.02087e-10 -9.17844e-10 -7.83792e-09 -5.5224e-09 1.21557e-16 9.08705e-17 -1.15966e-08 -5.72986e-09 -1.20987e-08 -6.64771e-09
0.581503 -4.92296e-10 -9.10096e-10 -7.7667e-09 -5.50229e-09 1.17392e-16 8.87024e-17 -1.14689e-08 -5.6886e-09 -1.19612e-08 -6.5987e-09
0.581861 -4.82679e-10 -9.02355e-10 -7.6958e-09 -5.48286e-09 1.1337e-16 8.65722e-17 -1.13422e-08 -5.6488e-09 -1.18249e-08 -6.55115e-09
0.582218 -4.73233e-10 -8.94623e-10 -7.62521e-09 -5.46409e-09 1.09485e-16 8.448e-17 -1.12166e-08 -5.61039e-09 -1.16899e-08 -6.50501e-09
0.582576 -4.63955e-10 -8.86902e-10 -7.55492e-09 -5.44595e-09 1.05733e-16 8.24261e-17 -1.10921e-08 -5.57333e-09 -1.1556e-08 -6.46023e-09
0.582933 -4.54842e-10 -8.79194e-10 -7.48493e-09 -5.42842e-09 1.0211e-16 8.04107e-17 -1.09685e-08 -5.53756e-09 -1.14234e-08 -6.41676e-09
0.583291 -4.45893e-10 -8.71501e-10 -7.41522e-09 -5.41148e-09 9.86119e-17 7.84338e-17 -1.0846e-08 -5.50305e-09 -1.12919e-08 -6.37455e-09
0.583649 -4.37104e-10 -8.63826e-10 -7.34578e-09 -5.39511e-09 9.52338e-17 7.64953e-17 -1.07244e-08 -5.46974e-09 -1.11615e-08 -6.33356e-09
0.584006 -4.28473e-10 -8.5617e-10 -7.27661e-09 -5.37928e-09 9.1972e-17 7.45954e-17 -1.06038e-08 -5.43758e-09 -1.10322e-08 -6.29375e-09
0.584364 -4.19998e-10 -8.48536e-10 -7.2077e-09 -5.36399e-09 8.88225e-17 7.27337e-17 -1.0484e-08 -5.40655e-09 -1.0904e-08 -6.25508e-09
0.584722 -4.11676e-10 -8.40925e-10 -7.13904e-09 -5.3492e-09 8.57817e-17 7.09102e-17 -1.03652e-08 -5.37658e-09 -1.07769e-08 -6.21751e-09
0.585079 -4.03504e-10 -8.33338e-10 -7.07063e-09 -5.3349e-09 8.28457e-17 6.91246e-17 -1.02472e-08 -5.34765e-09 -1.06507e-08 -6.18099e-09
0.585437 -3.9548e-10 -8.25778e-10 -7.00244e-09 -5.32108e-09 8.00112e-17 6.73767e-17 -1.01301e-08 -5.31971e-09 -1.05256e-08 -6.14549e-09
0.585794 -3.87602e-10 -8.18247e-10 -6.93449e-09 -5.30771e-09 7.72745e-17 6.56662e-17 -1.00138e-08 -5.29273e-09 -1.04014e-08 -6.11098e-09
0.586152 -3.79868e-10 -8.10744e-10 -6.86674e-09 -5.29478e-09 7.46325e-17 6.39928e-17 -9.8983e-09 -5.26667e-09 -1.02782e-08 -6.07742e-09
0.58651 -3.72274e-10 -8.03273e-10 -6.79921e-09 -5.28228e-09 7.20819e-17 6.2356e-17 -9.78357e-09 -5.2415e-09 -1.01558e-08 -6.04477e-09
0.586867 -3.64819e-10 -7.95834e-10 -6.73188e-09 -5.27018e-09 6.96196e-17 6.07555e-17 -9.66959e-09 -5.21718e-09 -1.00344e-08 -6.01301e-09
0.587225 -3.57501e-10 -7.88429e-10 -6.66474e-09 -5.25848e-09 6.72425e-17 5.91909e-17 -9.55634e-09 -5.19368e-09 -9.91384e-09 -5.98211e-09
0.587583 -3.50316e-10 -7.81058e-10 -6.59779e-09 -5.24716e-09 6.49477e-17 5.76617e-17 -9.4438e-09 -5.17097e-09 -9.79412e-09 -5.95203e-09
0.58794 -3.43264e-10 -7.73724e-10 -6.53101e-09 -5.2362e-09 6.27325e-17 5.61675e-17 -9.33194e-09 -5.14902e-09 -9.67521e-09 -5.92275e-09
0.588298 -3.36341e-10 -7.66427e-10 -6.4644e-09 -5.22559e-09 6.0594e-17 5.47078e-17 -9.22075e-09 -5.12781e-09 -9.55709e-09 -5.89423e-09
0.588655 -3.29545e-10 -7.59167e-10 -6.39796e-09 -5.21533e-09 5.85296e-17 5.32821e-17 -9.11019e-09 -5.1073e-09 -9.43974e-09 -5.86646e-09
0.589013 -3.22875e-10 -7.51947e-10 -6.33166e-09 -5.20538e-09 5.65369e-17 5.18898e-17 -9.00026e-09 -5.08746e-09 -9.32314e-09 -5.83941e-09
0.589371 -3.16328e-10 -7.44767e-10 -6.26552e-09 -5.19576e-09 5.46132e-17 5.05305e-17 -8.89093e-09 -5.06828e-09 -9.20726e-09 -5.81304e-09
0.589728 -3.09902e-10 -7.37628e-10 -6.19951e-09 -5.18643e-09 5.27562e-17 4.92036e-17 -8.78218e-09 -5.04972e-09 -9.09208e-09 -5.78735e-09
0.590086 -3.03595e-10 -7.30531e-10 -6.13364e-09 -5.1774e-09 5.09636e-17 4.79085e-17 -8.67399e-09 -5.03177e-09 -8.97759e-09 -5.7623e-09
0.590444 -2.97405e-10 -7.23476e-10 -6.06789e-09 -5.16865e-09 4.92332e-17 4.66448e-17 -8.56635e-09 -5.0144e-09 -8.86375e-09 -5.73787e-09
0.590801 -2.91329e-10 -7.16465e-10 -6.00226e-09 -5.16016e-09 4.75628e-17 4.54119e-17 -8.45922e-09 -4.99758e-09 -8.75055e-09 -5.71405e-09
0.591159 -2.85367e-10 -7.09498e-10 -5.93675e-09 -5.15194e-09 4.59504e-17 4.42091e-17 -8.3526e-09 -4.98131e-09 -8.63796e-09 -5.6908e-09
0.591516 -2.79515e-10 -7.02575e-10 -5.87134e-09 -5.14397e-09 4.43938e-17 4.3036e-17 -8.24646e-09 -4.96555e-09 -8.52597e-09 -5.66812e-09
0.591874 -2.73773e-10 -6.95697e-10 -5.80602e-09 -5.13623e-09 4.28912e-17 4.1892e-17 -8.14079e-09 -4.95029e-09 -8.41456e-09 -5.64599e-09
0.592232 -2.68137e-10 -6.88865e-10 -5.7408e-09 -5.12873e-09 4.14407e-17 4.07765e-17 -8.03557e-09 -4.93551e-09 -8.3037e-09 -5.62438e-09
0.592589 -2.62607e-10 -6.8208e-10 -5.67567e-09 -5.12146e-09 4.00404e-17 3.9689e-17 -7.93078e-09 -4.92119e-09 -8.19338e-09 -5.60327e-09
0.592947 -2.5718e-10 -6.75341e-10 -5.61062e-09 -5.11439e-09 3.86887e-17 3.86288e-17 -7.8264e-09 -4.90732e-09 -8.08358e-09 -5.58266e-09
0.593305 -2.51855e-10 -6.6865e-10 -5.54564e-09 -5.10754e-09 3.73837e-17 3.75955e-17 -7.72242e-09 -4.89388e-09 -7.97428e-09 -5.56253e-09
0.593662 -2.46629e-10 -6.62006e-10 -5.48073e-09 -5.10088e-09 3.6124e-17 3.65884e-17 -7.61883e-09 -4.88085e-09 -7.86546e-09 -5.54285e-09
0.59402 -2.41501e-10 -6.5541e-10 -5.41589e-09 -5.09441e-09 3.49078e-17 3.56071e-17 -7.5156e-09 -4.86821e-09 -7.7571e-09 -5.52362e-09
0.594378 -2.3647e-10 -6.48863e-10 -5.3511e-09 -5.08813e-09 3.37337e-17 3.46509e-17 -7.41272e-09 -4.85596e-09 -7.64919e-09 -5.50482e-09
0.594735 -2.31533e-10 -6.42364e-10 -5.28636e-09 -5.08203e-09 3.26003e-17 3.37193e-17 -7.31018e-09 -4.84408e-09 -7.54171e-09 -5.48644e-09
0.595093 -2.26689e-10 -6.35914e-10 -5.22168e-09 -5.07609e-09 3.1506e-17 3.28118e-17 -7.20796e-09 -4.83255e-09 -7.43464e-09 -5.46847e-09
0.59545 -2.21936e-10 -6.29513e-10 -5.15703e-09 -5.07032e-09 3.04495e-17 3.19278e-17 -7.10604e-09 -4.82137e-09 -7.32798e-09 -5.45088e-09
0.595808 -2.17272e-10 -6.23162e-10 -5.09243e-09 -5.06471e-09 2.94295e-17 3.10669e-17 -7.00442e-09 -4.81052e-09 -7.22169e-09 -5.43368e-09
0.596166 -2.12696e-10 -6.1686e-10 -5.02785e-09 -5.05924e-09 2.84447e-17 3.02284e-17 -6.90307e-09 -4.79998e-09 -7.11577e-09 -5.41684e-09
0.596523 -2.08207e-10 -6.10608e-10 -4.96331e-09 -5.05393e-09 2.74939e-17 2.94119e-17 -6.80199e-09 -4.78976e-09 -7.0102e-09 -5.40037e-09
0.596881 -2.03803e-10 -6.04406e-10 -4.89879e-09 -5.04875e-09 2.65758e-17 2.86168e-17 -6.70117e-09 -4.77983e-09 -6.90497e-09 -5.38424e-09
0.597239 -1.99481e-10 -5.98254e-10 -4.83429e-09 -5.04371e-09 2.56894e-17 2.78427e-17 -6.60058e-09 -4.77019e-09 -6.80006e-09 -5.36844e-09
0.597596 -1.95242e-10 -5.92152e-10 -4.7698e-09 -5.03879e-09 2.48335e-17 2.70891e-17 -6.50022e-09 -4.76083e-09 -6.69546e-09 -5.35298e-09
0.597954 -1.91082e-10 -5.86101e-10 -4.70533e-09 -5.03401e-09 2.40071e-17 2.63554e-17 -6.40008e-09 -4.75173e-09 -6.59116e-09 -5.33783e-09
0.598311 -1.87001e-10 -5.80099e-10 -4.64087e-09 -5.02934e-09 2.32091e-17 2.56412e-17 -6.30014e-09 -4.74289e-09 -6.48714e-09 -5.32299e-09
0.598669 -1.82998e-10 -5.74148e-10 -4.57641e-09 -5.02478e-09 2.24385e-17 2.4946e-17 -6.2004e-09 -4.73431e-09 -6.3834e-09 -5.30846e-09
0.599027 -1.79071e-10 -5.68247e-10 -4.51195e-09 -5.02034e-09 2.16944e-17 2.42694e-17 -6.10083e-09 -4.72597e-09 -6.27991e-09 -5.29421e-09
0.599384 -1.75218e-10 -5.62396e-10 -4.44749e-09 -5.016e-09 2.09758e-17 2.36109e-17 -6.00144e-09 -4.71786e-09 -6.17666e-09 -5.28026e-09
