0.399828 6.10623e-11 2.27011e-11 0 0 0 0 0 0 6.10623e-11 2.27011e-11
0.400066 6.20849e-11 2.31277e-11 0 0 0 0 0 0 6.20849e-11 2.31277e-11
0.400305 6.31266e-11 2.35631e-11 0 0 0 0 0 0 6.31266e-11 2.35631e-11
0.400543 6.41878e-11 2.40076e-11 0 0 0 0 0 0 6.41878e-11 2.40076e-11
0.400782 6.52689e-11 2.44614e-11 0 0 0 0 0 0 6.52689e-11 2.44614e-11
0.40102 6.63703e-11 2.49247e-11 0 0 0 0 0 0 6.63703e-11 2.49247e-11
0.401258 6.74923e-11 2.53977e-11 0 0 0 0 0 0 6.74923e-11 2.53977e-11
0.401497 6.86355e-11 2.58806e-11 0 0 0 0 0 0 6.86355e-11 2.58806e-11
0.401735 6.98003e-11 2.63737e-11 0 0 0 0 0 0 6.98003e-11 2.63737e-11
0.401974 7.0987e-11 2.68772e-11 0 0 0 0 0 0 7.0987e-11 2.68772e-11
0.402212 7.21963e-11 2.73913e-11 0 0 0 0 0 0 7.21963e-11 2.73913e-11
0.402451 7.34284e-11 2.79163e-11 0 0 0 0 0 0 7.34284e-11 2.79163e-11
0.402689 7.4684e-11 2.84524e-11 0 0 0 0 0 0 7.4684e-11 2.84524e-11
0.402927 7.59635e-11 2.89999e-11 0 0 0 0 0 0 7.59635e-11 2.89999e-11
0.403166 7.72675e-11 2.95591e-11 0 0 0 0 0 0 7.72675e-11 2.95591e-11
0.403404 7.85963e-11 3.01302e-11 0 0 0 0 0 0 7.85963e-11 3.01302e-11
0.403643 7.99506e-11 3.07135e-11 0 0 0 0 0 0 7.99506e-11 3.07135e-11
0.403881 8.13309e-11 3.13093e-11 0 0 0 0 0 0 8.13309e-11 3.13093e-11
0.404119 8.27377e-11 3.19179e-11 0 0 0 0 0 0 8.27377e-11 3.19179e-11
0.404358 8.41716e-11 3.25395e-11 0 0 0 0 0 0 8.41716e-11 3.25395e-11
0.404596 8.56331e-11 3.31746e-11 0 0 0 0 0 0 8.56331e-11 3.31746e-11
0.404835 8.71229e-11 3.38234e-11 0 0 0 0 0 0 8.71229e-11 3.38234e-11
0.405073 8.86416e-11 3.44862e-11 0 0 0 0 0 0 8.86416e-11 3.44862e-11
0.405312 9.01897e-11 3.51634e-11 0 0 0 0 0 0 9.01897e-11 3.51634e-11
0.40555 9.17679e-11 3.58552e-11 0 0 0 0 0 0 9.17679e-11 3.58552e-11
0.405788 9.33769e-11 3.65622e-11 0 0 0 0 0 0 9.33769e-11 3.65622e-11
0.406027 9.50173e-11 3.72845e-11 0 0 0 0 0 0 9.50173e-11 3.72845e-11
0.406265 9.66897e-11 3.80227e-11 0 0 0 0 0 0 9.66897e-11 3.80227e-11
0.406504 9.83949e-11 3.8777e-11 0 0 0 0 0 0 9.83949e-11 3.8777e-11
0.406742 1.00134e-10 3.95478e-11 0 0 0 0 0 0 1.00134e-10 3.95478e-11
0.406981 1.01906e-10 4.03356e-11 0 0 0 0 0 0 1.01906e-10 4.03356e-11
0.407219 1.03714e-10 4.11407e-11 0 0 0 0 0 0 1.03714e-10 4.11407e-11
0.407457 1.05558e-10 4.19637e-11 0 0 0 0 0 0 1.05558e-10 4.19637e-11
0.407696 1.07438e-10 4.28048e-11 0 0 0 0 0 0 1.07438e-10 4.28048e-11
0.407934 1.09355e-10 4.36645e-11 0 0 0 0 0 0 1.09355e-10 4.36645e-11
0.408173 1.1131e-10 4.45434e-11 0 0 0 0 0 0 1.1131e-10 4.45434e-11
0.408411 1.13304e-10 4.54418e-11 0 0 0 0 0 0 1.13304e-10 4.54418e-11
0.408649 1.15338e-10 4.63602e-11 0 0 0 0 0 0 1.15338e-10 4.63602e-11
0.408888 1.17412e-10 4.72992e-11 0 0 0 0 0 0 1.17412e-10 4.72992e-11
0.409126 1.19528e-10 4.82592e-11 0 0 0 0 0 0 1.19528e-10 4.82592e-11
0.409365 1.21687e-10 4.92407e-11 0 0 0 0 0 0 1.21687e-10 4.92407e-11
0.409603 1.23889e-10 5.02443e-11 0 0 0 0 0 0 1.23889e-10 5.02443e-11
0.409842 1.26135e-10 5.12705e-11 0 0 0 0 0 0 1.26135e-10 5.12705e-11
0.41008 1.28426e-10 5.23199e-11 0 0 0 0 0 0 1.28426e-10 5.23199e-11
0.410318 1.30764e-10 5.3393e-11 0 0 0 0 0 0 1.30764e-10 5.3393e-11
0.410557 1.33149e-10 5.44905e-11 0 0 0 0 0 0 1.33149e-10 5.44905e-11
0.410795 1.35582e-10 5.56129e-11 0 0 0 0 0 0 1.35582e-10 5.56129e-11
0.411034 1.38065e-10 5.67608e-11 0 0 0 0 0 0 1.38065e-10 5.67608e-11
0.411272 1.40598e-10 5.79349e-11 0 0 0 0 0 0 1.40598e-10 5.79349e-11
0.41151 1.43183e-10 5.91359e-11 0 0 0 0 0 0 1.43183e-10 5.91359e-11
0.411749 1.45821e-10 6.03643e-11 0 0 0 0 0 0 1.45821e-10 6.03643e-11
0.411987 1.48512e-10 6.1621e-11 0 0 0 0 0 0 1.48512e-10 6.1621e-11
0.412226 1.51259e-10 6.29066e-11 0 0 0 0 0 0 1.51259e-10 6.29066e-11
0.412464 1.54063e-10 6.42218e-11 0 0 0 0 0 0 1.54063e-10 6.42218e-11
0.412703 1.56924e-10 6.55674e-11 0 0 0 0 0 0 1.56924e-10 6.55674e-11
0.412941 1.59844e-10 6.69441e-11 0 0 0 0 0 0 1.59844e-10 6.69441e-11
0.413179 1.62825e-10 6.83528e-11 0 0 0 0 0 0 1.62825e-10 6.83528e-11
0.413418 1.65868e-10 6.97943e-11 0 0 0 0 0 0 1.65868e-10 6.97943e-11
0.413656 1.68973e-10 7.12693e-11 0 0 0 0 0 0 1.68973e-10 7.12693e-11
0.413895 1.72143e-10 7.27787e-11 0 0 0 0 0 0 1.72143e-10 7.27787e-11
0.414133 1.7538e-10 7.43235e-11 0 0 0 0 0 0 1.7538e-10 7.43235e-11
0.414371 1.78684e-10 7.59045e-11 0 0 0 0 0 0 1.78684e-10 7.59045e-11
0.41461 1.82057e-10 7.75226e-11 0 0 0 0 0 0 1.82057e-10 7.75226e-11
0.414848 1.855e-10 7.91788e-11 0 0 0 0 0 0 1.855e-10 7.91788e-11
0.415087 1.89016e-10 8.08741e-11 0 0 0 0 0 0 1.89016e-10 8.08741e-11
0.415325 1.92606e-10 8.26095e-11 0 0 0 0 0 0 1.92606e-10 8.26095e-11
0.415564 1.96272e-10 8.4386e-11 0 0 0 0 0 0 1.96272e-10 8.4386e-11
0.415802 2.00015e-10 8.62047e-11 0 0 0 0 0 0 2.00015e-10 8.62047e-11
0.41604 2.03838e-10 8.80667e-11 0 0 0 0 0 0 2.03838e-10 8.80667e-11
0.416279 2.07741e-10 8.9973e-11 0 0 0 0 0 0 2.07741e-10 8.9973e-11
0.416517 2.11728e-10 9.1925e-11 0 0 0 0 0 0 2.11728e-10 9.1925e-11
0.416756 2.158e-10 9.39237e-11 0 0 0 0 0 0 2.158e-10 9.39237e-11
0.416994 2.19958e-10 9.59704e-11 0 0 0 0 0 0 2.19958e-10 9.59704e-11
0.417233 2.24205e-10 9.80663e-11 0 0 0 0 0 0 2.24205e-10 9.80663e-11
0.417471 2.28544e-10 1.00213e-10 0 0 0 0 0 0 2.28544e-10 1.00213e-10
0.417709 2.32975e-10 1.02411e-10 0 0 0 0 0 0 2.32975e-10 1.02411e-10
0.417948 2.37502e-10 1.04662e-10 0 0 0 0 0 0 2.37502e-10 1.04662e-10
0.418186 2.42126e-10 1.06969e-10 0 0 0 0 0 0 2.42126e-10 1.06969e-10
0.418425 2.46851e-10 1.09331e-10 0 0 0 0 0 0 2.46851e-10 1.09331e-10
0.418663 2.51677e-10 1.11751e-10 0 0 0 0 0 0 2.51677e-10 1.11751e-10
0.418901 2.56608e-10 1.14229e-10 0 0 0 0 0 0 2.56608e-10 1.14229e-10
0.41914 2.61647e-10 1.16769e-10 0 0 0 0 0 0 2.61647e-10 1.16769e-10
0.419378 2.66795e-10 1.19371e-10 0 0 0 0 0 0 2.66795e-10 1.19371e-10
0.419617 2.72055e-10 1.22037e-10 0 0 0 0 0 0 2.72055e-10 1.22037e-10
0.419855 2.7743e-10 1.24768e-10 0 0 0 0 0 0 2.7743e-10 1.24768e-10
0.420094 2.82923e-10 1.27567e-10 0 0 0 0 0 0 2.82923e-10 1.27567e-10
0.420332 2.88537e-10 1.30435e-10 0 0 0 0 0 0 2.88537e-10 1.30435e-10
0.42057 2.94274e-10 1.33374e-10 0 0 0 0 0 0 2.94274e-10 1.33374e-10
0.420809 3.00138e-10 1.36387e-10 0 0 0 0 0 0 3.00138e-10 1.36387e-10
0.421047 3.06131e-10 1.39474e-10 0 0 0 0 0 0 3.06131e-10 1.39474e-10
0.421286 3.12256e-10 1.42639e-10 0 0 0 0 0 0 3.12256e-10 1.42639e-10
0.421524 3.18517e-10 1.45882e-10 0 0 0 0 0 0 3.18517e-10 1.45882e-10
0.421762 3.24918e-10 1.49207e-10 0 0 0 0 0 0 3.24918e-10 1.49207e-10
0.422001 3.31461e-10 1.52616e-10 0 0 0 0 0 0 3.31461e-10 1.52616e-10
0.422239 3.38149e-10 1.5611e-10 0 0 0 0 0 0 3.38149e-10 1.5611e-10
0.422478 3.44988e-10 1.59692e-10 0 0 0 0 0 0 3.44988e-10 1.59692e-10
0.422716 3.51979e-10 1.63365e-10 0 0 0 0 0 0 3.51979e-10 1.63365e-10
0.422955 3.59127e-10 1.67132e-10 0 0 0 0 0 0 3.59127e-10 1.67132e-10
0.423193 3.66436e-10 1.70994e-10 0 0 0 0 0 0 3.66436e-10 1.70994e-10
0.423431 3.7391e-10 1.74954e-10 0 0 0 0 0 0 3.7391e-10 1.74954e-10
0.42367 3.81552e-10 1.79015e-10 0 0 0 0 0 0 3.81552e-10 1.79015e-10
0.423908 3.89367e-10 1.8318e-10 0 0 0 0 0 0 3.89367e-10 1.8318e-10
0.424147 3.9736e-10 1.87452e-10 0 0 0 0 0 0 3.9736e-10 1.87452e-10
0.424385 4.05533e-10 1.91834e-10 0 0 0 0 0 0 4.05533e-10 1.91834e-10
0.424623 4.13893e-10 1.96329e-10 0 0 0 0 0 0 4.13893e-10 1.96329e-10
0.424862 4.22443e-10 2.00939e-10 0 0 0 0 0 0 4.22443e-10 2.00939e-10
0.4251 4.31189e-10 2.05669e-10 0 0 0 0 0 0 4.31189e-10 2.05669e-10
0.425339 4.40135e-10 2.10521e-10 0 0 0 0 0 0 4.40135e-10 2.10521e-10
0.425577 4.49286e-10 2.155e-10 0 0 0 0 0 0 4.49286e-10 2.155e-10
0.425816 4.58647e-10 2.20608e-10 0 0 0 0 0 0 4.58647e-10 2.20608e-10
0.426054 4.68224e-10 2.25849e-10 0 0 0 0 0 0 4.68224e-10 2.25849e-10
0.426292 4.78022e-10 2.31227e-10 0 0 0 0 0 0 4.78022e-10 2.31227e-10
0.426531 4.88047e-10 2.36747e-10 0 0 0 0 0 0 4.88047e-10 2.36747e-10
0.426769 4.98303e-10 2.42411e-10 0 0 0 0 0 0 4.98303e-10 2.42411e-10
0.427008 5.08798e-10 2.48225e-10 0 0 0 0 0 0 5.08798e-10 2.48225e-10
0.427246 5.19537e-10 2.54192e-10 0 0 0 0 0 0 5.19537e-10 2.54192e-10
0.427485 5.30527e-10 2.60316e-10 0 0 0 0 0 0 5.30527e-10 2.60316e-10
0.427723 5.41772e-10 2.66604e-10 0 0 0 0 0 0 5.41772e-10 2.66604e-10
0.427961 5.53282e-10 2.73058e-10 0 0 0 0 0 0 5.53282e-10 2.73058e-10
0.4282 5.6506e-10 2.79684e-10 0 0 0 0 0 0 5.6506e-10 2.79684e-10
0.428438 5.77116e-10 2.86487e-10 0 0 0 0 0 0 5.77116e-10 2.86487e-10
0.428677 5.89456e-10 2.93471e-10 0 0 0 0 0 0 5.89456e-10 2.93471e-10
0.428915 6.02086e-10 3.00644e-10 0 0 0 0 0 0 6.02086e-10 3.00644e-10
0.429153 6.15015e-10 3.08008e-10 0 0 0 0 0 0 6.15015e-10 3.08008e-10
0.429392 6.2825e-10 3.15571e-10 0 0 0 0 0 0 6.2825e-10 3.15571e-10
0.42963 6.418e-10 3.23339e-10 0 0 0 0 0 0 6.418e-10 3.23339e-10
0.429869 6.55671e-10 3.31316e-10 0 0 0 0 0 0 6.55671e-10 3.31316e-10
0.430107 6.69873e-10 3.3951e-10 0 0 0 0 0 0 6.69873e-10 3.3951e-10
0.430346 6.84414e-10 3.47926e-10 0 0 0 0 0 0 6.84414e-10 3.47926e-10
0.430584 6.99303e-10 3.56571e-10 0 0 0 0 0 0 6.99303e-10 3.56571e-10
0.430822 7.14548e-10 3.65453e-10 0 0 0 0 0 0 7.14548e-10 3.65453e-10
0.431061 7.3016e-10 3.74577e-10 0 0 0 0 0 0 7.3016e-10 3.74577e-10
0.431299 7.46147e-10 3.83952e-10 0 0 0 0 0 0 7.46147e-10 3.83952e-10
0.431538 7.62519e-10 3.93584e-10 0 0 0 0 0 0 7.62519e-10 3.93584e-10
0.431776 7.79287e-10 4.03482e-10 0 0 0 0 0 0 7.79287e-10 4.03482e-10
0.432014 7.96461e-10 4.13653e-10 0 0 0 0 0 0 7.96461e-10 4.13653e-10
0.432253 8.14051e-10 4.24105e-10 0 0 0 0 0 0 8.14051e-10 4.24105e-10
0.432491 8.32068e-10 4.34847e-10 0 0 0 0 0 0 8.32068e-10 4.34847e-10
0.43273 8.50524e-10 4.45888e-10 0 0 0 0 0 0 8.50524e-10 4.45888e-10
0.432968 8.6943e-10 4.57236e-10 0 0 0 0 0 0 8.6943e-10 4.57236e-10
0.433207 8.88798e-10 4.68901e-10 0 0 0 0 0 0 8.88798e-10 4.68901e-10
0.433445 9.08641e-10 4.80893e-10 0 0 0 0 0 0 9.08641e-10 4.80893e-10
0.433683 9.2897e-10 4.9322e-10 0 0 0 0 0 0 9.2897e-10 4.9322e-10
0.433922 9.49799e-10 5.05895e-10 0 0 0 0 0 0 9.49799e-10 5.05895e-10
0.43416 9.7114e-10 5.18926e-10 0 0 0 0 0 0 9.7114e-10 5.18926e-10
0.434399 9.93008e-10 5.32325e-10 0 0 0 0 0 0 9.93008e-10 5.32325e-10
0.434637 1.01542e-09 5.46104e-10 0 0 0 0 0 0 1.01542e-09 5.46104e-10
0.434875 1.03838e-09 5.60273e-10 0 0 0 0 0 0 1.03838e-09 5.60273e-10
0.435114 1.06191e-09 5.74845e-10 0 0 0 0 0 0 1.06191e-09 5.74845e-10
0.435352 1.08603e-09 5.89833e-10 0 0 0 0 0 0 1.08603e-09 5.89833e-10
0.435591 1.11075e-09 6.05248e-10 0 0 0 0 0 0 1.11075e-09 6.05248e-10
0.435829 1.13609e-09 6.21104e-10 0 0 0 0 0 0 1.13609e-09 6.21104e-10
0.436068 1.16206e-09 6.37415e-10 0 0 0 0 0 0 1.16206e-09 6.37415e-10
0.436306 1.18868e-09 6.54195e-10 0 0 0 0 0 0 1.18868e-09 6.54195e-10
0.436544 1.21596e-09 6.71459e-10 0 0 0 0 0 0 1.21596e-09 6.71459e-10
0.436783 1.24394e-09 6.89221e-10 0 0 0 0 0 0 1.24394e-09 6.89221e-10
0.437021 1.27262e-09 7.07497e-10 0 0 0 0 0 0 1.27262e-09 7.07497e-10
0.43726 1.30202e-09 7.26303e-10 0 0 0 0 0 0 1.30202e-09 7.26303e-10
0.437498 1.33216e-09 7.45656e-10 0 0 0 0 0 0 1.33216e-09 7.45656e-10
0.437737 1.36307e-09 7.65573e-10 0 0 0 0 0 0 1.36307e-09 7.65573e-10
0.437975 1.39476e-09 7.86071e-10 0 0 0 0 0 0 1.39476e-09 7.86071e-10
0.438213 1.42726e-09 8.07169e-10 0 0 0 0 0 0 1.42726e-09 8.07169e-10
0.438452 1.46058e-09 8.28886e-10 0 0 0 0 0 0 1.46058e-09 8.28886e-10
0.43869 1.49476e-09 8.51241e-10 0 0 0 0 0 0 1.49476e-09 8.51241e-10
0.438929 1.52981e-09 8.74255e-10 0 0 0 0 0 0 1.52981e-09 8.74255e-10
0.439167 1.56575e-09 8.97948e-10 0 0 0 0 0 0 1.56575e-09 8.97948e-10
0.439405 1.60262e-09 9.22342e-10 0 0 0 0 0 0 1.60262e-09 9.22342e-10
0.439644 1.64043e-09 9.4746e-10 0 0 0 0 0 0 1.64043e-09 9.4746e-10
0.439882 1.67922e-09 9.73324e-10 0 0 0 0 0 0 1.67922e-09 9.73324e-10
0.440121 1.71901e-09 9.99958e-10 0 0 0 0 0 0 1.71901e-09 9.99958e-10
0.440359 1.75982e-09 1.02739e-09 0 0 0 0 0 0 1.75982e-09 1.02739e-09
0.440598 1.80169e-09 1.05564e-09 0 0 0 0 0 0 1.80169e-09 1.05564e-09
0.440836 1.84464e-09 1.08473e-09 0 0 0 0 0 0 1.84464e-09 1.08473e-09
0.441074 1.88871e-09 1.1147e-09 0 0 0 0 0 0 1.88871e-09 1.1147e-09
0.441313 1.93392e-09 1.14558e-09 0 0 0 0 0 0 1.93392e-09 1.14558e-09
0.441551 1.98031e-09 1.17738e-09 0 0 0 0 0 0 1.98031e-09 1.17738e-09
0.44179 2.02791e-09 1.21015e-09 0 0 0 0 0 0 2.02791e-09 1.21015e-09
0.442028 2.07675e-09 1.2439e-09 0 0 0 0 0 0 2.07675e-09 1.2439e-09
0.442266 2.12687e-09 1.27869e-09 0 0 0 0 0 0 2.12687e-09 1.27869e-09
0.442505 2.1783e-09 1.31453e-09 0 0 0 0 0 0 2.1783e-09 1.31453e-09
0.442743 2.23109e-09 1.35146e-09 0 0 0 0 0 0 2.23109e-09 1.35146e-09
0.442982 2.28525e-09 1.38953e-09 0 0 0 0 0 0 2.28525e-09 1.38953e-09
0.44322 2.34085e-09 1.42876e-09 0 0 0 0 0 0 2.34085e-09 1.42876e-09
0.443459 2.39791e-09 1.46919e-09 0 0 0 0 0 0 2.39791e-09 1.46919e-09
0.443697 2.45648e-09 1.51086e-09 0 0 0 0 0 0 2.45648e-09 1.51086e-09
0.443935 2.51659e-09 1.55382e-09 0 0 0 0 0 0 2.51659e-09 1.55382e-09
0.444174 2.5783e-09 1.59811e-09 0 0 0 0 0 0 2.5783e-09 1.59811e-09
0.444412 2.64164e-09 1.64377e-09 0 0 0 0 0 0 2.64164e-09 1.64377e-09
0.444651 2.70666e-09 1.69084e-09 0 0 0 0 0 0 2.70666e-09 1.69084e-09
0.444889 2.77341e-09 1.73937e-09 0 0 0 0 0 0 2.77341e-09 1.73937e-09
0.445127 2.84194e-09 1.78941e-09 0 0 0 0 0 0 2.84194e-09 1.78941e-09
0.445366 2.9123e-09 1.84102e-09 0 0 0 0 0 0 2.9123e-09 1.84102e-09
0.445604 2.98453e-09 1.89424e-09 0 0 0 0 0 0 2.98453e-09 1.89424e-09
0.445843 3.0587e-09 1.94912e-09 0 0 0 0 0 0 3.0587e-09 1.94912e-09
0.446081 3.13485e-09 2.00572e-09 0 0 0 0 0 0 3.13485e-09 2.00572e-09
0.44632 3.21304e-09 2.06411e-09 0 0 0 0 0 0 3.21304e-09 2.06411e-09
0.446558 3.29333e-09 2.12433e-09 0 0 0 0 0 0 3.29333e-09 2.12433e-09
0.446796 3.37577e-09 2.18646e-09 0 0 0 0 0 0 3.37577e-09 2.18646e-09
0.447035 3.46043e-09 2.25054e-09 0 0 0 0 0 0 3.46043e-09 2.25054e-09
0.447273 3.54737e-09 2.31666e-09 0 0 0 0 0 0 3.54737e-09 2.31666e-09
0.447512 3.63666e-09 2.38488e-09 0 0 0 0 0 0 3.63666e-09 2.38488e-09
0.44775 3.72835e-09 2.45526e-09 0 0 0 0 0 0 3.72835e-09 2.45526e-09
0.447989 3.82252e-09 2.52789e-09 0 0 0 0 0 0 3.82252e-09 2.52789e-09
0.448227 3.91923e-09 2.60283e-09 0 0 0 0 0 0 3.91923e-09 2.60283e-09
0.448465 4.01856e-09 2.68017e-09 0 0 0 0 0 0 4.01856e-09 2.68017e-09
0.448704 4.12058e-09 2.75998e-09 0 0 0 0 0 0 4.12058e-09 2.75998e-09
0.448942 4.22537e-09 2.84236e-09 0 0 0 0 0 0 4.22537e-09 2.84236e-09
0.449181 4.333e-09 2.92738e-09 0 0 0 0 0 0 4.333e-09 2.92738e-09
0.449419 4.44356e-09 3.01514e-09 0 0 0 0 0 0 4.44356e-09 3.01514e-09
0.449657 4.55712e-09 3.10573e-09 0 0 0 0 0 0 4.55712e-09 3.10573e-09
0.449896 4.67377e-09 3.19925e-09 0 0 0 0 0 0 4.67377e-09 3.19925e-09
0.450134 4.79359e-09 3.29579e-09 0 0 0 0 0 0 4.79359e-09 3.29579e-09
0.450373 4.91668e-09 3.39546e-09 0 0 0 0 0 0 4.91668e-09 3.39546e-09
0.450611 5.04312e-09 3.49836e-09 0 0 0 0 0 0 5.04312e-09 3.49836e-09
0.45085 5.17301e-09 3.60461e-09 0 0 0 0 0 0 5.17301e-09 3.60461e-09
0.451088 5.30644e-09 3.71432e-09 0 0 0 0 0 0 5.30644e-09 3.71432e-09
0.451326 5.44351e-09 3.82761e-09 0 0 0 0 0 0 5.44351e-09 3.82761e-09
0.451565 5.58433e-09 3.94459e-09 0 0 0 0 0 0 5.58433e-09 3.94459e-09
0.451803 5.729e-09 4.06541e-09 0 0 0 0 0 0 5.729e-09 4.06541e-09
0.452042 5.87762e-09 4.19018e-09 0 0 0 0 0 0 5.87762e-09 4.19018e-09
0.45228 6.0303e-09 4.31904e-09 0 0 0 0 0 0 6.0303e-09 4.31904e-09
0.452518 6.18715e-09 4.45213e-09 0 0 0 0 0 0 6.18715e-09 4.45213e-09
0.452757 6.3483e-09 4.5896e-09 0 0 0 0 0 0 6.3483e-09 4.5896e-09
0.452995 6.51385e-09 4.7316e-09 0 0 0 0 0 0 6.51385e-09 4.7316e-09
0.453234 6.68393e-09 4.87828e-09 0 0 0 0 0 0 6.68393e-09 4.87828e-09
0.453472 6.85866e-09 5.0298e-09 0 0 0 0 0 0 6.85866e-09 5.0298e-09
0.453711 7.03817e-09 5.18634e-09 0 0 0 0 0 0 7.03817e-09 5.18634e-09
0.453949 7.22258e-09 5.34805e-09 0 0 0 0 0 0 7.22258e-09 5.34805e-09
0.454187 7.41204e-09 5.51512e-09 0 0 0 0 0 0 7.41204e-09 5.51512e-09
0.454426 7.60667e-09 5.68773e-09 0 0 0 0 0 0 7.60667e-09 5.68773e-09
0.454664 7.80662e-09 5.86607e-09 0 0 0 0 0 0 7.80662e-09 5.86607e-09
0.454903 8.01203e-09 6.05033e-09 0 0 0 0 0 0 8.01203e-09 6.05033e-09
0.455141 8.22305e-09 6.24073e-09 0 0 0 0 0 0 8.22305e-09 6.24073e-09
0.455379 8.43981e-09 6.43747e-09 0 0 0 0 0 0 8.43981e-09 6.43747e-09
0.455618 8.66249e-09 6.64076e-09 0 0 0 0 0 0 8.66249e-09 6.64076e-09
0.455856 8.89122e-09 6.85083e-09 0 0 0 0 0 0 8.89122e-09 6.85083e-09
0.456095 9.12618e-09 7.06791e-09 0 0 0 0 0 0 9.12618e-09 7.06791e-09
0.456333 9.36752e-09 7.29224e-09 0 0 0 0 0 0 9.36752e-09 7.29224e-09
0.456572 9.61541e-09 7.52407e-09 0 0 0 0 0 0 9.61541e-09 7.52407e-09
0.45681 9.87002e-09 7.76365e-09 0 0 0 0 0 0 9.87002e-09 7.76365e-09
0.457048 1.01315e-08 8.01125e-09 0 0 0 0 0 0 1.01315e-08 8.01125e-09
0.457287 1.04001e-08 8.26713e-09 0 0 0 0 0 0 1.04001e-08 8.26713e-09
0.457525 1.06759e-08 8.53158e-09 0 0 0 0 0 0 1.06759e-08 8.53158e-09
0.457764 1.09592e-08 8.80489e-09 0 0 0 0 0 0 1.09592e-08 8.80489e-09
0.458002 1.125e-08 9.08736e-09 0 0 0 0 0 0 1.125e-08 9.08736e-09
0.458241 1.15487e-08 9.37929e-09 0 0 0 0 0 0 1.15487e-08 9.37929e-09
0.458479 1.18554e-08 9.681e-09 0 0 0 0 0 0 1.18554e-08 9.681e-09
0.458717 1.21703e-08 9.99283e-09 0 0 0 0 0 0 1.21703e-08 9.99283e-09
0.458956 1.24936e-08 1.03151e-08 0 0 0 0 0 0 1.24936e-08 1.03151e-08
0.459194 1.28254e-08 1.06482e-08 0 0 0 0 0 0 1.28254e-08 1.06482e-08
0.459433 1.31661e-08 1.09924e-08 0 0 0 0 0 0 1.31661e-08 1.09924e-08
0.459671 1.35158e-08 1.13482e-08 0 0 0 0 0 0 1.35158e-08 1.13482e-08
0.459909 1.38747e-08 1.17159e-08 0 0 0 0 0 0 1.38747e-08 1.17159e-08
0.460148 1.4243e-08 1.20958e-08 0 0 0 0 0 0 1.4243e-08 1.20958e-08
0.460386 1.4621e-08 1.24885e-08 0 0 0 0 0 0 1.4621e-08 1.24885e-08
0.460625 1.50088e-08 1.28943e-08 0 0 0 0 0 0 1.50088e-08 1.28943e-08
0.460863 1.54067e-08 1.33137e-08 0 0 0 0 0 0 1.54067e-08 1.33137e-08
0.461102 1.5815e-08 1.3747e-08 0 0 0 0 0 0 1.5815e-08 1.3747e-08
0.46134 1.62337e-08 1.41948e-08 0 0 0 0 0 0 1.62337e-08 1.41948e-08
0.461578 1.66632e-08 1.46575e-08 0 0 0 0 0 0 1.66632e-08 1.46575e-08
0.461817 1.71036e-08 1.51356e-08 0 0 0 0 0 0 1.71036e-08 1.51356e-08
0.462055 1.75553e-08 1.56296e-08 0 0 0 0 0 0 1.75553e-08 1.56296e-08
0.462294 1.80183e-08 1.61399e-08 0 0 0 0 0 0 1.80183e-08 1.61399e-08
0.462532 1.8493e-08 1.66671e-08 0 0 0 0 0 0 1.8493e-08 1.66671e-08
0.46277 1.89795e-08 1.72117e-08 0 0 0 0 0 0 1.89795e-08 1.72117e-08
0.463009 1.94781e-08 1.77743e-08 0 0 0 0 0 0 1.94781e-08 1.77743e-08
0.463247 1.9989e-08 1.83554e-08 0 0 0 0 0 0 1.9989e-08 1.83554e-08
0.463486 2.05124e-08 1.89555e-08 0 0 0 0 0 0 2.05124e-08 1.89555e-08
0.463724 2.10485e-08 1.95753e-08 0 0 0 0 0 0 2.10485e-08 1.95753e-08
0.463963 2.15976e-08 2.02154e-08 0 0 0 0 0 0 2.15976e-08 2.02154e-08
0.464201 2.21597e-08 2.08762e-08 0 0 0 0 0 0 2.21597e-08 2.08762e-08
0.464439 2.27352e-08 2.15586e-08 0 0 0 0 0 0 2.27352e-08 2.15586e-08
0.464678 2.33242e-08 2.22629e-08 0 0 0 0 0 0 2.33242e-08 2.22629e-08
0.464916 2.39269e-08 2.299e-08 0 0 0 0 0 0 2.39269e-08 2.299e-08
0.465155 2.45435e-08 2.37404e-08 0 0 0 0 0 0 2.45435e-08 2.37404e-08
0.465393 2.51741e-08 2.45149e-08 0 0 0 0 0 0 2.51741e-08 2.45149e-08
0.465631 2.58189e-08 2.5314e-08 0 0 0 0 0 0 2.58189e-08 2.5314e-08
0.46587 2.6478e-08 2.61384e-08 0 0 0 0 0 0 2.6478e-08 2.61384e-08
0.466108 2.71516e-08 2.69888e-08 0 0 0 0 0 0 2.71516e-08 2.69888e-08
0.466347 2.78398e-08 2.78659e-08 0 0 0 0 0 0 2.78398e-08 2.78659e-08
0.466585 2.85427e-08 2.87704e-08 0 0 0 0 0 0 2.85427e-08 2.87704e-08
0.466824 2.92603e-08 2.9703e-08 0 0 0 0 0 0 2.92603e-08 2.9703e-08
0.467062 2.99928e-08 3.06643e-08 0 0 0 0 0 0 2.99928e-08 3.06643e-08
0.4673 3.07401e-08 3.16551e-08 0 0 0 0 0 0 3.07401e-08 3.16551e-08
0.467539 3.15023e-08 3.2676e-08 0 0 0 0 0 0 3.15023e-08 3.2676e-08
0.467777 3.22794e-08 3.37278e-08 0 0 0 0 0 0 3.22794e-08 3.37278e-08
0.468016 3.30714e-08 3.4811e-08 0 0 0 0 0 0 3.30714e-08 3.4811e-08
0.468254 3.38782e-08 3.59265e-08 0 0 0 0 0 0 3.38782e-08 3.59265e-08
0.468493 3.46997e-08 3.70749e-08 0 0 0 0 0 0 3.46997e-08 3.70749e-08
0.468731 3.55358e-08 3.82567e-08 0 0 0 0 0 0 3.55358e-08 3.82567e-08
0.468969 3.63863e-08 3.94728e-08 0 0 0 0 0 0 3.63863e-08 3.94728e-08
0.469208 3.72511e-08 4.07236e-08 0 0 0 0 0 0 3.72511e-08 4.07236e-08
0.469446 3.81299e-08 4.20097e-08 0 0 0 0 0 0 3.81299e-08 4.20097e-08
0.469685 3.90225e-08 4.33318e-08 0 0 0 0 0 0 3.90225e-08 4.33318e-08
0.469923 3.99285e-08 4.46904e-08 0 0 0 0 0 0 3.99285e-08 4.46904e-08
0.470161 4.08475e-08 4.6086e-08 0 0 0 0 0 0 4.08475e-08 4.6086e-08
0.4704 4.17791e-08 4.75189e-08 0 0 0 0 0 0 4.17791e-08 4.75189e-08
0.470638 4.27229e-08 4.89898e-08 0 0 0 0 0 0 4.27229e-08 4.89898e-08
0.470877 4.36783e-08 5.04988e-08 0 0 0 0 0 0 4.36783e-08 5.04988e-08
0.471115 4.46446e-08 5.20464e-08 0 0 0 0 0 0 4.46446e-08 5.20464e-08
0.471354 4.56213e-08 5.36327e-08 0 0 0 0 0 0 4.56213e-08 5.36327e-08
0.471592 4.66076e-08 5.52579e-08 0 0 0 0 0 0 4.66076e-08 5.52579e-08
0.47183 4.76027e-08 5.69221e-08 0 0 0 0 0 0 4.76027e-08 5.69221e-08
0.472069 4.86057e-08 5.86254e-08 0 0 0 0 0 0 4.86057e-08 5.86254e-08
0.472307 4.96157e-08 6.03676e-08 0 0 0 0 0 0 4.96157e-08 6.03676e-08
0.472546 5.06315e-08 6.21484e-08 0 0 0 0 0 0 5.06315e-08 6.21484e-08
0.472784 5.1652e-08 6.39677e-08 0 0 0 0 0 0 5.1652e-08 6.39677e-08
0.473022 5.26761e-08 6.5825e-08 0 0 0 0 0 0 5.26761e-08 6.5825e-08
0.473261 5.37023e-08 6.77196e-08 0 0 0 0 0 0 5.37023e-08 6.77196e-08
0.473499 5.47292e-08 6.9651e-08 0 0 0 0 0 0 5.47292e-08 6.9651e-08
0.473738 5.57554e-08 7.16181e-08 0 0 0 0 0 0 5.57554e-08 7.16181e-08
0.473976 5.6779e-08 7.36199e-08 0 0 0 0 0 0 5.6779e-08 7.36199e-08
0.474215 5.77985e-08 7.56552e-08 0 0 0 0 0 0 5.77985e-08 7.56552e-08
0.474453 5.88118e-08 7.77226e-08 0 0 0 0 0 0 5.88118e-08 7.77226e-08
0.474691 5.9817e-08 7.98204e-08 0 0 0 0 0 0 5.9817e-08 7.98204e-08
0.47493 6.0812e-08 8.19467e-08 0 0 0 0 0 0 6.0812e-08 8.19467e-08
0.475168 6.17945e-08 8.40993e-08 0 0 0 0 0 0 6.17945e-08 8.40993e-08
0.475407 6.27621e-08 8.62759e-08 0 0 0 0 0 0 6.27621e-08 8.62759e-08
0.475645 6.37123e-08 8.84738e-08 0 0 0 0 0 0 6.37123e-08 8.84738e-08
0.475883 6.46423e-08 9.06899e-08 0 0 0 0 0 0 6.46423e-08 9.06899e-08
0.476122 6.55495e-08 9.2921e-08 0 0 0 0 0 0 6.55495e-08 9.2921e-08
0.47636 6.64309e-08 9.51635e-08 0 0 0 0 0 0 6.64309e-08 9.51635e-08
0.476599 6.72833e-08 9.74133e-08 0 0 0 0 0 0 6.72833e-08 9.74133e-08
0.476837 6.81035e-08 9.9666e-08 0 0 0 0 0 0 6.81035e-08 9.9666e-08
0.477076 6.88882e-08 1.01917e-07 0 0 0 0 0 0 6.88882e-08 1.01917e-07
0.477314 6.96339e-08 1.04161e-07 0 0 0 0 0 0 6.96339e-08 1.04161e-07
0.477552 7.03368e-08 1.06392e-07 0 0 0 0 0 0 7.03368e-08 1.06392e-07
0.477791 7.09932e-08 1.08604e-07 0 0 0 0 0 0 7.09932e-08 1.08604e-07
0.478029 7.15992e-08 1.1079e-07 0 0 0 0 0 0 7.15992e-08 1.1079e-07
0.478268 7.21506e-08 1.12944e-07 0 0 0 0 0 0 7.21506e-08 1.12944e-07
0.478506 7.26432e-08 1.15057e-07 0 0 0 0 0 0 7.26432e-08 1.15057e-07
0.478745 7.30728e-08 1.17122e-07 0 0 0 0 0 0 7.30728e-08 1.17122e-07
0.478983 7.34349e-08 1.19129e-07 0 0 0 0 0 0 7.34349e-08 1.19129e-07
0.479221 7.3725e-08 1.21069e-07 0 0 0 0 0 0 7.3725e-08 1.21069e-07
0.47946 7.39384e-08 1.22933e-07 0 0 0 0 0 0 7.39384e-08 1.22933e-07
0.479698 7.40705e-08 1.24708e-07 0 0 0 0 0 0 7.40705e-08 1.24708e-07
0.479937 7.41164e-08 1.26384e-07 0 0 0 0 0 0 7.41164e-08 1.26384e-07
0.480175 7.40713e-08 1.27949e-07 0 0 0 0 0 0 7.40713e-08 1.27949e-07
0.480413 7.39305e-08 1.2939e-07 0 0 0 0 0 0 7.39305e-08 1.2939e-07
0.480652 7.36889e-08 1.30693e-07 0 0 0 0 0 0 7.36889e-08 1.30693e-07
0.48089 7.33418e-08 1.31844e-07 0 0 0 0 0 0 7.33418e-08 1.31844e-07
0.481129 7.28843e-08 1.32828e-07 0 0 0 0 0 0 7.28843e-08 1.32828e-07
0.481367 7.23117e-08 1.3363e-07 0 0 0 0 0 0 7.23117e-08 1.3363e-07
0.481606 7.16192e-08 1.34233e-07 0 0 0 0 0 0 7.16192e-08 1.34233e-07
0.481844 7.08024e-08 1.34619e-07 0 0 0 0 0 0 7.08024e-08 1.34619e-07
0.482082 6.98568e-08 1.34771e-07 0 0 0 0 0 0 6.98568e-08 1.34771e-07
0.482321 6.87781e-08 1.3467e-07 0 0 0 0 0 0 6.87781e-08 1.3467e-07
0.482559 6.75624e-08 1.34297e-07 0 0 0 0 0 0 6.75624e-08 1.34297e-07
0.482798 6.6206e-08 1.33631e-07 0 0 0 0 0 0 6.6206e-08 1.33631e-07
0.483036 6.47054e-08 1.32651e-07 0 0 0 0 0 0 6.47054e-08 1.32651e-07
0.483274 6.30575e-08 1.31337e-07 0 0 0 0 0 0 6.30575e-08 1.31337e-07
0.483513 6.12596e-08 1.29665e-07 0 0 0 0 0 0 6.12596e-08 1.29665e-07
0.483751 5.93096e-08 1.27614e-07 0 0 0 0 0 0 5.93096e-08 1.27614e-07
0.48399 5.72055e-08 1.2516e-07 0 0 0 0 0 0 5.72055e-08 1.2516e-07
0.484228 5.49463e-08 1.2228e-07 0 0 0 0 0 0 5.49463e-08 1.2228e-07
0.484467 5.25313e-08 1.1895e-07 0 0 0 0 0 0 5.25313e-08 1.1895e-07
0.484705 4.99605e-08 1.15145e-07 0 0 0 0 0 0 4.99605e-08 1.15145e-07
0.484943 4.72347e-08 1.10842e-07 0 0 0 0 0 0 4.72347e-08 1.10842e-07
0.485182 4.43552e-08 1.06015e-07 0 0 0 0 0 0 4.43552e-08 1.06015e-07
0.48542 4.13245e-08 1.0064e-07 0 0 0 0 0 0 4.13245e-08 1.0064e-07
0.485659 3.81456e-08 9.46925e-08 0 0 0 0 0 0 3.81456e-08 9.46925e-08
0.485897 3.48226e-08 8.81489e-08 0 0 0 0 0 0 3.48226e-08 8.81489e-08
0.486135 3.13605e-08 8.09853e-08 0 0 0 0 0 0 3.13605e-08 8.09853e-08
0.486374 2.77652e-08 7.31783e-08 0 0 0 0 0 0 2.77652e-08 7.31783e-08
0.486612 2.40438e-08 6.47057e-08 0 0 0 0 0 0 2.40438e-08 6.47057e-08
0.486851 2.02044e-08 5.55458e-08 0 0 0 0 0 0 2.02044e-08 5.55458e-08
0.487089 1.62562e-08 4.56781e-08 0 0 0 0 0 0 1.62562e-08 4.56781e-08
0.487328 1.22096e-08 3.50835e-08 0 0 0 0 0 0 1.22096e-08 3.50835e-08
0.487566 8.0761e-09 2.3744e-08 0 0 0 0 0 0 8.0761e-09 2.3744e-08
0.487804 3.86841e-09 1.16436e-08 0 0 0 0 0 0 3.86841e-09 1.16436e-08
0.488043 -3.9959e-10 -1.23206e-09 0 0 0 0 0 0 -3.9959e-10 -1.23206e-09
0.488281 -4.71284e-09 -1.48951e-08 0 0 0 0 0 0 -4.71284e-09 -1.48951e-08
0.48852 -9.05512e-09 -2.93556e-08 0 0 0 0 0 0 -9.05512e-09 -2.93556e-08
0.488758 -1.3409e-08 -4.46207e-08 0 0 0 0 0 0 -1.3409e-08 -4.46207e-08
0.488997 -1.77561e-08 -6.06952e-08 0 0 0 0 0 0 -1.77561e-08 -6.06952e-08
0.489235 -2.20767e-08 -7.75808e-08 0 0 0 0 0 0 -2.20767e-08 -7.75808e-08
0.489473 -2.63503e-08 -9.5276e-08 0 0 0 0 0 0 -2.63503e-08 -9.5276e-08
0.489712 -3.05553e-08 -1.13776e-07 0 0 0 0 0 0 -3.05553e-08 -1.13776e-07
0.48995 -3.46694e-08 -1.33072e-07 0 0 0 0 0 0 -3.46694e-08 -1.33072e-07
0.490189 -3.86692e-08 -1.53152e-07 0 0 0 0 0 0 -3.86692e-08 -1.53152e-07
0.490427 -4.25311e-08 -1.74e-07 0 0 0 0 0 0 -4.25311e-08 -1.74e-07
0.490665 -4.62304e-08 -1.95596e-07 0 0 0 0 0 0 -4.62304e-08 -1.95596e-07
0.490904 -4.97425e-08 -2.17914e-07 0 0 0 0 0 0 -4.97425e-08 -2.17914e-07
0.491142 -5.30422e-08 -2.40926e-07 0 0 0 0 0 0 -5.30422e-08 -2.40926e-07
0.491381 -5.61042e-08 -2.64598e-07 0 0 0 0 0 0 -5.61042e-08 -2.64598e-07
0.491619 -5.89035e-08 -2.88893e-07 0 0 0 0 0 0 -5.89035e-08 -2.88893e-07
0.491858 -6.14149e-08 -3.13767e-07 0 0 0 0 0 0 -6.14149e-08 -3.13767e-07
0.492096 -6.3614e-08 -3.39173e-07 0 0 0 0 0 0 -6.3614e-08 -3.39173e-07
0.492334 -6.5477e-08 -3.6506e-07 0 0 0 0 0 0 -6.5477e-08 -3.6506e-07
0.492573 -6.69806e-08 -3.91369e-07 0 0 0 0 0 0 -6.69806e-08 -3.91369e-07
0.492811 -6.81027e-08 -4.18041e-07 0 0 0 0 0 0 -6.81027e-08 -4.18041e-07
0.49305 -6.88227e-08 -4.4501e-07 0 0 0 0 0 0 -6.88227e-08 -4.4501e-07
0.493288 -6.9121e-08 -4.72206e-07 0 0 0 0 0 0 -6.9121e-08 -4.72206e-07
0.493526 -6.898e-08 -4.99555e-07 0 0 0 0 0 0 -6.898e-08 -4.99555e-07
0.493765 -6.83838e-08 -5.2698e-07 0 0 0 0 0 0 -6.83838e-08 -5.2698e-07
0.494003 -6.73187e-08 -5.54399e-07 0 0 0 0 0 0 -6.73187e-08 -5.54399e-07
0.494242 -6.57731e-08 -5.8173e-07 0 0 0 0 0 0 -6.57731e-08 -5.8173e-07
0.49448 -6.3738e-08 -6.08884e-07 0 0 0 0 0 0 -6.3738e-08 -6.08884e-07
0.494719 -6.1207e-08 -6.35773e-07 0 0 0 0 0 0 -6.1207e-08 -6.35773e-07
0.494957 -5.81765e-08 -6.62305e-07 0 0 0 0 0 0 -5.81765e-08 -6.62305e-07
0.495195 -5.46458e-08 -6.88388e-07 0 0 0 0 0 0 -5.46458e-08 -6.88388e-07
0.495434 -5.06172e-08 -7.13928e-07 0 0 0 0 0 0 -5.06172e-08 -7.13928e-07
0.495672 -4.60962e-08 -7.38831e-07 0 0 0 0 0 0 -4.60962e-08 -7.38831e-07
0.495911 -4.10916e-08 -7.63003e-07 0 0 0 0 0 0 -4.10916e-08 -7.63003e-07
0.496149 -3.56153e-08 -7.86351e-07 0 0 0 0 0 0 -3.56153e-08 -7.86351e-07
0.496387 -2.96825e-08 -8.08782e-07 0 0 0 0 0 0 -2.96825e-08 -8.08782e-07
0.496626 -2.33119e-08 -8.30207e-07 0 0 0 0 0 0 -2.33119e-08 -8.30207e-07
0.496864 -1.6525e-08 -8.50538e-07 0 0 0 0 0 0 -1.6525e-08 -8.50538e-07
0.497103 -9.34699e-09 -8.69691e-07 0 0 0 0 0 0 -9.34699e-09 -8.69691e-07
0.497341 -1.80568e-09 -8.87585e-07 0 0 0 0 0 0 -1.80568e-09 -8.87585e-07
0.49758 6.06799e-09 -9.04143e-07 0 0 0 0 0 0 6.06799e-09 -9.04143e-07
0.497818 1.42403e-08 -9.19293e-07 0 0 0 0 0 0 1.42403e-08 -9.19293e-07
0.498056 2.26751e-08 -9.3297e-07 0 0 0 0 0 0 2.26751e-08 -9.3297e-07
0.498295 3.13337e-08 -9.45111e-07 0 0 0 0 0 0 3.13337e-08 -9.45111e-07
0.498533 4.01754e-08 -9.55664e-07 0 0 0 0 0 0 4.01754e-08 -9.55664e-07
0.498772 4.91576e-08 -9.6458e-07 0 0 0 0 0 0 4.91576e-08 -9.6458e-07
0.49901 5.82362e-08 -9.71819e-07 0 0 0 0 0 0 5.82362e-08 -9.71819e-07
0.499249 6.73657e-08 -9.77348e-07 0 0 0 0 0 0 6.73657e-08 -9.77348e-07
0.499487 7.64999e-08 -9.8114e-07 0 0 0 0 0 0 7.64999e-08 -9.8114e-07
0.499725 8.55917e-08 -9.8318e-07 0 0 0 0 0 0 8.55917e-08 -9.8318e-07
0.499964 9.45941e-08 -9.83456e-07 0 0 0 0 0 0 9.45941e-08 -9.83456e-07
0.500202 1.0346e-07 -9.81967e-07 0 0 0 0 0 0 1.0346e-07 -9.81967e-07
0.500441 1.12142e-07 -9.78721e-07 0 0 0 0 0 0 1.12142e-07 -9.78721e-07
0.500679 1.20596e-07 -9.7373e-07 0 0 0 0 0 0 1.20596e-07 -9.7373e-07
0.500917 1.28775e-07 -9.67019e-07 0 0 0 0 0 0 1.28775e-07 -9.67019e-07
0.501156 1.36637e-07 -9.58618e-07 0 0 0 0 0 0 1.36637e-07 -9.58618e-07
0.501394 1.44141e-07 -9.48564e-07 0 0 0 0 0 0 1.44141e-07 -9.48564e-07
0.501633 1.51247e-07 -9.36903e-07 0 0 0 0 0 0 1.51247e-07 -9.36903e-07
0.501871 1.57917e-07 -9.23687e-07 0 0 0 0 0 0 1.57917e-07 -9.23687e-07
0.50211 1.64117e-07 -9.08975e-07 0 0 0 0 0 0 1.64117e-07 -9.08975e-07
0.502348 1.69817e-07 -8.92831e-07 0 0 0 0 0 0 1.69817e-07 -8.92831e-07
0.502586 1.74986e-07 -8.75327e-07 0 0 0 0 0 0 1.74986e-07 -8.75327e-07
0.502825 1.796e-07 -8.56537e-07 0 0 0 0 0 0 1.796e-07 -8.56537e-07
0.503063 1.83637e-07 -8.36542e-07 0 0 0 0 0 0 1.83637e-07 -8.36542e-07
0.503302 1.87079e-07 -8.15426e-07 0 0 0 0 0 0 1.87079e-07 -8.15426e-07
0.50354 1.8991e-07 -7.93277e-07 0 0 0 0 0 0 1.8991e-07 -7.93277e-07
0.503778 1.9212e-07 -7.70185e-07 0 0 0 0 0 0 1.9212e-07 -7.70185e-07
0.504017 1.937e-07 -7.46243e-07 0 0 0 0 0 0 1.937e-07 -7.46243e-07
0.504255 1.94647e-07 -7.21544e-07 0 0 0 0 0 0 1.94647e-07 -7.21544e-07
0.504494 1.9496e-07 -6.96185e-07 0 0 0 0 0 0 1.9496e-07 -6.96185e-07
0.504732 1.94643e-07 -6.70261e-07 0 0 0 0 0 0 1.94643e-07 -6.70261e-07
0.504971 1.93701e-07 -6.43867e-07 0 0 0 0 0 0 1.93701e-07 -6.43867e-07
0.505209 1.92146e-07 -6.17098e-07 0 0 0 0 0 0 1.92146e-07 -6.17098e-07
0.505447 1.89989e-07 -5.90048e-07 0 0 0 0 0 0 1.89989e-07 -5.90048e-07
0.505686 1.87247e-07 -5.62807e-07 0 0 0 0 0 0 1.87247e-07 -5.62807e-07
0.505924 1.83939e-07 -5.35467e-07 0 0 0 0 0 0 1.83939e-07 -5.35467e-07
0.506163 1.80085e-07 -5.08112e-07 0 0 0 0 0 0 1.80085e-07 -5.08112e-07
0.506401 1.7571e-07 -4.80828e-07 0 0 0 0 0 0 1.7571e-07 -4.80828e-07
0.506639 1.70838e-07 -4.53694e-07 0 0 0 0 0 0 1.70838e-07 -4.53694e-07
0.506878 1.65498e-07 -4.26787e-07 0 0 0 0 0 0 1.65498e-07 -4.26787e-07
0.507116 1.59719e-07 -4.00179e-07 0 0 0 0 0 0 1.59719e-07 -4.00179e-07
0.507355 1.53531e-07 -3.73939e-07 0 0 0 0 0 0 1.53531e-07 -3.73939e-07
0.507593 1.46967e-07 -3.4813e-07 0 0 0 0 0 0 1.46967e-07 -3.4813e-07
0.507832 1.40057e-07 -3.22811e-07 0 0 0 0 0 0 1.40057e-07 -3.22811e-07
0.50807 1.32837e-07 -2.98037e-07 0 0 0 0 0 0 1.32837e-07 -2.98037e-07
0.508308 1.25339e-07 -2.73858e-07 0 0 0 0 0 0 1.25339e-07 -2.73858e-07
0.508547 1.17598e-07 -2.50318e-07 0 0 0 0 0 0 1.17598e-07 -2.50318e-07
0.508785 1.09647e-07 -2.27458e-07 0 0 0 0 0 0 1.09647e-07 -2.27458e-07
0.509024 1.01519e-07 -2.05312e-07 0 0 0 0 0 0 1.01519e-07 -2.05312e-07
0.509262 9.3248e-08 -1.83911e-07 0 0 0 0 0 0 9.3248e-08 -1.83911e-07
0.509501 8.48662e-08 -1.63282e-07 0 0 0 0 0 0 8.48662e-08 -1.63282e-07
0.509739 7.64053e-08 -1.43445e-07 0 0 0 0 0 0 7.64053e-08 -1.43445e-07
0.509977 6.78961e-08 -1.24417e-07 0 0 0 0 0 0 6.78961e-08 -1.24417e-07
0.510216 5.93683e-08 -1.06212e-07 0 0 0 0 0 0 5.93683e-08 -1.06212e-07
0.510454 5.08504e-08 -8.88377e-08 0 0 0 0 0 0 5.08504e-08 -8.88377e-08
0.510693 4.23696e-08 -7.23001e-08 0 0 0 0 0 0 4.23696e-08 -7.23001e-08
0.510931 3.39518e-08 -5.66001e-08 0 0 0 0 0 0 3.39518e-08 -5.66001e-08
0.511169 2.56214e-08 -4.17359e-08 0 0 0 0 0 0 2.56214e-08 -4.17359e-08
0.511408 1.74012e-08 -2.77025e-08 0 0 0 0 0 0 1.74012e-08 -2.77025e-08
0.511646 9.31277e-09 -1.44917e-08 0 0 0 0 0 0 9.31277e-09 -1.44917e-08
0.511885 1.37574e-09 -2.09287e-09 0 0 0 0 0 0 1.37574e-09 -2.09287e-09
0.512123 -6.39167e-09 9.50715e-09 0 0 0 0 0 0 -6.39167e-09 9.50715e-09
0.512362 -1.39729e-08 2.03238e-08 0 0 0 0 0 0 -1.39729e-08 2.03238e-08
0.5126 -2.13529e-08 3.03744e-08 0 0 0 0 0 0 -2.13529e-08 3.03744e-08
0.512838 -2.85183e-08 3.96783e-08 0 0 0 0 0 0 -2.85183e-08 3.96783e-08
0.513077 -3.54572e-08 4.8256e-08 0 0 0 0 0 0 -3.54572e-08 4.8256e-08
0.513315 -4.21594e-08 5.61297e-08 0 0 0 0 0 0 -4.21594e-08 5.61297e-08
0.513554 -4.86158e-08 6.33226e-08 0 0 0 0 0 0 -4.86158e-08 6.33226e-08
0.513792 -5.48191e-08 6.98588e-08 0 0 0 0 0 0 -5.48191e-08 6.98588e-08
0.51403 -6.07633e-08 7.57633e-08 0 0 0 0 0 0 -6.07633e-08 7.57633e-08
0.514269 -6.64435e-08 8.10616e-08 0 0 0 0 0 0 -6.64435e-08 8.10616e-08
0.514507 -7.18563e-08 8.57795e-08 0 0 0 0 0 0 -7.18563e-08 8.57795e-08
0.514746 -7.69994e-08 8.99434e-08 0 0 0 0 0 0 -7.69994e-08 8.99434e-08
0.514984 -8.18715e-08 9.35795e-08 0 0 0 0 0 0 -8.18715e-08 9.35795e-08
0.515223 -8.64726e-08 9.67141e-08 0 0 0 0 0 0 -8.64726e-08 9.67141e-08
0.515461 -9.08034e-08 9.93735e-08 0 0 0 0 0 0 -9.08034e-08 9.93735e-08
0.515699 -9.48658e-08 1.01584e-07 0 0 0 0 0 0 -9.48658e-08 1.01584e-07
0.515938 -9.86623e-08 1.0337e-07 0 0 0 0 0 0 -9.86623e-08 1.0337e-07
0.516176 -1.02196e-07 1.04758e-07 0 0 0 0 0 0 -1.02196e-07 1.04758e-07
0.516415 -1.05472e-07 1.05772e-07 0 0 0 0 0 0 -1.05472e-07 1.05772e-07
0.516653 -1.08494e-07 1.06437e-07 0 0 0 0 0 0 -1.08494e-07 1.06437e-07
0.516891 -1.11267e-07 1.06776e-07 0 0 0 0 0 0 -1.11267e-07 1.06776e-07
0.51713 -1.13797e-07 1.06812e-07 0 0 0 0 0 0 -1.13797e-07 1.06812e-07
0.517368 -1.16091e-07 1.06566e-07 0 0 0 0 0 0 -1.16091e-07 1.06566e-07
0.517607 -1.18155e-07 1.06061e-07 0 0 0 0 0 0 -1.18155e-07 1.06061e-07
0.517845 -1.19995e-07 1.05317e-07 0 0 0 0 0 0 -1.19995e-07 1.05317e-07
0.518084 -1.2162e-07 1.04353e-07 0 0 0 0 0 0 -1.2162e-07 1.04353e-07
0.518322 -1.23036e-07 1.0319e-07 0 0 0 0 0 0 -1.23036e-07 1.0319e-07
0.51856 -1.24251e-07 1.01844e-07 0 0 0 0 0 0 -1.24251e-07 1.01844e-07
0.518799 -1.25273e-07 1.00333e-07 0 0 0 0 0 0 -1.25273e-07 1.00333e-07
0.519037 -1.26109e-07 9.86742e-08 0 0 0 0 0 0 -1.26109e-07 9.86742e-08
0.519276 -1.26768e-07 9.68824e-08 0 0 0 0 0 0 -1.26768e-07 9.68824e-08
0.519514 -1.27257e-07 9.49728e-08 0 0 0 0 0 0 -1.27257e-07 9.49728e-08
0.519753 -1.27584e-07 9.29592e-08 0 0 0 0 0 0 -1.27584e-07 9.29592e-08
0.519991 -1.27757e-07 9.0855e-08 0 0 0 0 0 0 -1.27757e-07 9.0855e-08
0.520229 -1.27784e-07 8.86727e-08 0 0 0 0 0 0 -1.27784e-07 8.86727e-08
0.520468 -1.27672e-07 8.64237e-08 0 0 0 0 0 0 -1.27672e-07 8.64237e-08
0.520706 -1.27428e-07 8.41192e-08 0 0 0 0 0 0 -1.27428e-07 8.41192e-08
0.520945 -1.27061e-07 8.17694e-08 0 0 0 0 0 0 -1.27061e-07 8.17694e-08
0.521183 -1.26578e-07 7.93837e-08 0 0 0 0 0 0 -1.26578e-07 7.93837e-08
0.521421 -1.25985e-07 7.6971e-08 0 0 0 0 0 0 -1.25985e-07 7.6971e-08
0.52166 -1.25289e-07 7.45397e-08 0 0 0 0 0 0 -1.25289e-07 7.45397e-08
0.521898 -1.24497e-07 7.20972e-08 0 0 0 0 0 0 -1.24497e-07 7.20972e-08
0.522137 -1.23617e-07 6.96506e-08 0 0 0 0 0 0 -1.23617e-07 6.96506e-08
0.522375 -1.22653e-07 6.72064e-08 0 0 0 0 0 0 -1.22653e-07 6.72064e-08
0.522614 -1.21612e-07 6.47705e-08 0 0 0 0 0 0 -1.21612e-07 6.47705e-08
0.522852 -1.205e-07 6.23483e-08 0 0 0 0 0 0 -1.205e-07 6.23483e-08
0.52309 -1.19323e-07 5.99447e-08 0 0 0 0 0 0 -1.19323e-07 5.99447e-08
0.523329 -1.18086e-07 5.75641e-08 0 0 0 0 0 0 -1.18086e-07 5.75641e-08
0.523567 -1.16794e-07 5.52107e-08 0 0 0 0 0 0 -1.16794e-07 5.52107e-08
0.523806 -1.15453e-07 5.2888e-08 0 0 0 0 0 0 -1.15453e-07 5.2888e-08
0.524044 -1.14066e-07 5.05992e-08 0 0 0 0 0 0 -1.14066e-07 5.05992e-08
0.524282 -1.12639e-07 4.83473e-08 0 0 0 0 0 0 -1.12639e-07 4.83473e-08
0.524521 -1.11177e-07 4.61348e-08 0 0 0 0 0 0 -1.11177e-07 4.61348e-08
0.524759 -1.09682e-07 4.39639e-08 0 0 0 0 0 0 -1.09682e-07 4.39639e-08
0.524998 -1.0816e-07 4.18365e-08 0 0 0 0 0 0 -1.0816e-07 4.18365e-08
0.525236 -1.06613e-07 3.97542e-08 0 0 0 0 0 0 -1.06613e-07 3.97542e-08
0.525475 -1.05046e-07 3.77185e-08 0 0 0 0 0 0 -1.05046e-07 3.77185e-08
0.525713 -1.03462e-07 3.57305e-08 0 0 0 0 0 0 -1.03462e-07 3.57305e-08
0.525951 -1.01864e-07 3.37911e-08 0 0 0 0 0 0 -1.01864e-07 3.37911e-08
0.52619 -1.00254e-07 3.1901e-08 0 0 0 0 0 0 -1.00254e-07 3.1901e-08
0.526428 -9.86363e-08 3.00608e-08 0 0 0 0 0 0 -9.86363e-08 3.00608e-08
0.526667 -9.70128e-08 2.82708e-08 0 0 0 0 0 0 -9.70128e-08 2.82708e-08
0.526905 -9.53862e-08 2.65312e-08 0 0 0 0 0 0 -9.53862e-08 2.65312e-08
0.527143 -9.37586e-08 2.48422e-08 0 0 0 0 0 0 -9.37586e-08 2.48422e-08
0.527382 -9.21324e-08 2.32035e-08 0 0 0 0 0 0 -9.21324e-08 2.32035e-08
0.52762 -9.05094e-08 2.1615e-08 0 0 0 0 0 0 -9.05094e-08 2.1615e-08
0.527859 -8.88915e-08 2.00764e-08 0 0 0 0 0 0 -8.88915e-08 2.00764e-08
0.528097 -8.72806e-08 1.85872e-08 0 0 0 0 0 0 -8.72806e-08 1.85872e-08
0.528336 -8.56782e-08 1.71471e-08 0 0 0 0 0 0 -8.56782e-08 1.71471e-08
0.528574 -8.40857e-08 1.57553e-08 0 0 0 0 0 0 -8.40857e-08 1.57553e-08
0.528812 -8.25046e-08 1.44113e-08 0 0 0 0 0 0 -8.25046e-08 1.44113e-08
0.529051 -8.09361e-08 1.31144e-08 0 0 0 0 0 0 -8.09361e-08 1.31144e-08
0.529289 -7.93814e-08 1.18638e-08 0 0 0 0 0 0 -7.93814e-08 1.18638e-08
0.529528 -7.78415e-08 1.06586e-08 0 0 0 0 0 0 -7.78415e-08 1.06586e-08
0.529766 -7.63174e-08 9.49803e-09 0 0 0 0 0 0 -7.63174e-08 9.49803e-09
0.530005 -7.48099e-08 8.3812e-09 0 0 0 0 0 0 -7.48099e-08 8.3812e-09
0.530243 -7.33199e-08 7.30718e-09 0 0 0 0 0 0 -7.33199e-08 7.30718e-09
0.530481 -7.1848e-08 6.27503e-09 0 0 0 0 0 0 -7.1848e-08 6.27503e-09
0.53072 -7.03948e-08 5.28378e-09 0 0 0 0 0 0 -7.03948e-08 5.28378e-09
0.530958 -6.8961e-08 4.33245e-09 0 0 0 0 0 0 -6.8961e-08 4.33245e-09
0.531197 -6.75469e-08 3.42006e-09 0 0 0 0 0 0 -6.75469e-08 3.42006e-09
0.531435 -6.61531e-08 2.5456e-09 0 0 0 0 0 0 -6.61531e-08 2.5456e-09
0.531673 -6.47798e-08 1.70807e-09 0 0 0 0 0 0 -6.47798e-08 1.70807e-09
0.531912 -6.34274e-08 9.06461e-10 0 0 0 0 0 0 -6.34274e-08 9.06461e-10
0.53215 -6.20961e-08 1.39779e-10 0 0 0 0 0 0 -6.20961e-08 1.39779e-10
0.532389 -6.07862e-08 -5.92981e-10 0 0 0 0 0 0 -6.07862e-08 -5.92981e-10
0.532627 -5.94978e-08 -1.29281e-09 0 0 0 0 0 0 -5.94978e-08 -1.29281e-09
0.532866 -5.8231e-08 -1.9607e-09 0 0 0 0 0 0 -5.8231e-08 -1.9607e-09
0.533104 -5.69858e-08 -2.59762e-09 0 0 0 0 0 0 -5.69858e-08 -2.59762e-09
0.533342 -5.57625e-08 -3.20454e-09 0 0 0 0 0 0 -5.57625e-08 -3.20454e-09
0.533581 -5.45608e-08 -3.78241e-09 0 0 0 0 0 0 -5.45608e-08 -3.78241e-09
0.533819 -5.33809e-08 -4.33217e-09 0 0 0 0 0 0 -5.33809e-08 -4.33217e-09
0.534058 -5.22227e-08 -4.85473e-09 0 0 0 0 0 0 -5.22227e-08 -4.85473e-09
0.534296 -5.1086e-08 -5.35101e-09 0 0 0 0 0 0 -5.1086e-08 -5.35101e-09
0.534534 -4.99708e-08 -5.8219e-09 0 0 0 0 0 0 -4.99708e-08 -5.8219e-09
0.534773 -4.88769e-08 -6.26827e-09 0 0 0 0 0 0 -4.88769e-08 -6.26827e-09
0.535011 -4.78043e-08 -6.69097e-09 0 0 0 0 0 0 -4.78043e-08 -6.69097e-09
0.53525 -4.67527e-08 -7.09084e-09 0 0 0 0 0 0 -4.67527e-08 -7.09084e-09
0.535488 -4.57219e-08 -7.46869e-09 0 0 0 0 0 0 -4.57219e-08 -7.46869e-09
0.535727 -4.47117e-08 -7.82532e-09 0 0 0 0 0 0 -4.47117e-08 -7.82532e-09
0.535965 -4.3722e-08 -8.16151e-09 0 0 0 0 0 0 -4.3722e-08 -8.16151e-09
0.536203 -4.27525e-08 -8.47801e-09 0 0 0 0 0 0 -4.27525e-08 -8.47801e-09
0.536442 -4.18029e-08 -8.77557e-09 0 0 0 0 0 0 -4.18029e-08 -8.77557e-09
0.53668 -4.0873e-08 -9.0549e-09 0 0 0 0 0 0 -4.0873e-08 -9.0549e-09
0.536919 -3.99626e-08 -9.31669e-09 0 0 0 0 0 0 -3.99626e-08 -9.31669e-09
0.537157 -3.90713e-08 -9.56164e-09 0 0 0 0 0 0 -3.90713e-08 -9.56164e-09
0.537395 -3.8199e-08 -9.7904e-09 0 0 0 0 0 0 -3.8199e-08 -9.7904e-09
0.537634 -3.73453e-08 -1.00036e-08 0 0 0 0 0 0 -3.73453e-08 -1.00036e-08
0.537872 -3.65099e-08 -1.02019e-08 0 0 0 0 0 0 -3.65099e-08 -1.02019e-08
0.538111 -3.56925e-08 -1.03858e-08 0 0 0 0 0 0 -3.56925e-08 -1.03858e-08
0.538349 -3.4893e-08 -1.0556e-08 0 0 0 0 0 0 -3.4893e-08 -1.0556e-08
0.538588 -3.41108e-08 -1.0713e-08 0 0 0 0 0 0 -3.41108e-08 -1.0713e-08
0.538826 -3.33459e-08 -1.08574e-08 0 0 0 0 0 0 -3.33459e-08 -1.08574e-08
0.539064 -3.25978e-08 -1.09897e-08 0 0 0 0 0 0 -3.25978e-08 -1.09897e-08
0.539303 -3.18662e-08 -1.11104e-08 0 0 0 0 0 0 -3.18662e-08 -1.11104e-08
0.539541 -3.1151e-08 -1.122e-08 0 0 0 0 0 0 -3.1151e-08 -1.122e-08
0.53978 -3.04516e-08 -1.1319e-08 0 0 0 0 0 0 -3.04516e-08 -1.1319e-08
0.540018 -2.9768e-08 -1.14078e-08 0 0 0 0 0 0 -2.9768e-08 -1.14078e-08
0.540257 -2.90997e-08 -1.14869e-08 0 0 0 0 0 0 -2.90997e-08 -1.14869e-08
0.540495 -2.84465e-08 -1.15568e-08 0 0 0 0 0 0 -2.84465e-08 -1.15568e-08
0.540733 -2.7808e-08 -1.16177e-08 0 0 0 0 0 0 -2.7808e-08 -1.16177e-08
0.540972 -2.7184e-08 -1.16703e-08 0 0 0 0 0 0 -2.7184e-08 -1.16703e-08
0.54121 -2.65743e-08 -1.17147e-08 0 0 0 0 0 0 -2.65743e-08 -1.17147e-08
0.541449 -2.59784e-08 -1.17515e-08 0 0 0 0 0 0 -2.59784e-08 -1.17515e-08
0.541687 -2.53961e-08 -1.17809e-08 0 0 0 0 0 0 -2.53961e-08 -1.17809e-08
0.541925 -2.48271e-08 -1.18033e-08 0 0 0 0 0 0 -2.48271e-08 -1.18033e-08
0.542164 -2.42712e-08 -1.1819e-08 0 0 0 0 0 0 -2.42712e-08 -1.1819e-08
0.542402 -2.37281e-08 -1.18284e-08 0 0 0 0 0 0 -2.37281e-08 -1.18284e-08
0.542641 -2.31975e-08 -1.18318e-08 0 0 0 0 0 0 -2.31975e-08 -1.18318e-08
0.542879 -2.26791e-08 -1.18295e-08 0 0 0 0 0 0 -2.26791e-08 -1.18295e-08
0.543118 -2.21727e-08 -1.18217e-08 0 0 0 0 0 0 -2.21727e-08 -1.18217e-08
0.543356 -2.16779e-08 -1.18087e-08 0 0 0 0 0 0 -2.16779e-08 -1.18087e-08
0.543594 -2.11947e-08 -1.17908e-08 0 0 0 0 0 0 -2.11947e-08 -1.17908e-08
0.543833 -2.07226e-08 -1.17682e-08 0 0 0 0 0 0 -2.07226e-08 -1.17682e-08
0.544071 -2.02615e-08 -1.17413e-08 0 0 0 0 0 0 -2.02615e-08 -1.17413e-08
0.54431 -1.9811e-08 -1.17101e-08 0 0 0 0 0 0 -1.9811e-08 -1.17101e-08
0.544548 -1.93711e-08 -1.1675e-08 0 0 0 0 0 0 -1.93711e-08 -1.1675e-08
0.544786 -1.89413e-08 -1.16362e-08 0 0 0 0 0 0 -1.89413e-08 -1.16362e-08
0.545025 -1.85216e-08 -1.15939e-08 0 0 0 0 0 0 -1.85216e-08 -1.15939e-08
0.545263 -1.81116e-08 -1.15482e-08 0 0 0 0 0 0 -1.81116e-08 -1.15482e-08
0.545502 -1.77112e-08 -1.14993e-08 0 0 0 0 0 0 -1.77112e-08 -1.14993e-08
0.54574 -1.73201e-08 -1.14475e-08 0 0 0 0 0 0 -1.73201e-08 -1.14475e-08
0.545979 -1.69381e-08 -1.1393e-08 0 0 0 0 0 0 -1.69381e-08 -1.1393e-08
0.546217 -1.65649e-08 -1.13358e-08 0 0 0 0 0 0 -1.65649e-08 -1.13358e-08
0.546455 -1.62005e-08 -1.12761e-08 0 0 0 0 0 0 -1.62005e-08 -1.12761e-08
0.546694 -1.58446e-08 -1.12142e-08 0 0 0 0 0 0 -1.58446e-08 -1.12142e-08
0.546932 -1.54969e-08 -1.11501e-08 0 0 0 0 0 0 -1.54969e-08 -1.11501e-08
0.547171 -1.51574e-08 -1.1084e-08 0 0 0 0 0 0 -1.51574e-08 -1.1084e-08
0.547409 -1.48257e-08 -1.1016e-08 0 0 0 0 0 0 -1.48257e-08 -1.1016e-08
0.547647 -1.45018e-08 -1.09463e-08 0 0 0 0 0 0 -1.45018e-08 -1.09463e-08
0.547886 -1.41854e-08 -1.0875e-08 0 0 0 0 0 0 -1.41854e-08 -1.0875e-08
0.548124 -1.38764e-08 -1.08021e-08 0 0 0 0 0 0 -1.38764e-08 -1.08021e-08
0.548363 -1.35745e-08 -1.07279e-08 0 0 0 0 0 0 -1.35745e-08 -1.07279e-08
0.548601 -1.32796e-08 -1.06524e-08 0 0 0 0 0 0 -1.32796e-08 -1.06524e-08
0.54884 -1.29916e-08 -1.05757e-08 0 0 0 0 0 0 -1.29916e-08 -1.05757e-08
0.549078 -1.27103e-08 -1.04979e-08 0 0 0 0 0 0 -1.27103e-08 -1.04979e-08
0.549316 -1.24355e-08 -1.04191e-08 0 0 0 0 0 0 -1.24355e-08 -1.04191e-08
0.549555 -1.21671e-08 -1.03395e-08 0 0 0 0 0 0 -1.21671e-08 -1.03395e-08
0.549793 -1.19049e-08 -1.0259e-08 0 0 0 0 0 0 -1.19049e-08 -1.0259e-08
0.550032 -1.16487e-08 -1.01778e-08 0 0 0 0 0 0 -1.16487e-08 -1.01778e-08
0.55027 -1.13985e-08 -1.0096e-08 0 0 0 0 0 0 -1.13985e-08 -1.0096e-08
0.550508 -1.1154e-08 -1.00136e-08 0 0 0 0 0 0 -1.1154e-08 -1.00136e-08
0.550747 -1.09152e-08 -9.93065e-09 0 0 0 0 0 0 -1.09152e-08 -9.93065e-09
0.550985 -1.06819e-08 -9.84729e-09 0 0 0 0 0 0 -1.06819e-08 -9.84729e-09
0.551224 -1.0454e-08 -9.76357e-09 0 0 0 0 0 0 -1.0454e-08 -9.76357e-09
0.551462 -1.02313e-08 -9.67953e-09 0 0 0 0 0 0 -1.02313e-08 -9.67953e-09
0.551701 -1.00137e-08 -9.59524e-09 0 0 0 0 0 0 -1.00137e-08 -9.59524e-09
0.551939 -9.80111e-09 -9.51076e-09 0 0 0 0 0 0 -9.80111e-09 -9.51076e-09
0.552177 -9.5934e-09 -9.42613e-09 0 0 0 0 0 0 -9.5934e-09 -9.42613e-09
0.552416 -9.39044e-09 -9.34141e-09 0 0 0 0 0 0 -9.39044e-09 -9.34141e-09
0.552654 -9.19212e-09 -9.25664e-09 0 0 0 0 0 0 -9.19212e-09 -9.25664e-09
0.552893 -8.99833e-09 -9.17187e-09 0 0 0 0 0 0 -8.99833e-09 -9.17187e-09
0.553131 -8.80896e-09 -9.08714e-09 0 0 0 0 0 0 -8.80896e-09 -9.08714e-09
0.55337 -8.6239e-09 -9.00249e-09 0 0 0 0 0 0 -8.6239e-09 -9.00249e-09
0.553608 -8.44306e-09 -8.91797e-09 0 0 0 0 0 0 -8.44306e-09 -8.91797e-09
0.553846 -8.26632e-09 -8.8336e-09 0 0 0 0 0 0 -8.26632e-09 -8.8336e-09
0.554085 -8.09359e-09 -8.74942e-09 0 0 0 0 0 0 -8.09359e-09 -8.74942e-09
0.554323 -7.92477e-09 -8.66547e-09 0 0 0 0 0 0 -7.92477e-09 -8.66547e-09
0.554562 -7.75977e-09 -8.58177e-09 0 0 0 0 0 0 -7.75977e-09 -8.58177e-09
0.5548 -7.5985e-09 -8.49835e-09 0 0 0 0 0 0 -7.5985e-09 -8.49835e-09
0.555038 -7.44087e-09 -8.41524e-09 0 0 0 0 0 0 -7.44087e-09 -8.41524e-09
0.555277 -7.28679e-09 -8.33247e-09 0 0 0 0 0 0 -7.28679e-09 -8.33247e-09
0.555515 -7.13617e-09 -8.25006e-09 0 0 0 0 0 0 -7.13617e-09 -8.25006e-09
0.555754 -6.98893e-09 -8.16804e-09 0 0 0 0 0 0 -6.98893e-09 -8.16804e-09
0.555992 -6.845e-09 -8.08641e-09 0 0 0 0 0 0 -6.845e-09 -8.08641e-09
0.556231 -6.70428e-09 -8.00522e-09 0 0 0 0 0 0 -6.70428e-09 -8.00522e-09
0.556469 -6.56671e-09 -7.92446e-09 0 0 0 0 0 0 -6.56671e-09 -7.92446e-09
0.556707 -6.43221e-09 -7.84417e-09 0 0 0 0 0 0 -6.43221e-09 -7.84417e-09
0.556946 -6.30071e-09 -7.76436e-09 0 0 0 0 0 0 -6.30071e-09 -7.76436e-09
0.557184 -6.17213e-09 -7.68503e-09 0 0 0 0 0 0 -6.17213e-09 -7.68503e-09
0.557423 -6.0464e-09 -7.60622e-09 0 0 0 0 0 0 -6.0464e-09 -7.60622e-09
0.557661 -5.92346e-09 -7.52792e-09 0 0 0 0 0 0 -5.92346e-09 -7.52792e-09
0.557899 -5.80324e-09 -7.45016e-09 0 0 0 0 0 0 -5.80324e-09 -7.45016e-09
0.558138 -5.68568e-09 -7.37294e-09 0 0 0 0 0 0 -5.68568e-09 -7.37294e-09
0.558376 -5.57071e-09 -7.29628e-09 0 0 0 0 0 0 -5.57071e-09 -7.29628e-09
0.558615 -5.45827e-09 -7.22018e-09 0 0 0 0 0 0 -5.45827e-09 -7.22018e-09
0.558853 -5.3483e-09 -7.14465e-09 0 0 0 0 0 0 -5.3483e-09 -7.14465e-09
0.559092 -5.24074e-09 -7.0697e-09 0 0 0 0 0 0 -5.24074e-09 -7.0697e-09
0.55933 -5.13554e-09 -6.99534e-09 0 0 0 0 0 0 -5.13554e-09 -6.99534e-09
0.559568 -5.03264e-09 -6.92158e-09 0 0 0 0 0 0 -5.03264e-09 -6.92158e-09
0.559807 -4.93199e-09 -6.84842e-09 0 0 0 0 0 0 -4.93199e-09 -6.84842e-09
0.560045 -4.83352e-09 -6.77586e-09 0 0 0 0 0 0 -4.83352e-09 -6.77586e-09
0.560284 -4.7372e-09 -6.70392e-09 0 0 0 0 0 0 -4.7372e-09 -6.70392e-09
0.560522 -4.64297e-09 -6.63259e-09 0 0 0 0 0 0 -4.64297e-09 -6.63259e-09
0.56076 -4.55078e-09 -6.56187e-09 0 0 0 0 0 0 -4.55078e-09 -6.56187e-09
0.560999 -4.46058e-09 -6.49179e-09 0 0 0 0 0 0 -4.46058e-09 -6.49179e-09
0.561237 -4.37234e-09 -6.42232e-09 0 0 0 0 0 0 -4.37234e-09 -6.42232e-09
0.561476 -4.28599e-09 -6.35348e-09 0 0 0 0 0 0 -4.28599e-09 -6.35348e-09
0.561714 -4.2015e-09 -6.28527e-09 0 0 0 0 0 0 -4.2015e-09 -6.28527e-09
0.561953 -4.11882e-09 -6.2177e-09 0 0 0 0 0 0 -4.11882e-09 -6.2177e-09
0.562191 -4.03792e-09 -6.15075e-09 0 0 0 0 0 0 -4.03792e-09 -6.15075e-09
0.562429 -3.95874e-09 -6.08443e-09 0 0 0 0 0 0 -3.95874e-09 -6.08443e-09
0.562668 -3.88126e-09 -6.01874e-09 0 0 0 0 0 0 -3.88126e-09 -6.01874e-09
0.562906 -3.80542e-09 -5.95369e-09 0 0 0 0 0 0 -3.80542e-09 -5.95369e-09
0.563145 -3.7312e-09 -5.88927e-09 0 0 0 0 0 0 -3.7312e-09 -5.88927e-09
0.563383 -3.65856e-09 -5.82547e-09 0 0 0 0 0 0 -3.65856e-09 -5.82547e-09
0.563622 -3.58745e-09 -5.76231e-09 0 0 0 0 0 0 -3.58745e-09 -5.76231e-09
0.56386 -3.51785e-09 -5.69977e-09 0 0 0 0 0 0 -3.51785e-09 -5.69977e-09
0.564098 -3.44972e-09 -5.63786e-09 0 0 0 0 0 0 -3.44972e-09 -5.63786e-09
0.564337 -3.38302e-09 -5.57657e-09 0 0 0 0 0 0 -3.38302e-09 -5.57657e-09
0.564575 -3.31773e-09 -5.5159e-09 0 0 0 0 0 0 -3.31773e-09 -5.5159e-09
0.564814 -3.2538e-09 -5.45586e-09 0 0 0 0 0 0 -3.2538e-09 -5.45586e-09
0.565052 -3.19122e-09 -5.39643e-09 0 0 0 0 0 0 -3.19122e-09 -5.39643e-09
0.56529 -3.12994e-09 -5.33761e-09 0 0 0 0 0 0 -3.12994e-09 -5.33761e-09
0.565529 -3.06995e-09 -5.27941e-09 0 0 0 0 0 0 -3.06995e-09 -5.27941e-09
0.565767 -3.0112e-09 -5.22182e-09 0 0 0 0 0 0 -3.0112e-09 -5.22182e-09
0.566006 -2.95367e-09 -5.16483e-09 0 0 0 0 0 0 -2.95367e-09 -5.16483e-09
0.566244 -2.89734e-09 -5.10844e-09 0 0 0 0 0 0 -2.89734e-09 -5.10844e-09
0.566483 -2.84217e-09 -5.05265e-09 0 0 0 0 0 0 -2.84217e-09 -5.05265e-09
0.566721 -2.78815e-09 -4.99745e-09 0 0 0 0 0 0 -2.78815e-09 -4.99745e-09
0.566959 -2.73524e-09 -4.94285e-09 0 0 0 0 0 0 -2.73524e-09 -4.94285e-09
0.567198 -2.68342e-09 -4.88883e-09 0 0 0 0 0 0 -2.68342e-09 -4.88883e-09
0.567436 -2.63266e-09 -4.8354e-09 0 0 0 0 0 0 -2.63266e-09 -4.8354e-09
0.567675 -2.58294e-09 -4.78254e-09 0 0 0 0 0 0 -2.58294e-09 -4.78254e-09
0.567913 -2.53425e-09 -4.73026e-09 0 0 0 0 0 0 -2.53425e-09 -4.73026e-09
0.568151 -2.48655e-09 -4.67855e-09 0 0 0 0 0 0 -2.48655e-09 -4.67855e-09
0.56839 -2.43982e-09 -4.62741e-09 0 0 0 0 0 0 -2.43982e-09 -4.62741e-09
0.568628 -2.39404e-09 -4.57682e-09 0 0 0 0 0 0 -2.39404e-09 -4.57682e-09
0.568867 -2.34919e-09 -4.5268e-09 0 0 0 0 0 0 -2.34919e-09 -4.5268e-09
0.569105 -2.30525e-09 -4.47733e-09 0 0 0 0 0 0 -2.30525e-09 -4.47733e-09
0.569344 -2.2622e-09 -4.4284e-09 0 0 0 0 0 0 -2.2622e-09 -4.4284e-09
0.569582 -2.22002e-09 -4.38002e-09 0 0 0 0 0 0 -2.22002e-09 -4.38002e-09
0.56982 -2.1787e-09 -4.33218e-09 0 0 0 0 0 0 -2.1787e-09 -4.33218e-09
0.570059 -2.1382e-09 -4.28487e-09 0 0 0 0 0 0 -2.1382e-09 -4.28487e-09
0.570297 -2.09851e-09 -4.23809e-09 0 0 0 0 0 0 -2.09851e-09 -4.23809e-09
0.570536 -2.05963e-09 -4.19184e-09 0 0 0 0 0 0 -2.05963e-09 -4.19184e-09
0.570774 -2.02152e-09 -4.14611e-09 0 0 0 0 0 0 -2.02152e-09 -4.14611e-09
0.571012 -1.98417e-09 -4.10089e-09 0 0 0 0 0 0 -1.98417e-09 -4.10089e-09
0.571251 -1.94756e-09 -4.05618e-09 0 0 0 0 0 0 -1.94756e-09 -4.05618e-09
0.571489 -1.91169e-09 -4.01198e-09 0 0 0 0 0 0 -1.91169e-09 -4.01198e-09
0.571728 -1.87652e-09 -3.96828e-09 0 0 0 0 0 0 -1.87652e-09 -3.96828e-09
0.571966 -1.84206e-09 -3.92507e-09 0 0 0 0 0 0 -1.84206e-09 -3.92507e-09
0.572205 -1.80827e-09 -3.88236e-09 0 0 0 0 0 0 -1.80827e-09 -3.88236e-09
0.572443 -1.77515e-09 -3.84013e-09 0 0 0 0 0 0 -1.77515e-09 -3.84013e-09
0.572681 -1.74269e-09 -3.79838e-09 0 0 0 0 0 0 -1.74269e-09 -3.79838e-09
0.57292 -1.71086e-09 -3.75711e-09 0 0 0 0 0 0 -1.71086e-09 -3.75711e-09
0.573158 -1.67966e-09 -3.71631e-09 0 0 0 0 0 0 -1.67966e-09 -3.71631e-09
0.573397 -1.64907e-09 -3.67598e-09 0 0 0 0 0 0 -1.64907e-09 -3.67598e-09
0.573635 -1.61908e-09 -3.63611e-09 0 0 0 0 0 0 -1.61908e-09 -3.63611e-09
0.573874 -1.58967e-09 -3.5967e-09 0 0 0 0 0 0 -1.58967e-09 -3.5967e-09
0.574112 -1.56084e-09 -3.55774e-09 0 0 0 0 0 0 -1.56084e-09 -3.55774e-09
0.57435 -1.53257e-09 -3.51922e-09 0 0 0 0 0 0 -1.53257e-09 -3.51922e-09
0.574589 -1.50484e-09 -3.48115e-09 0 0 0 0 0 0 -1.50484e-09 -3.48115e-09
0.574827 -1.47766e-09 -3.44352e-09 0 0 0 0 0 0 -1.47766e-09 -3.44352e-09
0.575066 -1.451e-09 -3.40632e-09 0 0 0 0 0 0 -1.451e-09 -3.40632e-09
0.575304 -1.42485e-09 -3.36955e-09 0 0 0 0 0 0 -1.42485e-09 -3.36955e-09
0.575542 -1.39921e-09 -3.3332e-09 0 0 0 0 0 0 -1.39921e-09 -3.3332e-09
0.575781 -1.37406e-09 -3.29728e-09 0 0 0 0 0 0 -1.37406e-09 -3.29728e-09
0.576019 -1.3494e-09 -3.26176e-09 0 0 0 0 0 0 -1.3494e-09 -3.26176e-09
0.576258 -1.32521e-09 -3.22666e-09 0 0 0 0 0 0 -1.32521e-09 -3.22666e-09
0.576496 -1.30148e-09 -3.19197e-09 0 0 0 0 0 0 -1.30148e-09 -3.19197e-09
0.576735 -1.2782e-09 -3.15767e-09 0 0 0 0 0 0 -1.2782e-09 -3.15767e-09
0.576973 -1.25537e-09 -3.12377e-09 0 0 0 0 0 0 -1.25537e-09 -3.12377e-09
0.577211 -1.23297e-09 -3.09026e-09 0 0 0 0 0 0 -1.23297e-09 -3.09026e-09
0.57745 -1.211e-09 -3.05715e-09 0 0 0 0 0 0 -1.211e-09 -3.05715e-09
0.577688 -1.18944e-09 -3.02441e-09 0 0 0 0 0 0 -1.18944e-09 -3.02441e-09
0.577927 -1.16829e-09 -2.99205e-09 0 0 0 0 0 0 -1.16829e-09 -2.99205e-09
0.578165 -1.14755e-09 -2.96007e-09 0 0 0 0 0 0 -1.14755e-09 -2.96007e-09
0.578403 -1.12719e-09 -2.92846e-09 0 0 0 0 0 0 -1.12719e-09 -2.92846e-09
0.578642 -1.10721e-09 -2.89721e-09 0 0 0 0 0 0 -1.10721e-09 -2.89721e-09
0.57888 -1.08762e-09 -2.86633e-09 0 0 0 0 0 0 -1.08762e-09 -2.86633e-09
0.579119 -1.06838e-09 -2.8358e-09 0 0 0 0 0 0 -1.06838e-09 -2.8358e-09
0.579357 -1.04951e-09 -2.80563e-09 0 0 0 0 0 0 -1.04951e-09 -2.80563e-09
0.579596 -1.031e-09 -2.77581e-09 0 0 0 0 0 0 -1.031e-09 -2.77581e-09
0.579834 -1.01282e-09 -2.74633e-09 0 0 0 0 0 0 -1.01282e-09 -2.74633e-09
0.580072 -9.94989e-10 -2.71719e-09 0 0 0 0 0 0 -9.94989e-10 -2.71719e-09
0.580311 -9.77487e-10 -2.68839e-09 0 0 0 0 0 0 -9.77487e-10 -2.68839e-09
0.580549 -9.6031e-10 -2.65992e-09 0 0 0 0 0 0 -9.6031e-10 -2.65992e-09
0.580788 -9.4345e-10 -2.63179e-09 0 0 0 0 0 0 -9.4345e-10 -2.63179e-09
0.581026 -9.26903e-10 -2.60397e-09 0 0 0 0 0 0 -9.26903e-10 -2.60397e-09
0.581264 -9.10662e-10 -2.57648e-09 0 0 0 0 0 0 -9.10662e-10 -2.57648e-09
0.581503 -8.94719e-10 -2.54931e-09 0 0 0 0 0 0 -8.94719e-10 -2.54931e-09
0.581741 -8.79071e-10 -2.52245e-09 0 0 0 0 0 0 -8.79071e-10 -2.52245e-09
0.58198 -8.63709e-10 -2.4959e-09 0 0 0 0 0 0 -8.63709e-10 -2.4959e-09
0.582218 -8.4863e-10 -2.46966e-09 0 0 0 0 0 0 -8.4863e-10 -2.46966e-09
0.582457 -8.33827e-10 -2.44372e-09 0 0 0 0 0 0 -8.33827e-10 -2.44372e-09
0.582695 -8.19294e-10 -2.41808e-09 0 0 0 0 0 0 -8.19294e-10 -2.41808e-09
0.582933 -8.05027e-10 -2.39274e-09 0 0 0 0 0 0 -8.05027e-10 -2.39274e-09
0.583172 -7.91019e-10 -2.36769e-09 0 0 0 0 0 0 -7.91019e-10 -2.36769e-09
0.58341 -7.77266e-10 -2.34293e-09 0 0 0 0 0 0 -7.77266e-10 -2.34293e-09
0.583649 -7.63763e-10 -2.31845e-09 0 0 0 0 0 0 -7.63763e-10 -2.31845e-09
0.583887 -7.50505e-10 -2.29425e-09 0 0 0 0 0 0 -7.50505e-10 -2.29425e-09
0.584126 -7.37487e-10 -2.27033e-09 0 0 0 0 0 0 -7.37487e-10 -2.27033e-09
0.584364 -7.24704e-10 -2.24669e-09 0 0 0 0 0 0 -7.24704e-10 -2.24669e-09
0.584602 -7.12152e-10 -2.22332e-09 0 0 0 0 0 0 -7.12152e-10 -2.22332e-09
0.584841 -6.99826e-10 -2.20022e-09 0 0 0 0 0 0 -6.99826e-10 -2.20022e-09
0.585079 -6.87722e-10 -2.17738e-09 0 0 0 0 0 0 -6.87722e-10 -2.17738e-09
0.585318 -6.75834e-10 -2.15481e-09 0 0 0 0 0 0 -6.75834e-10 -2.15481e-09
0.585556 -6.6416e-10 -2.13249e-09 0 0 0 0 0 0 -6.6416e-10 -2.13249e-09
0.585794 -6.52695e-10 -2.11043e-09 0 0 0 0 0 0 -6.52695e-10 -2.11043e-09
0.586033 -6.41435e-10 -2.08862e-09 0 0 0 0 0 0 -6.41435e-10 -2.08862e-09
0.586271 -6.30376e-10 -2.06706e-09 0 0 0 0 0 0 -6.30376e-10 -2.06706e-09
0.58651 -6.19514e-10 -2.04575e-09 0 0 0 0 0 0 -6.19514e-10 -2.04575e-09
0.586748 -6.08845e-10 -2.02468e-09 0 0 0 0 0 0 -6.08845e-10 -2.02468e-09
0.586987 -5.98365e-10 -2.00385e-09 0 0 0 0 0 0 -5.98365e-10 -2.00385e-09
0.587225 -5.88071e-10 -1.98326e-09 0 0 0 0 0 0 -5.88071e-10 -1.98326e-09
0.587463 -5.7796e-10 -1.9629e-09 0 0 0 0 0 0 -5.7796e-10 -1.9629e-09
0.587702 -5.68027e-10 -1.94278e-09 0 0 0 0 0 0 -5.68027e-10 -1.94278e-09
0.58794 -5.5827e-10 -1.92288e-09 0 0 0 0 0 0 -5.5827e-10 -1.92288e-09
0.588179 -5.48684e-10 -1.90321e-09 0 0 0 0 0 0 -5.48684e-10 -1.90321e-09
0.588417 -5.39267e-10 -1.88376e-09 0 0 0 0 0 0 -5.39267e-10 -1.88376e-09
0.588655 -5.30016e-10 -1.86454e-09 0 0 0 0 0 0 -5.30016e-10 -1.86454e-09
0.588894 -5.20927e-10 -1.84553e-09 0 0 0 0 0 0 -5.20927e-10 -1.84553e-09
0.589132 -5.11997e-10 -1.82674e-09 0 0 0 0 0 0 -5.11997e-10 -1.82674e-09
0.589371 -5.03224e-10 -1.80816e-09 0 0 0 0 0 0 -5.03224e-10 -1.80816e-09
0.589609 -4.94603e-10 -1.78979e-09 0 0 0 0 0 0 -4.94603e-10 -1.78979e-09
0.589848 -4.86133e-10 -1.77163e-09 0 0 0 0 0 0 -4.86133e-10 -1.77163e-09
0.590086 -4.77811e-10 -1.75367e-09 0 0 0 0 0 0 -4.77811e-10 -1.75367e-09
0.590324 -4.69633e-10 -1.73592e-09 0 0 0 0 0 0 -4.69633e-10 -1.73592e-09
0.590563 -4.61598e-10 -1.71836e-09 0 0 0 0 0 0 -4.61598e-10 -1.71836e-09
0.590801 -4.53701e-10 -1.701e-09 0 0 0 0 0 0 -4.53701e-10 -1.701e-09
0.59104 -4.45942e-10 -1.68384e-09 0 0 0 0 0 0 -4.45942e-10 -1.68384e-09
0.591278 -4.38316e-10 -1.66687e-09 0 0 0 0 0 0 -4.38316e-10 -1.66687e-09
0.591516 -4.30823e-10 -1.6501e-09 0 0 0 0 0 0 -4.30823e-10 -1.6501e-09
0.591755 -4.23458e-10 -1.63351e-09 0 0 0 0 0 0 -4.23458e-10 -1.63351e-09
0.591993 -4.16221e-10 -1.6171e-09 0 0 0 0 0 0 -4.16221e-10 -1.6171e-09
0.592232 -4.09107e-10 -1.60088e-09 0 0 0 0 0 0 -4.09107e-10 -1.60088e-09
0.59247 -4.02116e-10 -1.58484e-09 0 0 0 0 0 0 -4.02116e-10 -1.58484e-09
0.592709 -3.95245e-10 -1.56898e-09 0 0 0 0 0 0 -3.95245e-10 -1.56898e-09
0.592947 -3.88492e-10 -1.5533e-09 0 0 0 0 0 0 -3.88492e-10 -1.5533e-09
0.593185 -3.81854e-10 -1.53779e-09 0 0 0 0 0 0 -3.81854e-10 -1.53779e-09
0.593424 -3.75329e-10 -1.52246e-09 0 0 0 0 0 0 -3.75329e-10 -1.52246e-09
0.593662 -3.68916e-10 -1.50729e-09 0 0 0 0 0 0 -3.68916e-10 -1.50729e-09
0.593901 -3.62612e-10 -1.49229e-09 0 0 0 0 0 0 -3.62612e-10 -1.49229e-09
0.594139 -3.56416e-10 -1.47746e-09 0 0 0 0 0 0 -3.56416e-10 -1.47746e-09
0.594378 -3.50324e-10 -1.4628e-09 0 0 0 0 0 0 -3.50324e-10 -1.4628e-09
0.594616 -3.44336e-10 -1.4483e-09 0 0 0 0 0 0 -3.44336e-10 -1.4483e-09
0.594854 -3.3845e-10 -1.43395e-09 0 0 0 0 0 0 -3.3845e-10 -1.43395e-09
0.595093 -3.32663e-10 -1.41977e-09 0 0 0 0 0 0 -3.32663e-10 -1.41977e-09
0.595331 -3.26974e-10 -1.40574e-09 0 0 0 0 0 0 -3.26974e-10 -1.40574e-09
0.59557 -3.21381e-10 -1.39187e-09 0 0 0 0 0 0 -3.21381e-10 -1.39187e-09
0.595808 -3.15882e-10 -1.37815e-09 0 0 0 0 0 0 -3.15882e-10 -1.37815e-09
0.596046 -3.10476e-10 -1.36458e-09 0 0 0 0 0 0 -3.10476e-10 -1.36458e-09
0.596285 -3.05161e-10 -1.35116e-09 0 0 0 0 0 0 -3.05161e-10 -1.35116e-09
0.596523 -2.99935e-10 -1.33789e-09 0 0 0 0 0 0 -2.99935e-10 -1.33789e-09
0.596762 -2.94797e-10 -1.32476e-09 0 0 0 0 0 0 -2.94797e-10 -1.32476e-09
0.597 -2.89745e-10 -1.31178e-09 0 0 0 0 0 0 -2.89745e-10 -1.31178e-09
0.597239 -2.84778e-10 -1.29894e-09 0 0 0 0 0 0 -2.84778e-10 -1.29894e-09
0.597477 -2.79894e-10 -1.28624e-09 0 0 0 0 0 0 -2.79894e-10 -1.28624e-09
0.597715 -2.75091e-10 -1.27368e-09 0 0 0 0 0 0 -2.75091e-10 -1.27368e-09
0.597954 -2.70368e-10 -1.26125e-09 0 0 0 0 0 0 -2.70368e-10 -1.26125e-09
0.598192 -2.65725e-10 -1.24896e-09 0 0 0 0 0 0 -2.65725e-10 -1.24896e-09
0.598431 -2.61158e-10 -1.23681e-09 0 0 0 0 0 0 -2.61158e-10 -1.23681e-09
0.598669 -2.56667e-10 -1.22479e-09 0 0 0 0 0 0 -2.56667e-10 -1.22479e-09
0.598907 -2.52251e-10 -1.21289e-09 0 0 0 0 0 0 -2.52251e-10 -1.21289e-09
0.599146 -2.47909e-10 -1.20113e-09 0 0 0 0 0 0 -2.47909e-10 -1.20113e-09
0.599384 -2.43638e-10 -1.18949e-09 0 0 0 0 0 0 -2.43638e-10 -1.18949e-09
0.599623 -2.39438e-10 -1.17798e-09 0 0 0 0 0 0 -2.39438e-10 -1.17798e-09
