0.39959 5.01337e-11 3.9615e-11 0 0 0 0 0 0 5.01337e-11 3.9615e-11
0.400066 5.14596e-11 4.08417e-11 0 0 0 0 0 0 5.14596e-11 4.08417e-11
0.400543 5.28225e-11 4.21091e-11 0 0 0 0 0 0 5.28225e-11 4.21091e-11
0.40102 5.42235e-11 4.34185e-11 0 0 0 0 0 0 5.42235e-11 4.34185e-11
0.401497 5.56637e-11 4.47714e-11 0 0 0 0 0 0 5.56637e-11 4.47714e-11
0.401974 5.71442e-11 4.61693e-11 0 0 0 0 0 0 5.71442e-11 4.61693e-11
0.402451 5.86662e-11 4.76139e-11 0 0 0 0 0 0 5.86662e-11 4.76139e-11
0.402927 6.02308e-11 4.91066e-11 0 0 0 0 0 0 6.02308e-11 4.91066e-11
0.403404 6.18392e-11 5.06493e-11 0 0 0 0 0 0 6.18392e-11 5.06493e-11
0.403881 6.34927e-11 5.22436e-11 0 0 0 0 0 0 6.34927e-11 5.22436e-11
0.404358 6.51925e-11 5.38913e-11 0 0 0 0 0 0 6.51925e-11 5.38913e-11
0.404835 6.694e-11 5.55944e-11 0 0 0 0 0 0 6.694e-11 5.55944e-11
0.405312 6.87365e-11 5.73547e-11 0 0 0 0 0 0 6.87365e-11 5.73547e-11
0.405788 7.05833e-11 5.91743e-11 0 0 0 0 0 0 7.05833e-11 5.91743e-11
0.406265 7.24819e-11 6.10552e-11 0 0 0 0 0 0 7.24819e-11 6.10552e-11
0.406742 7.44338e-11 6.29996e-11 0 0 0 0 0 0 7.44338e-11 6.29996e-11
0.407219 7.64403e-11 6.50097e-11 0 0 0 0 0 0 7.64403e-11 6.50097e-11
0.407696 7.8503e-11 6.70877e-11 0 0 0 0 0 0 7.8503e-11 6.70877e-11
0.408173 8.06236e-11 6.92362e-11 0 0 0 0 0 0 8.06236e-11 6.92362e-11
0.408649 8.28035e-11 7.14574e-11 0 0 0 0 0 0 8.28035e-11 7.14574e-11
0.409126 8.50444e-11 7.37541e-11 0 0 0 0 0 0 8.50444e-11 7.37541e-11
0.409603 8.7348e-11 7.61287e-11 0 0 0 0 0 0 8.7348e-11 7.61287e-11
0.41008 8.9716e-11 7.85841e-11 0 0 0 0 0 0 8.9716e-11 7.85841e-11
0.410557 9.21502e-11 8.11231e-11 0 0 0 0 0 0 9.21502e-11 8.11231e-11
0.411034 9.46523e-11 8.37486e-11 0 0 0 0 0 0 9.46523e-11 8.37486e-11
0.41151 9.72242e-11 8.64636e-11 0 0 0 0 0 0 9.72242e-11 8.64636e-11
0.411987 9.98677e-11 8.92712e-11 0 0 0 0 0 0 9.98677e-11 8.92712e-11
0.412464 1.02585e-10 9.21747e-11 0 0 0 0 0 0 1.02585e-10 9.21747e-11
0.412941 1.05378e-10 9.51774e-11 0 0 0 0 0 0 1.05378e-10 9.51774e-11
0.413418 1.08248e-10 9.82828e-11 0 0 0 0 0 0 1.08248e-10 9.82828e-11
0.413895 1.11197e-10 1.01494e-10 0 0 0 0 0 0 1.11197e-10 1.01494e-10
0.414371 1.14229e-10 1.04816e-10 0 0 0 0 0 0 1.14229e-10 1.04816e-10
0.414848 1.17344e-10 1.08251e-10 0 0 0 0 0 0 1.17344e-10 1.08251e-10
0.415325 1.20545e-10 1.11804e-10 0 0 0 0 0 0 1.20545e-10 1.11804e-10
0.415802 1.23835e-10 1.15479e-10 0 0 0 0 0 0 1.23835e-10 1.15479e-10
0.416279 1.27214e-10 1.19279e-10 0 0 0 0 0 0 1.27214e-10 1.19279e-10
0.416756 1.30687e-10 1.2321e-10 0 0 0 0 0 0 1.30687e-10 1.2321e-10
0.417233 1.34254e-10 1.27276e-10 0 0 0 0 0 0 1.34254e-10 1.27276e-10
0.417709 1.37919e-10 1.31481e-10 0 0 0 0 0 0 1.37919e-10 1.31481e-10
0.418186 1.41684e-10 1.35831e-10 0 0 0 0 0 0 1.41684e-10 1.35831e-10
0.418663 1.4555e-10 1.40329e-10 0 0 0 0 0 0 1.4555e-10 1.40329e-10
0.41914 1.49522e-10 1.44982e-10 0 0 0 0 0 0 1.49522e-10 1.44982e-10
0.419617 1.53601e-10 1.49794e-10 0 0 0 0 0 0 1.53601e-10 1.49794e-10
0.420094 1.57789e-10 1.54771e-10 0 0 0 0 0 0 1.57789e-10 1.54771e-10
0.42057 1.6209e-10 1.59918e-10 0 0 0 0 0 0 1.6209e-10 1.59918e-10
0.421047 1.66505e-10 1.65242e-10 0 0 0 0 0 0 1.66505e-10 1.65242e-10
0.421524 1.71038e-10 1.70747e-10 0 0 0 0 0 0 1.71038e-10 1.70747e-10
0.422001 1.75692e-10 1.76441e-10 0 0 0 0 0 0 1.75692e-10 1.76441e-10
0.422478 1.80468e-10 1.82329e-10 0 0 0 0 0 0 1.80468e-10 1.82329e-10
0.422955 1.85369e-10 1.88418e-10 0 0 0 0 0 0 1.85369e-10 1.88418e-10
0.423431 1.90398e-10 1.94715e-10 0 0 0 0 0 0 1.90398e-10 1.94715e-10
0.423908 1.95559e-10 2.01226e-10 0 0 0 0 0 0 1.95559e-10 2.01226e-10
0.424385 2.00852e-10 2.07958e-10 0 0 0 0 0 0 2.00852e-10 2.07958e-10
0.424862 2.06282e-10 2.14919e-10 0 0 0 0 0 0 2.06282e-10 2.14919e-10
0.425339 2.11851e-10 2.22115e-10 0 0 0 0 0 0 2.11851e-10 2.22115e-10
0.425816 2.17561e-10 2.29555e-10 0 0 0 0 0 0 2.17561e-10 2.29555e-10
0.426292 2.23415e-10 2.37246e-10 0 0 0 0 0 0 2.23415e-10 2.37246e-10
0.426769 2.29416e-10 2.45196e-10 0 0 0 0 0 0 2.29416e-10 2.45196e-10
0.427246 2.35567e-10 2.53414e-10 0 0 0 0 0 0 2.35567e-10 2.53414e-10
0.427723 2.41869e-10 2.61907e-10 0 0 0 0 0 0 2.41869e-10 2.61907e-10
0.4282 2.48325e-10 2.70684e-10 0 0 0 0 0 0 2.48325e-10 2.70684e-10
0.428677 2.54938e-10 2.79754e-10 0 0 0 0 0 0 2.54938e-10 2.79754e-10
0.429153 2.61711e-10 2.89126e-10 0 0 0 0 0 0 2.61711e-10 2.89126e-10
0.42963 2.68644e-10 2.98808e-10 0 0 0 0 0 0 2.68644e-10 2.98808e-10
0.430107 2.75741e-10 3.08811e-10 0 0 0 0 0 0 2.75741e-10 3.08811e-10
0.430584 2.83004e-10 3.19142e-10 0 0 0 0 0 0 2.83004e-10 3.19142e-10
0.431061 2.90434e-10 3.29813e-10 0 0 0 0 0 0 2.90434e-10 3.29813e-10
0.431538 2.98033e-10 3.40833e-10 0 0 0 0 0 0 2.98033e-10 3.40833e-10
0.432014 3.05803e-10 3.52211e-10 0 0 0 0 0 0 3.05803e-10 3.52211e-10
0.432491 3.13746e-10 3.63957e-10 0 0 0 0 0 0 3.13746e-10 3.63957e-10
0.432968 3.21863e-10 3.76082e-10 0 0 0 0 0 0 3.21863e-10 3.76082e-10
0.433445 3.30154e-10 3.88595e-10 0 0 0 0 0 0 3.30154e-10 3.88595e-10
0.433922 3.38621e-10 4.01508e-10 0 0 0 0 0 0 3.38621e-10 4.01508e-10
0.434399 3.47265e-10 4.1483e-10 0 0 0 0 0 0 3.47265e-10 4.1483e-10
0.434875 3.56085e-10 4.28571e-10 0 0 0 0 0 0 3.56085e-10 4.28571e-10
0.435352 3.65083e-10 4.42743e-10 0 0 0 0 0 0 3.65083e-10 4.42743e-10
0.435829 3.74257e-10 4.57355e-10 0 0 0 0 0 0 3.74257e-10 4.57355e-10
0.436306 3.83607e-10 4.72418e-10 0 0 0 0 0 0 3.83607e-10 4.72418e-10
0.436783 3.93133e-10 4.87942e-10 0 0 0 0 0 0 3.93133e-10 4.87942e-10
0.43726 4.02833e-10 5.03937e-10 0 0 0 0 0 0 4.02833e-10 5.03937e-10
0.437737 4.12706e-10 5.20413e-10 0 0 0 0 0 0 4.12706e-10 5.20413e-10
0.438213 4.22748e-10 5.37381e-10 0 0 0 0 0 0 4.22748e-10 5.37381e-10
0.43869 4.32959e-10 5.54849e-10 0 0 0 0 0 0 4.32959e-10 5.54849e-10
0.439167 4.43334e-10 5.72827e-10 0 0 0 0 0 0 4.43334e-10 5.72827e-10
0.439644 4.5387e-10 5.91324e-10 0 0 0 0 0 0 4.5387e-10 5.91324e-10
0.440121 4.64563e-10 6.1035e-10 0 0 0 0 0 0 4.64563e-10 6.1035e-10
0.440598 4.75408e-10 6.2991e-10 0 0 0 0 0 0 4.75408e-10 6.2991e-10
0.441074 4.86399e-10 6.50015e-10 0 0 0 0 0 0 4.86399e-10 6.50015e-10
0.441551 4.9753e-10 6.7067e-10 0 0 0 0 0 0 4.9753e-10 6.7067e-10
0.442028 5.08795e-10 6.91882e-10 0 0 0 0 0 0 5.08795e-10 6.91882e-10
0.442505 5.20185e-10 7.13656e-10 0 0 0 0 0 0 5.20185e-10 7.13656e-10
0.442982 5.31692e-10 7.35997e-10 0 0 0 0 0 0 5.31692e-10 7.35997e-10
0.443459 5.43307e-10 7.5891e-10 0 0 0 0 0 0 5.43307e-10 7.5891e-10
0.443935 5.55019e-10 7.82396e-10 0 0 0 0 0 0 5.55019e-10 7.82396e-10
0.444412 5.66818e-10 8.06458e-10 0 0 0 0 0 0 5.66818e-10 8.06458e-10
0.444889 5.78689e-10 8.31095e-10 0 0 0 0 0 0 5.78689e-10 8.31095e-10
0.445366 5.90621e-10 8.56306e-10 0 0 0 0 0 0 5.90621e-10 8.56306e-10
0.445843 6.02599e-10 8.82089e-10 0 0 0 0 0 0 6.02599e-10 8.82089e-10
0.44632 6.14607e-10 9.08439e-10 0 0 0 0 0 0 6.14607e-10 9.08439e-10
0.446796 6.26629e-10 9.3535e-10 0 0 0 0 0 0 6.26629e-10 9.3535e-10
0.447273 6.38645e-10 9.62813e-10 0 0 0 0 0 0 6.38645e-10 9.62813e-10
0.44775 6.50637e-10 9.90818e-10 0 0 0 0 0 0 6.50637e-10 9.90818e-10
0.448227 6.62584e-10 1.01935e-09 0 0 0 0 0 0 6.62584e-10 1.01935e-09
0.448704 6.74464e-10 1.0484e-09 0 0 0 0 0 0 6.74464e-10 1.0484e-09
0.449181 6.86253e-10 1.07794e-09 0 0 0 0 0 0 6.86253e-10 1.07794e-09
0.449657 6.97926e-10 1.10795e-09 0 0 0 0 0 0 6.97926e-10 1.10795e-09
0.450134 7.09456e-10 1.13841e-09 0 0 0 0 0 0 7.09456e-10 1.13841e-09
0.450611 7.20816e-10 1.16929e-09 0 0 0 0 0 0 7.20816e-10 1.16929e-09
0.451088 7.31974e-10 1.20056e-09 0 0 0 0 0 0 7.31974e-10 1.20056e-09
0.451565 7.429e-10 1.23218e-09 0 0 0 0 0 0 7.429e-10 1.23218e-09
0.452042 7.53561e-10 1.26411e-09 0 0 0 0 0 0 7.53561e-10 1.26411e-09
0.452518 7.63922e-10 1.29631e-09 0 0 0 0 0 0 7.63922e-10 1.29631e-09
0.452995 7.73946e-10 1.32873e-09 0 0 0 0 0 0 7.73946e-10 1.32873e-09
0.453472 7.83595e-10 1.3613e-09 0 0 0 0 0 0 7.83595e-10 1.3613e-09
0.453949 7.9283e-10 1.39398e-09 0 0 0 0 0 0 7.9283e-10 1.39398e-09
0.454426 8.01608e-10 1.42669e-09 0 0 0 0 0 0 8.01608e-10 1.42669e-09
0.454903 8.09887e-10 1.45936e-09 0 0 0 0 0 0 8.09887e-10 1.45936e-09
0.455379 8.17622e-10 1.49191e-09 0 0 0 0 0 0 8.17622e-10 1.49191e-09
0.455856 8.24766e-10 1.52426e-09 0 0 0 0 0 0 8.24766e-10 1.52426e-09
0.456333 8.31272e-10 1.55631e-09 0 0 0 0 0 0 8.31272e-10 1.55631e-09
0.45681 8.3709e-10 1.58796e-09 0 0 0 0 0 0 8.3709e-10 1.58796e-09
0.457287 8.4217e-10 1.61911e-09 0 0 0 0 0 0 8.4217e-10 1.61911e-09
0.457764 8.4646e-10 1.64963e-09 0 0 0 0 0 0 8.4646e-10 1.64963e-09
0.458241 8.49908e-10 1.6794e-09 0 0 0 0 0 0 8.49908e-10 1.6794e-09
0.458717 8.52459e-10 1.70829e-09 0 0 0 0 0 0 8.52459e-10 1.70829e-09
0.459194 8.54059e-10 1.73615e-09 0 0 0 0 0 0 8.54059e-10 1.73615e-09
0.459671 8.54654e-10 1.76282e-09 0 0 0 0 0 0 8.54654e-10 1.76282e-09
0.460148 8.54187e-10 1.78815e-09 0 0 0 0 0 0 8.54187e-10 1.78815e-09
0.460625 8.52603e-10 1.81195e-09 0 0 0 0 0 0 8.52603e-10 1.81195e-09
0.461102 8.49848e-10 1.83404e-09 0 0 0 0 0 0 8.49848e-10 1.83404e-09
0.461578 8.45866e-10 1.85424e-09 0 0 0 0 0 0 8.45866e-10 1.85424e-09
0.462055 8.40604e-10 1.87232e-09 0 0 0 0 0 0 8.40604e-10 1.87232e-09
0.462532 8.34009e-10 1.88808e-09 0 0 0 0 0 0 8.34009e-10 1.88808e-09
0.463009 8.26031e-10 1.90127e-09 0 0 0 0 0 0 8.26031e-10 1.90127e-09
0.463486 8.1662e-10 1.91167e-09 0 0 0 0 0 0 8.1662e-10 1.91167e-09
0.463963 8.0573e-10 1.91902e-09 0 0 0 0 0 0 8.0573e-10 1.91902e-09
0.464439 7.93318e-10 1.92305e-09 0 0 0 0 0 0 7.93318e-10 1.92305e-09
0.464916 7.79345e-10 1.92349e-09 0 0 0 0 0 0 7.79345e-10 1.92349e-09
0.465393 7.63774e-10 1.92005e-09 0 0 0 0 0 0 7.63774e-10 1.92005e-09
0.46587 7.46574e-10 1.91244e-09 0 0 0 0 0 0 7.46574e-10 1.91244e-09
0.466347 7.27721e-10 1.90034e-09 0 0 0 0 0 0 7.27721e-10 1.90034e-09
0.466824 7.07195e-10 1.88344e-09 0 0 0 0 0 0 7.07195e-10 1.88344e-09
0.4673 6.84983e-10 1.8614e-09 0 0 0 0 0 0 6.84983e-10 1.8614e-09
0.467777 6.61079e-10 1.8339e-09 0 0 0 0 0 0 6.61079e-10 1.8339e-09
0.468254 6.35486e-10 1.80058e-09 0 0 0 0 0 0 6.35486e-10 1.80058e-09
0.468731 6.08217e-10 1.76109e-09 0 0 0 0 0 0 6.08217e-10 1.76109e-09
0.469208 5.79291e-10 1.71507e-09 0 0 0 0 0 0 5.79291e-10 1.71507e-09
0.469685 5.48741e-10 1.66216e-09 0 0 0 0 0 0 5.48741e-10 1.66216e-09
0.470161 5.1661e-10 1.60199e-09 0 0 0 0 0 0 5.1661e-10 1.60199e-09
0.470638 4.82952e-10 1.53419e-09 0 0 0 0 0 0 4.82952e-10 1.53419e-09
0.471115 4.47834e-10 1.45839e-09 0 0 0 0 0 0 4.47834e-10 1.45839e-09
0.471592 4.11338e-10 1.37422e-09 0 0 0 0 0 0 4.11338e-10 1.37422e-09
0.472069 3.73559e-10 1.28131e-09 0 0 0 0 0 0 3.73559e-10 1.28131e-09
0.472546 3.34605e-10 1.17931e-09 0 0 0 0 0 0 3.34605e-10 1.17931e-09
0.473022 2.94603e-10 1.06785e-09 0 0 0 0 0 0 2.94603e-10 1.06785e-09
0.473499 2.53692e-10 9.46596e-10 0 0 0 0 0 0 2.53692e-10 9.46596e-10
0.473976 2.12032e-10 8.1522e-10 0 0 0 0 0 0 2.12032e-10 8.1522e-10
0.474453 1.69795e-10 6.73407e-10 0 0 0 0 0 0 1.69795e-10 6.73407e-10
0.47493 1.27173e-10 5.20861e-10 0 0 0 0 0 0 1.27173e-10 5.20861e-10
0.475407 8.43747e-11 3.5731e-10 0 0 0 0 0 0 8.43747e-11 3.5731e-10
0.475883 4.1626e-11 1.82505e-10 0 0 0 0 0 0 4.1626e-11 1.82505e-10
0.47636 -8.29827e-13 -3.77218e-12 0 0 0 0 0 0 -8.29827e-13 -3.77218e-12
0.476837 -4.27326e-11 -2.01709e-10 0 0 0 0 0 0 -4.27326e-11 -2.01709e-10
0.477314 -8.38053e-11 -4.11458e-10 0 0 0 0 0 0 -8.38053e-11 -4.11458e-10
0.477791 -1.23755e-10 -6.33131e-10 0 0 0 0 0 0 -1.23755e-10 -6.33131e-10
0.478268 -1.62273e-10 -8.66797e-10 0 0 0 0 0 0 -1.62273e-10 -8.66797e-10
0.478745 -1.99037e-10 -1.11248e-09 0 0 0 0 0 0 -1.99037e-10 -1.11248e-09
0.479221 -2.3371e-10 -1.37015e-09 0 0 0 0 0 0 -2.3371e-10 -1.37015e-09
0.479698 -2.65944e-10 -1.63973e-09 0 0 0 0 0 0 -2.65944e-10 -1.63973e-09
0.480175 -2.95381e-10 -1.92109e-09 0 0 0 0 0 0 -2.95381e-10 -1.92109e-09
0.480652 -3.21654e-10 -2.21402e-09 0 0 0 0 0 0 -3.21654e-10 -2.21402e-09
0.481129 -3.44389e-10 -2.51826e-09 0 0 0 0 0 0 -3.44389e-10 -2.51826e-09
0.481606 -3.63208e-10 -2.83349e-09 0 0 0 0 0 0 -3.63208e-10 -2.83349e-09
0.482082 -3.77731e-10 -3.15932e-09 0 0 0 0 0 0 -3.77731e-10 -3.15932e-09
0.482559 -3.8758e-10 -3.49528e-09 0 0 0 0 0 0 -3.8758e-10 -3.49528e-09
0.483036 -3.9238e-10 -3.84084e-09 0 0 0 0 0 0 -3.9238e-10 -3.84084e-09
0.483513 -3.9176e-10 -4.19538e-09 0 0 0 0 0 0 -3.9176e-10 -4.19538e-09
0.48399 -3.85365e-10 -4.55822e-09 0 0 0 0 0 0 -3.85365e-10 -4.55822e-09
0.484467 -3.72846e-10 -4.9286e-09 0 0 0 0 0 0 -3.72846e-10 -4.9286e-09
0.484943 -3.53878e-10 -5.30569e-09 0 0 0 0 0 0 -3.53878e-10 -5.30569e-09
0.48542 -3.28151e-10 -5.68859e-09 0 0 0 0 0 0 -3.28151e-10 -5.68859e-09
0.485897 -2.95381e-10 -6.07631e-09 0 0 0 0 0 0 -2.95381e-10 -6.07631e-09
0.486374 -2.55313e-10 -6.46782e-09 0 0 0 0 0 0 -2.55313e-10 -6.46782e-09
0.486851 -2.07721e-10 -6.86199e-09 0 0 0 0 0 0 -2.07721e-10 -6.86199e-09
0.487328 -1.52415e-10 -7.25766e-09 0 0 0 0 0 0 -1.52415e-10 -7.25766e-09
0.487804 -8.92446e-11 -7.65358e-09 0 0 0 0 0 0 -8.92446e-11 -7.65358e-09
0.488281 -1.80997e-11 -8.04847e-09 0 0 0 0 0 0 -1.80997e-11 -8.04847e-09
0.488758 6.10842e-11 -8.44099e-09 0 0 0 0 0 0 6.10842e-11 -8.44099e-09
0.489235 1.48324e-10 -8.82976e-09 0 0 0 0 0 0 1.48324e-10 -8.82976e-09
0.489712 2.43585e-10 -9.21337e-09 0 0 0 0 0 0 2.43585e-10 -9.21337e-09
0.490189 3.4678e-10 -9.59039e-09 0 0 0 0 0 0 3.4678e-10 -9.59039e-09
0.490665 4.57769e-10 -9.95935e-09 0 0 0 0 0 0 4.57769e-10 -9.95935e-09
0.491142 5.76351e-10 -1.03188e-08 0 0 0 0 0 0 5.76351e-10 -1.03188e-08
0.491619 7.02273e-10 -1.06672e-08 0 0 0 0 0 0 7.02273e-10 -1.06672e-08
0.492096 8.3522e-10 -1.10032e-08 0 0 0 0 0 0 8.3522e-10 -1.10032e-08
0.492573 9.7482e-10 -1.13254e-08 0 0 0 0 0 0 9.7482e-10 -1.13254e-08
0.49305 1.12064e-09 -1.16322e-08 0 0 0 0 0 0 1.12064e-09 -1.16322e-08
0.493526 1.2722e-09 -1.19223e-08 0 0 0 0 0 0 1.2722e-09 -1.19223e-08
0.494003 1.42896e-09 -1.21945e-08 0 0 0 0 0 0 1.42896e-09 -1.21945e-08
0.49448 1.59032e-09 -1.24474e-08 0 0 0 0 0 0 1.59032e-09 -1.24474e-08
0.494957 1.75564e-09 -1.26799e-08 0 0 0 0 0 0 1.75564e-09 -1.26799e-08
0.495434 1.92423e-09 -1.28908e-08 0 0 0 0 0 0 1.92423e-09 -1.28908e-08
0.495911 2.09535e-09 -1.30791e-08 0 0 0 0 0 0 2.09535e-09 -1.30791e-08
0.496387 2.26824e-09 -1.32439e-08 0 0 0 0 0 0 2.26824e-09 -1.32439e-08
0.496864 2.44209e-09 -1.33844e-08 0 0 0 0 0 0 2.44209e-09 -1.33844e-08
0.497341 2.61607e-09 -1.34999e-08 0 0 0 0 0 0 2.61607e-09 -1.34999e-08
0.497818 2.78932e-09 -1.35897e-08 0 0 0 0 0 0 2.78932e-09 -1.35897e-08
0.498295 2.96097e-09 -1.36534e-08 0 0 0 0 0 0 2.96097e-09 -1.36534e-08
0.498772 3.13014e-09 -1.36907e-08 0 0 0 0 0 0 3.13014e-09 -1.36907e-08
0.499249 3.29595e-09 -1.37013e-08 0 0 0 0 0 0 3.29595e-09 -1.37013e-08
0.499725 3.45752e-09 -1.36852e-08 0 0 0 0 0 0 3.45752e-09 -1.36852e-08
0.500202 3.61397e-09 -1.36424e-08 0 0 0 0 0 0 3.61397e-09 -1.36424e-08
0.500679 3.76445e-09 -1.35732e-08 0 0 0 0 0 0 3.76445e-09 -1.35732e-08
0.501156 3.90813e-09 -1.34778e-08 0 0 0 0 0 0 3.90813e-09 -1.34778e-08
0.501633 4.04422e-09 -1.33567e-08 0 0 0 0 0 0 4.04422e-09 -1.33567e-08
0.50211 4.17194e-09 -1.32105e-08 0 0 0 0 0 0 4.17194e-09 -1.32105e-08
0.502586 4.29058e-09 -1.30399e-08 0 0 0 0 0 0 4.29058e-09 -1.30399e-08
0.503063 4.39946e-09 -1.28458e-08 0 0 0 0 0 0 4.39946e-09 -1.28458e-08
0.50354 4.49796e-09 -1.2629e-08 0 0 0 0 0 0 4.49796e-09 -1.2629e-08
0.504017 4.58552e-09 -1.23907e-08 0 0 0 0 0 0 4.58552e-09 -1.23907e-08
0.504494 4.66163e-09 -1.2132e-08 0 0 0 0 0 0 4.66163e-09 -1.2132e-08
0.504971 4.72586e-09 -1.1854e-08 0 0 0 0 0 0 4.72586e-09 -1.1854e-08
0.505447 4.77784e-09 -1.15581e-08 0 0 0 0 0 0 4.77784e-09 -1.15581e-08
0.505924 4.81727e-09 -1.12457e-08 0 0 0 0 0 0 4.81727e-09 -1.12457e-08
0.506401 4.84391e-09 -1.09183e-08 0 0 0 0 0 0 4.84391e-09 -1.09183e-08
0.506878 4.85763e-09 -1.05772e-08 0 0 0 0 0 0 4.85763e-09 -1.05772e-08
0.507355 4.85832e-09 -1.0224e-08 0 0 0 0 0 0 4.85832e-09 -1.0224e-08
0.507832 4.84599e-09 -9.86026e-09 0 0 0 0 0 0 4.84599e-09 -9.86026e-09
0.508308 4.82069e-09 -9.48752e-09 0 0 0 0 0 0 4.82069e-09 -9.48752e-09
0.508785 4.78255e-09 -9.10734e-09 0 0 0 0 0 0 4.78255e-09 -9.10734e-09
0.509262 4.73178e-09 -8.72128e-09 0 0 0 0 0 0 4.73178e-09 -8.72128e-09
0.509739 4.66864e-09 -8.33086e-09 0 0 0 0 0 0 4.66864e-09 -8.33086e-09
0.510216 4.59345e-09 -7.93761e-09 0 0 0 0 0 0 4.59345e-09 -7.93761e-09
0.510693 4.50659e-09 -7.54299e-09 0 0 0 0 0 0 4.50659e-09 -7.54299e-09
0.511169 4.4085e-09 -7.14845e-09 0 0 0 0 0 0 4.4085e-09 -7.14845e-09
0.511646 4.29968e-09 -6.75538e-09 0 0 0 0 0 0 4.29968e-09 -6.75538e-09
0.512123 4.18064e-09 -6.3651e-09 0 0 0 0 0 0 4.18064e-09 -6.3651e-09
0.5126 4.05196e-09 -5.97887e-09 0 0 0 0 0 0 4.05196e-09 -5.97887e-09
0.513077 3.91425e-09 -5.59789e-09 0 0 0 0 0 0 3.91425e-09 -5.59789e-09
0.513554 3.76815e-09 -5.2233e-09 0 0 0 0 0 0 3.76815e-09 -5.2233e-09
0.51403 3.61431e-09 -4.85613e-09 0 0 0 0 0 0 3.61431e-09 -4.85613e-09
0.514507 3.45342e-09 -4.49735e-09 0 0 0 0 0 0 3.45342e-09 -4.49735e-09
0.514984 3.28617e-09 -4.14786e-09 0 0 0 0 0 0 3.28617e-09 -4.14786e-09
0.515461 3.11327e-09 -3.80845e-09 0 0 0 0 0 0 3.11327e-09 -3.80845e-09
0.515938 2.93543e-09 -3.47983e-09 0 0 0 0 0 0 2.93543e-09 -3.47983e-09
0.516415 2.75337e-09 -3.16265e-09 0 0 0 0 0 0 2.75337e-09 -3.16265e-09
0.516891 2.56777e-09 -2.85745e-09 0 0 0 0 0 0 2.56777e-09 -2.85745e-09
0.517368 2.37936e-09 -2.5647e-09 0 0 0 0 0 0 2.37936e-09 -2.5647e-09
0.517845 2.1888e-09 -2.28479e-09 0 0 0 0 0 0 2.1888e-09 -2.28479e-09
0.518322 1.99678e-09 -2.01802e-09 0 0 0 0 0 0 1.99678e-09 -2.01802e-09
0.518799 1.80394e-09 -1.76462e-09 0 0 0 0 0 0 1.80394e-09 -1.76462e-09
0.519276 1.61092e-09 -1.52475e-09 0 0 0 0 0 0 1.61092e-09 -1.52475e-09
0.519753 1.41831e-09 -1.2985e-09 0 0 0 0 0 0 1.41831e-09 -1.2985e-09
0.520229 1.22671e-09 -1.0859e-09 0 0 0 0 0 0 1.22671e-09 -1.0859e-09
0.520706 1.03665e-09 -8.86891e-10 0 0 0 0 0 0 1.03665e-09 -8.86891e-10
0.521183 8.48661e-10 -7.01387e-10 0 0 0 0 0 0 8.48661e-10 -7.01387e-10
0.52166 6.63228e-10 -5.29235e-10 0 0 0 0 0 0 6.63228e-10 -5.29235e-10
0.522137 4.80807e-10 -3.70231e-10 0 0 0 0 0 0 4.80807e-10 -3.70231e-10
0.522614 3.0182e-10 -2.24129e-10 0 0 0 0 0 0 3.0182e-10 -2.24129e-10
0.52309 1.26655e-10 -9.06423e-11 0 0 0 0 0 0 1.26655e-10 -9.06423e-11
0.523567 -4.43332e-11 3.05545e-11 0 0 0 0 0 0 -4.43332e-11 3.05545e-11
0.524044 -2.10825e-10 1.39818e-10 0 0 0 0 0 0 -2.10825e-10 1.39818e-10
0.524521 -3.72532e-10 2.37532e-10 0 0 0 0 0 0 -3.72532e-10 2.37532e-10
0.524998 -5.29202e-10 3.24106e-10 0 0 0 0 0 0 -5.29202e-10 3.24106e-10
0.525475 -6.80612e-10 3.99969e-10 0 0 0 0 0 0 -6.80612e-10 3.99969e-10
0.525951 -8.26573e-10 4.65566e-10 0 0 0 0 0 0 -8.26573e-10 4.65566e-10
0.526428 -9.66925e-10 5.21357e-10 0 0 0 0 0 0 -9.66925e-10 5.21357e-10
0.526905 -1.10154e-09 5.6781e-10 0 0 0 0 0 0 -1.10154e-09 5.6781e-10
0.527382 -1.23031e-09 6.054e-10 0 0 0 0 0 0 -1.23031e-09 6.054e-10
0.527859 -1.35317e-09 6.34606e-10 0 0 0 0 0 0 -1.35317e-09 6.34606e-10
0.528336 -1.47006e-09 6.55906e-10 0 0 0 0 0 0 -1.47006e-09 6.55906e-10
0.528812 -1.58096e-09 6.6978e-10 0 0 0 0 0 0 -1.58096e-09 6.6978e-10
0.529289 -1.68587e-09 6.76701e-10 0 0 0 0 0 0 -1.68587e-09 6.76701e-10
0.529766 -1.7848e-09 6.77137e-10 0 0 0 0 0 0 -1.7848e-09 6.77137e-10
0.530243 -1.8778e-09 6.71549e-10 0 0 0 0 0 0 -1.8778e-09 6.71549e-10
0.53072 -1.96491e-09 6.60389e-10 0 0 0 0 0 0 -1.96491e-09 6.60389e-10
0.531197 -2.04622e-09 6.44097e-10 0 0 0 0 0 0 -2.04622e-09 6.44097e-10
0.531673 -2.12181e-09 6.231e-10 0 0 0 0 0 0 -2.12181e-09 6.231e-10
0.53215 -2.19177e-09 5.97814e-10 0 0 0 0 0 0 -2.19177e-09 5.97814e-10
0.532627 -2.25623e-09 5.6864e-10 0 0 0 0 0 0 -2.25623e-09 5.6864e-10
0.533104 -2.31531e-09 5.35963e-10 0 0 0 0 0 0 -2.31531e-09 5.35963e-10
0.533581 -2.36914e-09 5.00155e-10 0 0 0 0 0 0 -2.36914e-09 5.00155e-10
0.534058 -2.41787e-09 4.61569e-10 0 0 0 0 0 0 -2.41787e-09 4.61569e-10
0.534534 -2.46164e-09 4.20545e-10 0 0 0 0 0 0 -2.46164e-09 4.20545e-10
0.535011 -2.50061e-09 3.77404e-10 0 0 0 0 0 0 -2.50061e-09 3.77404e-10
0.535488 -2.53495e-09 3.32451e-10 0 0 0 0 0 0 -2.53495e-09 3.32451e-10
0.535965 -2.5648e-09 2.85976e-10 0 0 0 0 0 0 -2.5648e-09 2.85976e-10
0.536442 -2.59036e-09 2.38251e-10 0 0 0 0 0 0 -2.59036e-09 2.38251e-10
0.536919 -2.61177e-09 1.89531e-10 0 0 0 0 0 0 -2.61177e-09 1.89531e-10
0.537395 -2.62921e-09 1.40058e-10 0 0 0 0 0 0 -2.62921e-09 1.40058e-10
0.537872 -2.64286e-09 9.0054e-11 0 0 0 0 0 0 -2.64286e-09 9.0054e-11
0.538349 -2.65289e-09 3.97293e-11 0 0 0 0 0 0 -2.65289e-09 3.97293e-11
0.538826 -2.65946e-09 -1.07225e-11 0 0 0 0 0 0 -2.65946e-09 -1.07225e-11
0.539303 -2.66274e-09 -6.1122e-11 0 0 0 0 0 0 -2.66274e-09 -6.1122e-11
0.53978 -2.66291e-09 -1.11304e-10 0 0 0 0 0 0 -2.66291e-09 -1.11304e-10
0.540257 -2.66012e-09 -1.61117e-10 0 0 0 0 0 0 -2.66012e-09 -1.61117e-10
0.540733 -2.65454e-09 -2.10421e-10 0 0 0 0 0 0 -2.65454e-09 -2.10421e-10
0.54121 -2.64633e-09 -2.59091e-10 0 0 0 0 0 0 -2.64633e-09 -2.59091e-10
0.541687 -2.63563e-09 -3.07012e-10 0 0 0 0 0 0 -2.63563e-09 -3.07012e-10
0.542164 -2.62262e-09 -3.54082e-10 0 0 0 0 0 0 -2.62262e-09 -3.54082e-10
0.542641 -2.60742e-09 -4.00207e-10 0 0 0 0 0 0 -2.60742e-09 -4.00207e-10
0.543118 -2.59018e-09 -4.45307e-10 0 0 0 0 0 0 -2.59018e-09 -4.45307e-10
0.543594 -2.57105e-09 -4.89308e-10 0 0 0 0 0 0 -2.57105e-09 -4.89308e-10
0.544071 -2.55015e-09 -5.32149e-10 0 0 0 0 0 0 -2.55015e-09 -5.32149e-10
0.544548 -2.52762e-09 -5.73773e-10 0 0 0 0 0 0 -2.52762e-09 -5.73773e-10
0.545025 -2.50358e-09 -6.14135e-10 0 0 0 0 0 0 -2.50358e-09 -6.14135e-10
0.545502 -2.47816e-09 -6.53197e-10 0 0 0 0 0 0 -2.47816e-09 -6.53197e-10
0.545979 -2.45146e-09 -6.90925e-10 0 0 0 0 0 0 -2.45146e-09 -6.90925e-10
0.546455 -2.4236e-09 -7.27295e-10 0 0 0 0 0 0 -2.4236e-09 -7.27295e-10
0.546932 -2.39468e-09 -7.62288e-10 0 0 0 0 0 0 -2.39468e-09 -7.62288e-10
0.547409 -2.36482e-09 -7.95889e-10 0 0 0 0 0 0 -2.36482e-09 -7.95889e-10
0.547886 -2.33409e-09 -8.28092e-10 0 0 0 0 0 0 -2.33409e-09 -8.28092e-10
0.548363 -2.30261e-09 -8.58892e-10 0 0 0 0 0 0 -2.30261e-09 -8.58892e-10
0.54884 -2.27044e-09 -8.8829e-10 0 0 0 0 0 0 -2.27044e-09 -8.8829e-10
0.549316 -2.23769e-09 -9.16292e-10 0 0 0 0 0 0 -2.23769e-09 -9.16292e-10
0.549793 -2.20442e-09 -9.42905e-10 0 0 0 0 0 0 -2.20442e-09 -9.42905e-10
0.55027 -2.17071e-09 -9.68141e-10 0 0 0 0 0 0 -2.17071e-09 -9.68141e-10
0.550747 -2.13664e-09 -9.92016e-10 0 0 0 0 0 0 -2.13664e-09 -9.92016e-10
0.551224 -2.10227e-09 -1.01455e-09 0 0 0 0 0 0 -2.10227e-09 -1.01455e-09
0.551701 -2.06766e-09 -1.03575e-09 0 0 0 0 0 0 -2.06766e-09 -1.03575e-09
0.552177 -2.03288e-09 -1.05566e-09 0 0 0 0 0 0 -2.03288e-09 -1.05566e-09
0.552654 -1.99797e-09 -1.07429e-09 0 0 0 0 0 0 -1.99797e-09 -1.07429e-09
0.553131 -1.963e-09 -1.09166e-09 0 0 0 0 0 0 -1.963e-09 -1.09166e-09
0.553608 -1.92801e-09 -1.10782e-09 0 0 0 0 0 0 -1.92801e-09 -1.10782e-09
0.554085 -1.89305e-09 -1.12277e-09 0 0 0 0 0 0 -1.89305e-09 -1.12277e-09
0.554562 -1.85815e-09 -1.13656e-09 0 0 0 0 0 0 -1.85815e-09 -1.13656e-09
0.555038 -1.82337e-09 -1.14921e-09 0 0 0 0 0 0 -1.82337e-09 -1.14921e-09
0.555515 -1.78874e-09 -1.16076e-09 0 0 0 0 0 0 -1.78874e-09 -1.16076e-09
0.555992 -1.75428e-09 -1.17123e-09 0 0 0 0 0 0 -1.75428e-09 -1.17123e-09
0.556469 -1.72004e-09 -1.18066e-09 0 0 0 0 0 0 -1.72004e-09 -1.18066e-09
0.556946 -1.68604e-09 -1.18908e-09 0 0 0 0 0 0 -1.68604e-09 -1.18908e-09
0.557423 -1.65231e-09 -1.19652e-09 0 0 0 0 0 0 -1.65231e-09 -1.19652e-09
0.557899 -1.61888e-09 -1.20302e-09 0 0 0 0 0 0 -1.61888e-09 -1.20302e-09
0.558376 -1.58577e-09 -1.2086e-09 0 0 0 0 0 0 -1.58577e-09 -1.2086e-09
0.558853 -1.55299e-09 -1.2133e-09 0 0 0 0 0 0 -1.55299e-09 -1.2133e-09
0.55933 -1.52057e-09 -1.21716e-09 0 0 0 0 0 0 -1.52057e-09 -1.21716e-09
0.559807 -1.48852e-09 -1.2202e-09 0 0 0 0 0 0 -1.48852e-09 -1.2202e-09
0.560284 -1.45686e-09 -1.22245e-09 0 0 0 0 0 0 -1.45686e-09 -1.22245e-09
0.56076 -1.42561e-09 -1.22395e-09 0 0 0 0 0 0 -1.42561e-09 -1.22395e-09
0.561237 -1.39476e-09 -1.22472e-09 0 0 0 0 0 0 -1.39476e-09 -1.22472e-09
0.561714 -1.36435e-09 -1.22481e-09 0 0 0 0 0 0 -1.36435e-09 -1.22481e-09
0.562191 -1.33437e-09 -1.22422e-09 0 0 0 0 0 0 -1.33437e-09 -1.22422e-09
0.562668 -1.30483e-09 -1.22301e-09 0 0 0 0 0 0 -1.30483e-09 -1.22301e-09
0.563145 -1.27574e-09 -1.22118e-09 0 0 0 0 0 0 -1.27574e-09 -1.22118e-09
0.563622 -1.24711e-09 -1.21878e-09 0 0 0 0 0 0 -1.24711e-09 -1.21878e-09
0.564098 -1.21893e-09 -1.21582e-09 0 0 0 0 0 0 -1.21893e-09 -1.21582e-09
0.564575 -1.19122e-09 -1.21234e-09 0 0 0 0 0 0 -1.19122e-09 -1.21234e-09
0.565052 -1.16398e-09 -1.20836e-09 0 0 0 0 0 0 -1.16398e-09 -1.20836e-09
0.565529 -1.1372e-09 -1.20391e-09 0 0 0 0 0 0 -1.1372e-09 -1.20391e-09
0.566006 -1.1109e-09 -1.199e-09 0 0 0 0 0 0 -1.1109e-09 -1.199e-09
0.566483 -1.08506e-09 -1.19367e-09 0 0 0 0 0 0 -1.08506e-09 -1.19367e-09
0.566959 -1.0597e-09 -1.18793e-09 0 0 0 0 0 0 -1.0597e-09 -1.18793e-09
0.567436 -1.0348e-09 -1.18182e-09 0 0 0 0 0 0 -1.0348e-09 -1.18182e-09
0.567913 -1.01037e-09 -1.17534e-09 0 0 0 0 0 0 -1.01037e-09 -1.17534e-09
0.56839 -9.86406e-10 -1.16852e-09 0 0 0 0 0 0 -9.86406e-10 -1.16852e-09
0.568867 -9.62905e-10 -1.16139e-09 0 0 0 0 0 0 -9.62905e-10 -1.16139e-09
0.569344 -9.39862e-10 -1.15395e-09 0 0 0 0 0 0 -9.39862e-10 -1.15395e-09
0.56982 -9.17277e-10 -1.14624e-09 0 0 0 0 0 0 -9.17277e-10 -1.14624e-09
0.570297 -8.95143e-10 -1.13826e-09 0 0 0 0 0 0 -8.95143e-10 -1.13826e-09
0.570774 -8.73459e-10 -1.13004e-09 0 0 0 0 0 0 -8.73459e-10 -1.13004e-09
0.571251 -8.52218e-10 -1.12159e-09 0 0 0 0 0 0 -8.52218e-10 -1.12159e-09
0.571728 -8.31416e-10 -1.11293e-09 0 0 0 0 0 0 -8.31416e-10 -1.11293e-09
0.572205 -8.11049e-10 -1.10407e-09 0 0 0 0 0 0 -8.11049e-10 -1.10407e-09
0.572681 -7.9111e-10 -1.09504e-09 0 0 0 0 0 0 -7.9111e-10 -1.09504e-09
0.573158 -7.71595e-10 -1.08583e-09 0 0 0 0 0 0 -7.71595e-10 -1.08583e-09
0.573635 -7.52498e-10 -1.07647e-09 0 0 0 0 0 0 -7.52498e-10 -1.07647e-09
0.574112 -7.33814e-10 -1.06698e-09 0 0 0 0 0 0 -7.33814e-10 -1.06698e-09
0.574589 -7.15535e-10 -1.05735e-09 0 0 0 0 0 0 -7.15535e-10 -1.05735e-09
0.575066 -6.97657e-10 -1.04761e-09 0 0 0 0 0 0 -6.97657e-10 -1.04761e-09
0.575542 -6.80173e-10 -1.03777e-09 0 0 0 0 0 0 -6.80173e-10 -1.03777e-09
0.576019 -6.63077e-10 -1.02784e-09 0 0 0 0 0 0 -6.63077e-10 -1.02784e-09
0.576496 -6.46363e-10 -1.01783e-09 0 0 0 0 0 0 -6.46363e-10 -1.01783e-09
0.576973 -6.30023e-10 -1.00774e-09 0 0 0 0 0 0 -6.30023e-10 -1.00774e-09
0.57745 -6.14053e-10 -9.97597e-10 0 0 0 0 0 0 -6.14053e-10 -9.97597e-10
0.577927 -5.98446e-10 -9.874e-10 0 0 0 0 0 0 -5.98446e-10 -9.874e-10
0.578403 -5.83194e-10 -9.77159e-10 0 0 0 0 0 0 -5.83194e-10 -9.77159e-10
0.57888 -5.68292e-10 -9.66884e-10 0 0 0 0 0 0 -5.68292e-10 -9.66884e-10
0.579357 -5.53733e-10 -9.56583e-10 0 0 0 0 0 0 -5.53733e-10 -9.56583e-10
0.579834 -5.39512e-10 -9.46263e-10 0 0 0 0 0 0 -5.39512e-10 -9.46263e-10
0.580311 -5.2562e-10 -9.35932e-10 0 0 0 0 0 0 -5.2562e-10 -9.35932e-10
0.580788 -5.12053e-10 -9.25596e-10 0 0 0 0 0 0 -5.12053e-10 -9.25596e-10
0.581264 -4.98803e-10 -9.15262e-10 0 0 0 0 0 0 -4.98803e-10 -9.15262e-10
0.581741 -4.85865e-10 -9.04936e-10 0 0 0 0 0 0 -4.85865e-10 -9.04936e-10
0.582218 -4.73232e-10 -8.94624e-10 0 0 0 0 0 0 -4.73232e-10 -8.94624e-10
0.582695 -4.60899e-10 -8.84332e-10 0 0 0 0 0 0 -4.60899e-10 -8.84332e-10
0.583172 -4.48858e-10 -8.74064e-10 0 0 0 0 0 0 -4.48858e-10 -8.74064e-10
0.583649 -4.37104e-10 -8.63827e-10 0 0 0 0 0 0 -4.37104e-10 -8.63827e-10
0.584126 -4.25631e-10 -8.53624e-10 0 0 0 0 0 0 -4.25631e-10 -8.53624e-10
0.584602 -4.14432e-10 -8.4346e-10 0 0 0 0 0 0 -4.14432e-10 -8.4346e-10
0.585079 -4.03503e-10 -8.33339e-10 0 0 0 0 0 0 -4.03503e-10 -8.33339e-10
0.585556 -3.92838e-10 -8.23265e-10 0 0 0 0 0 0 -3.92838e-10 -8.23265e-10
0.586033 -3.8243e-10 -8.13242e-10 0 0 0 0 0 0 -3.8243e-10 -8.13242e-10
0.58651 -3.72274e-10 -8.03274e-10 0 0 0 0 0 0 -3.72274e-10 -8.03274e-10
0.586987 -3.62364e-10 -7.93363e-10 0 0 0 0 0 0 -3.62364e-10 -7.93363e-10
0.587463 -3.52696e-10 -7.83512e-10 0 0 0 0 0 0 -3.52696e-10 -7.83512e-10
0.58794 -3.43263e-10 -7.73725e-10 0 0 0 0 0 0 -3.43263e-10 -7.73725e-10
0.588417 -3.34061e-10 -7.64003e-10 0 0 0 0 0 0 -3.34061e-10 -7.64003e-10
0.588894 -3.25084e-10 -7.5435e-10 0 0 0 0 0 0 -3.25084e-10 -7.5435e-10
0.589371 -3.16328e-10 -7.44768e-10 0 0 0 0 0 0 -3.16328e-10 -7.44768e-10
0.589848 -3.07786e-10 -7.35258e-10 0 0 0 0 0 0 -3.07786e-10 -7.35258e-10
0.590324 -2.99455e-10 -7.25824e-10 0 0 0 0 0 0 -2.99455e-10 -7.25824e-10
0.590801 -2.91329e-10 -7.16465e-10 0 0 0 0 0 0 -2.91329e-10 -7.16465e-10
0.591278 -2.83404e-10 -7.07185e-10 0 0 0 0 0 0 -2.83404e-10 -7.07185e-10
0.591755 -2.75675e-10 -6.97985e-10 0 0 0 0 0 0 -2.75675e-10 -6.97985e-10
0.592232 -2.68137e-10 -6.88866e-10 0 0 0 0 0 0 -2.68137e-10 -6.88866e-10
0.592709 -2.60786e-10 -6.79829e-10 0 0 0 0 0 0 -2.60786e-10 -6.79829e-10
0.593185 -2.53618e-10 -6.70875e-10 0 0 0 0 0 0 -2.53618e-10 -6.70875e-10
0.593662 -2.46629e-10 -6.62006e-10 0 0 0 0 0 0 -2.46629e-10 -6.62006e-10
0.594139 -2.39813e-10 -6.53223e-10 0 0 0 0 0 0 -2.39813e-10 -6.53223e-10
0.594616 -2.33168e-10 -6.44525e-10 0 0 0 0 0 0 -2.33168e-10 -6.44525e-10
0.595093 -2.26688e-10 -6.35914e-10 0 0 0 0 0 0 -2.26688e-10 -6.35914e-10
0.59557 -2.20371e-10 -6.27391e-10 0 0 0 0 0 0 -2.20371e-10 -6.27391e-10
0.596046 -2.14212e-10 -6.18956e-10 0 0 0 0 0 0 -2.14212e-10 -6.18956e-10
0.596523 -2.08207e-10 -6.10609e-10 0 0 0 0 0 0 -2.08207e-10 -6.10609e-10
0.597 -2.02353e-10 -6.0235e-10 0 0 0 0 0 0 -2.02353e-10 -6.0235e-10
0.597477 -1.96646e-10 -5.94181e-10 0 0 0 0 0 0 -1.96646e-10 -5.94181e-10
0.597954 -1.91082e-10 -5.86101e-10 0 0 0 0 0 0 -1.91082e-10 -5.86101e-10
0.598431 -1.85658e-10 -5.7811e-10 0 0 0 0 0 0 -1.85658e-10 -5.7811e-10
0.598907 -1.80371e-10 -5.70209e-10 0 0 0 0 0 0 -1.80371e-10 -5.70209e-10
0.599384 -1.75218e-10 -5.62396e-10 0 0 0 0 0 0 -1.75218e-10 -5.62396e-10
