0.399828 4.47848e-11 9.86479e-12 2.27384e-10 1.53812e-09 -2.9991e-18 -1.4656e-17 2.58684e-09 1.38168e-08 2.63162e-09 1.38267e-08
0.400186 4.59758e-11 1.01572e-11 2.33514e-10 1.57467e-09 -3.13798e-18 -1.52775e-17 2.65657e-09 1.41449e-08 2.70255e-09 1.4155e-08
0.400543 4.72024e-11 1.04592e-11 2.39829e-10 1.61219e-09 -3.2838e-18 -1.59276e-17 2.72841e-09 1.44818e-08 2.77561e-09 1.44922e-08
0.400901 4.84658e-11 1.07712e-11 2.46335e-10 1.65072e-09 -3.43692e-18 -1.66077e-17 2.80241e-09 1.48277e-08 2.85088e-09 1.48384e-08
0.401258 4.97672e-11 1.10936e-11 2.53037e-10 1.69028e-09 -3.59774e-18 -1.73192e-17 2.87865e-09 1.51829e-08 2.92842e-09 1.5194e-08
0.401616 5.11078e-11 1.14267e-11 2.59943e-10 1.73092e-09 -3.76667e-18 -1.80638e-17 2.95721e-09 1.55477e-08 3.00832e-09 1.55591e-08
0.401974 5.24891e-11 1.17711e-11 2.67059e-10 1.77265e-09 -3.94416e-18 -1.8843e-17 3.03816e-09 1.59223e-08 3.09065e-09 1.59341e-08
0.402331 5.39123e-11 1.21269e-11 2.74393e-10 1.81552e-09 -4.13067e-18 -1.96587e-17 3.12159e-09 1.63072e-08 3.1755e-09 1.63193e-08
0.402689 5.53789e-11 1.24948e-11 2.81952e-10 1.85955e-09 -4.32668e-18 -2.05127e-17 3.20757e-09 1.67025e-08 3.26295e-09 1.6715e-08
0.403047 5.68903e-11 1.28751e-11 2.89743e-10 1.90479e-09 -4.53273e-18 -2.14068e-17 3.29619e-09 1.71086e-08 3.35309e-09 1.71215e-08
0.403404 5.84481e-11 1.32683e-11 2.97775e-10 1.95128e-09 -4.74935e-18 -2.23432e-17 3.38756e-09 1.75259e-08 3.446e-09 1.75392e-08
0.403762 6.00538e-11 1.36748e-11 3.06055e-10 1.99903e-09 -4.97714e-18 -2.3324e-17 3.48174e-09 1.79546e-08 3.5418e-09 1.79683e-08
0.404119 6.17092e-11 1.40953e-11 3.14592e-10 2.04811e-09 -5.2167e-18 -2.43514e-17 3.57886e-09 1.83951e-08 3.64057e-09 1.84092e-08
0.404477 6.34158e-11 1.45302e-11 3.23395e-10 2.09854e-09 -5.4687e-18 -2.54279e-17 3.67899e-09 1.88478e-08 3.74241e-09 1.88624e-08
0.404835 6.51755e-11 1.498e-11 3.32474e-10 2.15038e-09 -5.73382e-18 -2.65559e-17 3.78226e-09 1.93131e-08 3.84744e-09 1.93281e-08
0.405192 6.699e-11 1.54454e-11 3.41836e-10 2.20365e-09 -6.0128e-18 -2.77382e-17 3.88877e-09 1.97913e-08 3.95576e-09 1.98068e-08
0.40555 6.88614e-11 1.59268e-11 3.51494e-10 2.25842e-09 -6.30642e-18 -2.89775e-17 3.99862e-09 2.02829e-08 4.06748e-09 2.02988e-08
0.405908 7.07915e-11 1.6425e-11 3.61456e-10 2.31471e-09 -6.61549e-18 -3.02768e-17 4.11194e-09 2.07882e-08 4.18273e-09 2.08046e-08
0.406265 7.27825e-11 1.69406e-11 3.71733e-10 2.37259e-09 -6.9409e-18 -3.16392e-17 4.22884e-09 2.13077e-08 4.30163e-09 2.13246e-08
0.406623 7.48364e-11 1.74742e-11 3.82337e-10 2.43211e-09 -7.28356e-18 -3.30681e-17 4.34946e-09 2.18418e-08 4.4243e-09 2.18593e-08
0.406981 7.69555e-11 1.80265e-11 3.93278e-10 2.4933e-09 -7.64446e-18 -3.45669e-17 4.47392e-09 2.2391e-08 4.55088e-09 2.24091e-08
0.407338 7.9142e-11 1.85983e-11 4.04569e-10 2.55623e-09 -8.02464e-18 -3.61392e-17 4.60236e-09 2.29558e-08 4.6815e-09 2.29744e-08
0.407696 8.13983e-11 1.91904e-11 4.16223e-10 2.62095e-09 -8.42521e-18 -3.77891e-17 4.73492e-09 2.35367e-08 4.81632e-09 2.35559e-08
0.408053 8.3727e-11 1.98034e-11 4.28251e-10 2.68752e-09 -8.84733e-18 -3.95206e-17 4.87174e-09 2.41341e-08 4.95547e-09 2.41539e-08
0.408411 8.61306e-11 2.04383e-11 4.40668e-10 2.75599e-09 -9.29226e-18 -4.1338e-17 5.01298e-09 2.47487e-08 5.09911e-09 2.47691e-08
0.408769 8.86118e-11 2.10959e-11 4.53487e-10 2.82644e-09 -9.76131e-18 -4.3246e-17 5.1588e-09 2.53808e-08 5.24741e-09 2.54019e-08
0.409126 9.11733e-11 2.1777e-11 4.66722e-10 2.89891e-09 -1.02559e-17 -4.52494e-17 5.30935e-09 2.60312e-08 5.40052e-09 2.6053e-08
0.409484 9.38181e-11 2.24827e-11 4.80389e-10 2.97347e-09 -1.07775e-17 -4.73534e-17 5.46481e-09 2.67003e-08 5.55863e-09 2.67228e-08
0.409842 9.65492e-11 2.32139e-11 4.94503e-10 3.05021e-09 -1.13277e-17 -4.95633e-17 5.62536e-09 2.73889e-08 5.72191e-09 2.74121e-08
0.410199 9.93697e-11 2.39715e-11 5.0908e-10 3.12917e-09 -1.19081e-17 -5.1885e-17 5.79118e-09 2.80975e-08 5.89054e-09 2.81214e-08
0.410557 1.02283e-10 2.47568e-11 5.24138e-10 3.21044e-09 -1.25207e-17 -5.43245e-17 5.96245e-09 2.88267e-08 6.06474e-09 2.88515e-08
0.410914 1.05292e-10 2.55707e-11 5.39693e-10 3.29409e-09 -1.31672e-17 -5.68882e-17 6.13939e-09 2.95773e-08 6.24469e-09 2.96029e-08
0.411272 1.08401e-10 2.64145e-11 5.55763e-10 3.38019e-09 -1.38496e-17 -5.9583e-17 6.3222e-09 3.03499e-08 6.4306e-09 3.03764e-08
0.41163 1.11612e-10 2.72893e-11 5.72369e-10 3.46884e-09 -1.45703e-17 -6.24161e-17 6.51109e-09 3.11453e-08 6.6227e-09 3.11726e-08
0.411987 1.14931e-10 2.81965e-11 5.89529e-10 3.56011e-09 -1.53313e-17 -6.53951e-17 6.70629e-09 3.19642e-08 6.82122e-09 3.19924e-08
0.412345 1.18361e-10 2.91372e-11 6.07264e-10 3.65408e-09 -1.61352e-17 -6.85281e-17 6.90802e-09 3.28074e-08 7.02638e-09 3.28366e-08
0.412703 1.21906e-10 3.0113e-11 6.25595e-10 3.75086e-09 -1.69845e-17 -7.18238e-17 7.11654e-09 3.36757e-08 7.23845e-09 3.37058e-08
0.41306 1.25571e-10 3.11252e-11 6.44545e-10 3.85053e-09 -1.78821e-17 -7.52911e-17 7.33209e-09 3.45699e-08 7.45766e-09 3.4601e-08
0.413418 1.29359e-10 3.21753e-11 6.64136e-10 3.95318e-09 -1.88307e-17 -7.89397e-17 7.55494e-09 3.54908e-08 7.6843e-09 3.5523e-08
0.413775 1.33275e-10 3.3265e-11 6.84392e-10 4.05892e-09 -1.98337e-17 -8.27798e-17 7.78536e-09 3.64395e-08 7.91864e-09 3.64728e-08
0.414133 1.37326e-10 3.43958e-11 7.05339e-10 4.16785e-09 -2.08941e-17 -8.68222e-17 8.02363e-09 3.74167e-08 8.16096e-09 3.74511e-08
0.414491 1.41514e-10 3.55694e-11 7.27003e-10 4.28008e-09 -2.20158e-17 -9.10785e-17 8.27006e-09 3.84235e-08 8.41157e-09 3.84591e-08
0.414848 1.45846e-10 3.67878e-11 7.4941e-10 4.39572e-09 -2.32023e-17 -9.55608e-17 8.52494e-09 3.94609e-08 8.67079e-09 3.94977e-08
0.415206 1.50328e-10 3.80526e-11 7.72589e-10 4.51488e-09 -2.44577e-17 -1.00282e-16 8.78861e-09 4.05299e-08 8.93894e-09 4.05679e-08
0.415564 1.54964e-10 3.9366e-11 7.9657e-10 4.63769e-09 -2.57864e-17 -1.05256e-16 9.06139e-09 4.16315e-08 9.21635e-09 4.16709e-08
0.415921 1.59761e-10 4.07299e-11 8.21382e-10 4.76427e-09 -2.71929e-17 -1.10497e-16 9.34363e-09 4.27669e-08 9.5034e-09 4.28076e-08
0.416279 1.64725e-10 4.21465e-11 8.47058e-10 4.89475e-09 -2.8682e-17 -1.1602e-16 9.63571e-09 4.39372e-08 9.80043e-09 4.39794e-08
0.416636 1.69862e-10 4.36181e-11 8.73632e-10 5.02925e-09 -3.02591e-17 -1.21843e-16 9.93799e-09 4.51437e-08 1.01078e-08 4.51873e-08
0.416994 1.7518e-10 4.5147e-11 9.01137e-10 5.16793e-09 -3.19296e-17 -1.27982e-16 1.02509e-08 4.63875e-08 1.0426e-08 4.64327e-08
0.417352 1.80685e-10 4.67357e-11 9.29611e-10 5.31093e-09 -3.36995e-17 -1.34456e-16 1.05748e-08 4.76701e-08 1.07554e-08 4.77168e-08
0.417709 1.86384e-10 4.83867e-11 9.5909e-10 5.45838e-09 -3.55752e-17 -1.41284e-16 1.09101e-08 4.89926e-08 1.10965e-08 4.9041e-08
0.418067 1.92286e-10 5.01028e-11 9.89615e-10 5.61046e-09 -3.75634e-17 -1.48488e-16 1.12573e-08 5.03565e-08 1.14496e-08 5.04066e-08
0.418425 1.98398e-10 5.18867e-11 1.02122e-09 5.76732e-09 -3.96713e-17 -1.5609e-16 1.16169e-08 5.17632e-08 1.18153e-08 5.18151e-08
0.418782 2.04728e-10 5.37415e-11 1.05396e-09 5.92913e-09 -4.19068e-17 -1.64113e-16 1.19893e-08 5.32143e-08 1.2194e-08 5.32681e-08
0.41914 2.11286e-10 5.56702e-11 1.08788e-09 6.09606e-09 -4.4278e-17 -1.72583e-16 1.23751e-08 5.47113e-08 1.25864e-08 5.4767e-08
0.419497 2.18079e-10 5.76762e-11 1.12301e-09 6.2683e-09 -4.67938e-17 -1.81526e-16 1.27747e-08 5.62558e-08 1.29928e-08 5.63135e-08
0.419855 2.25119e-10 5.97628e-11 1.15941e-09 6.44603e-09 -4.94637e-17 -1.9097e-16 1.31888e-08 5.78496e-08 1.34139e-08 5.79093e-08
0.420213 2.32414e-10 6.19335e-11 1.19713e-09 6.62944e-09 -5.22977e-17 -2.00947e-16 1.36179e-08 5.94942e-08 1.38503e-08 5.95561e-08
0.42057 2.39974e-10 6.41923e-11 1.23622e-09 6.81874e-09 -5.53067e-17 -2.11488e-16 1.40626e-08 6.11916e-08 1.43025e-08 6.12558e-08
0.420928 2.47812e-10 6.65429e-11 1.27674e-09 7.01415e-09 -5.85023e-17 -2.22627e-16 1.45235e-08 6.29437e-08 1.47713e-08 6.30102e-08
0.421286 2.55937e-10 6.89895e-11 1.31875e-09 7.21587e-09 -6.18969e-17 -2.34401e-16 1.50013e-08 6.47524e-08 1.52572e-08 6.48213e-08
0.421643 2.64362e-10 7.15365e-11 1.3623e-09 7.42415e-09 -6.55038e-17 -2.4685e-16 1.54967e-08 6.66197e-08 1.57611e-08 6.66912e-08
0.422001 2.73099e-10 7.41883e-11 1.40745e-09 7.6392e-09 -6.93371e-17 -2.60014e-16 1.60104e-08 6.85477e-08 1.62835e-08 6.86219e-08
0.422359 2.82161e-10 7.69498e-11 1.45428e-09 7.86129e-09 -7.34122e-17 -2.73938e-16 1.65431e-08 7.05388e-08 1.68253e-08 7.06157e-08
0.422716 2.91561e-10 7.9826e-11 1.50286e-09 8.09067e-09 -7.77454e-17 -2.8867e-16 1.70957e-08 7.25951e-08 1.73872e-08 7.26749e-08
0.423074 3.01313e-10 8.28221e-11 1.55324e-09 8.32759e-09 -8.23541e-17 -3.04258e-16 1.76688e-08 7.4719e-08 1.79702e-08 7.48018e-08
0.423431 3.11432e-10 8.59436e-11 1.60552e-09 8.57235e-09 -8.72573e-17 -3.20758e-16 1.82635e-08 7.69131e-08 1.8575e-08 7.6999e-08
0.423789 3.21933e-10 8.91964e-11 1.65976e-09 8.82523e-09 -9.2475e-17 -3.38226e-16 1.88806e-08 7.91798e-08 1.92025e-08 7.9269e-08
0.424147 3.32832e-10 9.25865e-11 1.71606e-09 9.08653e-09 -9.80289e-17 -3.56723e-16 1.9521e-08 8.1522e-08 1.98538e-08 8.16146e-08
0.424504 3.44147e-10 9.61203e-11 1.77448e-09 9.35656e-09 -1.03942e-16 -3.76315e-16 2.01856e-08 8.39423e-08 2.05298e-08 8.40384e-08
0.424862 3.55894e-10 9.98046e-11 1.83513e-09 9.63564e-09 -1.1024e-16 -3.97072e-16 2.08756e-08 8.64437e-08 2.12315e-08 8.65435e-08
0.42522 3.68092e-10 1.03646e-10 1.8981e-09 9.92412e-09 -1.16948e-16 -4.19067e-16 2.15919e-08 8.90292e-08 2.196e-08 8.91328e-08
0.425577 3.8076e-10 1.07653e-10 1.96349e-09 1.02224e-08 -1.24097e-16 -4.4238e-16 2.23357e-08 9.1702e-08 2.27165e-08 9.18096e-08
0.425935 3.93919e-10 1.11833e-10 2.03139e-09 1.05307e-08 -1.31716e-16 -4.67097e-16 2.31082e-08 9.44653e-08 2.35021e-08 9.45771e-08
0.426292 4.07589e-10 1.16193e-10 2.10192e-09 1.08495e-08 -1.3984e-16 -4.93308e-16 2.39105e-08 9.73225e-08 2.43181e-08 9.74387e-08
0.42665 4.21792e-10 1.20744e-10 2.17519e-09 1.11793e-08 -1.48503e-16 -5.2111e-16 2.4744e-08 1.00277e-07 2.51658e-08 1.00398e-07
0.427008 4.36552e-10 1.25493e-10 2.25131e-09 1.15203e-08 -1.57744e-16 -5.50607e-16 2.561e-08 1.03333e-07 2.60466e-08 1.03459e-07
0.427365 4.51893e-10 1.3045e-10 2.33041e-09 1.18731e-08 -1.67605e-16 -5.81911e-16 2.65099e-08 1.06494e-07 2.69618e-08 1.06625e-07
0.427723 4.67841e-10 1.35626e-10 2.41262e-09 1.22381e-08 -1.78129e-16 -6.15139e-16 2.74451e-08 1.09764e-07 2.7913e-08 1.099e-07
0.428081 4.84421e-10 1.41031e-10 2.49807e-09 1.26157e-08 -1.89366e-16 -6.50419e-16 2.84173e-08 1.13148e-07 2.89017e-08 1.13289e-07
0.428438 5.01662e-10 1.46676e-10 2.5869e-09 1.30065e-08 -2.01366e-16 -6.87888e-16 2.94279e-08 1.16649e-07 2.99295e-08 1.16796e-07
0.428796 5.19593e-10 1.52573e-10 2.67927e-09 1.34109e-08 -2.14185e-16 -7.27692e-16 3.04787e-08 1.20272e-07 3.09983e-08 1.20425e-07
0.429153 5.38245e-10 1.58735e-10 2.77532e-09 1.38296e-08 -2.27884e-16 -7.69986e-16 3.15715e-08 1.24023e-07 3.21097e-08 1.24181e-07
0.429511 5.5765e-10 1.65174e-10 2.87523e-09 1.42629e-08 -2.42525e-16 -8.14939e-16 3.2708e-08 1.27905e-07 3.32657e-08 1.2807e-07
0.429869 5.77841e-10 1.71905e-10 2.97915e-09 1.47116e-08 -2.58181e-16 -8.62729e-16 3.38904e-08 1.31924e-07 3.44682e-08 1.32096e-07
0.430226 5.98855e-10 1.78942e-10 3.08727e-09 1.51763e-08 -2.74924e-16 -9.1355e-16 3.51205e-08 1.36086e-07 3.57193e-08 1.36265e-07
0.430584 6.20727e-10 1.863e-10 3.19978e-09 1.56575e-08 -2.92837e-16 -9.67607e-16 3.64005e-08 1.40396e-07 3.70212e-08 1.40582e-07
0.430942 6.43499e-10 1.93995e-10 3.31687e-09 1.61559e-08 -3.12007e-16 -1.02512e-15 3.77327e-08 1.44859e-07 3.83762e-08 1.45053e-07
0.431299 6.67209e-10 2.02045e-10 3.43876e-09 1.66722e-08 -3.32528e-16 -1.08633e-15 3.91193e-08 1.49483e-07 3.97865e-08 1.49685e-07
0.431657 6.91902e-10 2.10468e-10 3.56565e-09 1.72071e-08 -3.54503e-16 -1.1515e-15 4.0563e-08 1.54273e-07 4.12549e-08 1.54484e-07
0.432014 7.17622e-10 2.19282e-10 3.69777e-09 1.77613e-08 -3.78041e-16 -1.22088e-15 4.20662e-08 1.59237e-07 4.27838e-08 1.59456e-07
0.432372 7.44417e-10 2.28508e-10 3.83536e-09 1.83357e-08 -4.03263e-16 -1.29479e-15 4.36317e-08 1.6438e-07 4.43761e-08 1.64609e-07
0.43273 7.72337e-10 2.38167e-10 3.97868e-09 1.89311e-08 -4.30296e-16 -1.37353e-15 4.52622e-08 1.69711e-07 4.60346e-08 1.69949e-07
0.433087 8.01434e-10 2.48281e-10 4.12798e-09 1.95482e-08 -4.5928e-16 -1.45745e-15 4.69609e-08 1.75237e-07 4.77624e-08 1.75485e-07
0.433445 8.31763e-10 2.58874e-10 4.28354e-09 2.01881e-08 -4.90367e-16 -1.54691e-15 4.87309e-08 1.80965e-07 4.95627e-08 1.81224e-07
0.433803 8.63383e-10 2.69972e-10 4.44565e-09 2.08515e-08 -5.23719e-16 -1.6423e-15 5.05754e-08 1.86905e-07 5.14388e-08 1.87175e-07
0.43416 8.96354e-10 2.816e-10 4.61462e-09 2.15396e-08 -5.59512e-16 -1.74404e-15 5.2498e-08 1.93064e-07 5.33943e-08 1.93346e-07
0.434518 9.30741e-10 2.93786e-10 4.79077e-09 2.22532e-08 -5.9794e-16 -1.8526e-15 5.45022e-08 1.99452e-07 5.54329e-08 1.99746e-07
0.434875 9.6661e-10 3.06561e-10 4.97442e-09 2.29935e-08 -6.39208e-16 -1.96845e-15 5.65919e-08 2.06079e-07 5.75585e-08 2.06385e-07
0.435233 1.00403e-09 3.19955e-10 5.16595e-09 2.37616e-08 -6.83543e-16 -2.09213e-15 5.87711e-08 2.12953e-07 5.97752e-08 2.13273e-07
0.435591 1.04308e-09 3.34002e-10 5.36571e-09 2.45586e-08 -7.31187e-16 -2.22421e-15 6.10441e-08 2.20086e-07 6.20872e-08 2.2042e-07
0.435948 1.08384e-09 3.48737e-10 5.5741e-09 2.53857e-08 -7.82406e-16 -2.36529e-15 6.34154e-08 2.27488e-07 6.44992e-08 2.27836e-07
0.436306 1.12639e-09 3.64197e-10 5.79153e-09 2.62442e-08 -8.37486e-16 -2.51603e-15 6.58895e-08 2.3517e-07 6.70159e-08 2.35534e-07
0.436664 1.17082e-09 3.8042e-10 6.01843e-09 2.71354e-08 -8.96733e-16 -2.67721e-15 6.84714e-08 2.43145e-07 6.96422e-08 2.43525e-07
0.437021 1.21721e-09 3.9745e-10 6.25527e-09 2.80607e-08 -9.60497e-16 -2.84947e-15 7.11664e-08 2.51424e-07 7.23836e-08 2.51822e-07
0.437379 1.26567e-09 4.15329e-10 6.50251e-09 2.90216e-08 -1.02914e-15 -3.0337e-15 7.39798e-08 2.60021e-07 7.52455e-08 2.60436e-07
0.437737 1.3163e-09 4.34106e-10 6.76066e-09 3.00195e-08 -1.10306e-15 -3.23079e-15 7.69175e-08 2.68949e-07 7.82338e-08 2.69383e-07
0.438094 1.3692e-09 4.53829e-10 7.03025e-09 3.10561e-08 -1.1827e-15 -3.44169e-15 7.99854e-08 2.78222e-07 8.13546e-08 2.78675e-07
0.438452 1.42449e-09 4.74551e-10 7.31185e-09 3.2133e-08 -1.26852e-15 -3.66745e-15 8.319e-08 2.87854e-07 8.46144e-08 2.88329e-07
0.438809 1.48229e-09 4.96327e-10 7.60604e-09 3.3252e-08 -1.36104e-15 -3.9092e-15 8.65379e-08 2.97863e-07 8.80202e-08 2.98359e-07
0.439167 1.54272e-09 5.19218e-10 7.91345e-09 3.44148e-08 -1.46082e-15 -4.16813e-15 9.00362e-08 3.08263e-07 9.15789e-08 3.08782e-07
0.439525 1.60593e-09 5.43286e-10 8.23472e-09 3.56234e-08 -1.56847e-15 -4.44558e-15 9.36924e-08 3.19071e-07 9.52983e-08 3.19614e-07
0.439882 1.67204e-09 5.68597e-10 8.57054e-09 3.68797e-08 -1.68466e-15 -4.74294e-15 9.75143e-08 3.30306e-07 9.91863e-08 3.30874e-07
0.44024 1.7412e-09 5.95223e-10 8.92165e-09 3.81859e-08 -1.8101e-15 -5.06176e-15 1.0151e-07 3.41986e-07 1.03251e-07 3.42581e-07
0.440598 1.81358e-09 6.23239e-10 9.28881e-09 3.95442e-08 -1.94549e-15 -5.40372e-15 1.05689e-07 3.5413e-07 1.07502e-07 3.54753e-07
0.440955 1.88934e-09 6.52724e-10 9.67282e-09 4.09569e-08 -2.09188e-15 -5.77057e-15 1.10059e-07 3.66759e-07 1.11949e-07 3.67412e-07
0.441313 1.96865e-09 6.83764e-10 1.00745e-08 4.24263e-08 -2.25011e-15 -6.16426e-15 1.14632e-07 3.79895e-07 1.166e-07 3.80578e-07
0.44167 2.0517e-09 7.16449e-10 1.04949e-08 4.39549e-08 -2.4212e-15 -6.58692e-15 1.19416e-07 3.93559e-07 1.21467e-07 3.94276e-07
0.442028 2.13868e-09 7.50876e-10 1.09347e-08 4.55456e-08 -2.60629e-15 -7.04081e-15 1.24422e-07 4.07776e-07 1.26561e-07 4.08527e-07
0.442386 2.2298e-09 7.87145e-10 1.13952e-08 4.72009e-08 -2.80659e-15 -7.52841e-15 1.29663e-07 4.2257e-07 1.31893e-07 4.23357e-07
0.442743 2.32528e-09 8.25367e-10 1.18772e-08 4.89238e-08 -3.02344e-15 -8.05239e-15 1.3515e-07 4.37966e-07 1.37475e-07 4.38792e-07
0.443101 2.42534e-09 8.65656e-10 1.2382e-08 5.07174e-08 -3.25829e-15 -8.61568e-15 1.40896e-07 4.53993e-07 1.43321e-07 4.54859e-07
0.443459 2.53024e-09 9.08137e-10 1.29107e-08 5.25849e-08 -3.51276e-15 -9.22141e-15 1.46914e-07 4.70678e-07 1.49444e-07 4.71586e-07
0.443816 2.64023e-09 9.5294e-10 1.34646e-08 5.45296e-08 -3.78859e-15 -9.873e-15 1.53219e-07 4.88052e-07 1.55859e-07 4.89005e-07
0.444174 2.75558e-09 1.00021e-09 1.40449e-08 5.6555e-08 -4.08769e-15 -1.05742e-14 1.59825e-07 5.06145e-07 1.6258e-07 5.07145e-07
0.444531 2.87659e-09 1.05008e-09 1.4653e-08 5.86649e-08 -4.41216e-15 -1.1329e-14 1.66748e-07 5.24991e-07 1.69625e-07 5.26041e-07
0.444889 3.00356e-09 1.10273e-09 1.52905e-08 6.08632e-08 -4.76432e-15 -1.21418e-14 1.74005e-07 5.44624e-07 1.77009e-07 5.45726e-07
0.445247 3.13681e-09 1.15832e-09 1.59589e-08 6.31538e-08 -5.14666e-15 -1.30174e-14 1.81615e-07 5.6508e-07 1.84751e-07 5.66238e-07
0.445604 3.27669e-09 1.21702e-09 1.66598e-08 6.55412e-08 -5.56201e-15 -1.39609e-14 1.89594e-07 5.86397e-07 1.92871e-07 5.87614e-07
0.445962 3.42356e-09 1.27904e-09 1.7395e-08 6.80298e-08 -6.01333e-15 -1.4978e-14 1.97964e-07 6.08615e-07 2.01388e-07 6.09894e-07
0.44632 3.57782e-09 1.34458e-09 1.81662e-08 7.06242e-08 -6.50398e-15 -1.60748e-14 2.06745e-07 6.31777e-07 2.10323e-07 6.33121e-07
0.446677 3.73986e-09 1.41386e-09 1.89755e-08 7.33296e-08 -7.03762e-15 -1.7258e-14 2.15959e-07 6.55925e-07 2.19699e-07 6.57339e-07
0.447035 3.91013e-09 1.48711e-09 1.98249e-08 7.6151e-08 -7.61827e-15 -1.85349e-14 2.25631e-07 6.81107e-07 2.29541e-07 6.82594e-07
0.447392 4.08909e-09 1.56458e-09 2.07165e-08 7.9094e-08 -8.25037e-15 -1.99133e-14 2.35783e-07 7.0737e-07 2.39872e-07 7.08935e-07
0.44775 4.27722e-09 1.64655e-09 2.16527e-08 8.21643e-08 -8.93877e-15 -2.14019e-14 2.46444e-07 7.34766e-07 2.50721e-07 7.36413e-07
0.448108 4.47505e-09 1.7333e-09 2.2636e-08 8.53679e-08 -9.68882e-15 -2.301e-14 2.5764e-07 7.63349e-07 2.62115e-07 7.65082e-07
0.448465 4.68312e-09 1.82513e-09 2.36688e-08 8.87113e-08 -1.05064e-14 -2.4748e-14 2.69402e-07 7.93174e-07 2.74085e-07 7.94999e-07
0.448823 4.90203e-09 1.92237e-09 2.47539e-08 9.2201e-08 -1.13981e-14 -2.6627e-14 2.8176e-07 8.24301e-07 2.86662e-07 8.26224e-07
0.449181 5.13239e-09 2.02538e-09 2.58943e-08 9.58442e-08 -1.23709e-14 -2.86591e-14 2.94747e-07 8.56792e-07 2.9988e-07 8.58818e-07
0.449538 5.37488e-09 2.13453e-09 2.7093e-08 9.96481e-08 -1.34328e-14 -3.08577e-14 3.08399e-07 8.90713e-07 3.13774e-07 8.92847e-07
0.449896 5.63018e-09 2.25022e-09 2.83532e-08 1.03621e-07 -1.45926e-14 -3.32373e-14 3.22753e-07 9.26131e-07 3.28383e-07 9.28381e-07
0.450253 5.89905e-09 2.37288e-09 2.96785e-08 1.0777e-07 -1.58596e-14 -3.58138e-14 3.37848e-07 9.6312e-07 3.43747e-07 9.65492e-07
0.450611 6.18228e-09 2.50297e-09 3.10724e-08 1.12104e-07 -1.72447e-14 -3.86045e-14 3.53725e-07 1.00175e-06 3.59908e-07 1.00426e-06
0.450969 6.48073e-09 2.641e-09 3.25388e-08 1.16633e-07 -1.87595e-14 -4.16284e-14 3.7043e-07 1.04212e-06 3.76911e-07 1.04476e-06
0.451326 6.79528e-09 2.78748e-09 3.4082e-08 1.21366e-07 -2.04169e-14 -4.49061e-14 3.88008e-07 1.08429e-06 3.94804e-07 1.08707e-06
0.451684 7.1269e-09 2.943e-09 3.57061e-08 1.26313e-07 -2.22313e-14 -4.84604e-14 4.06511e-07 1.12836e-06 4.13638e-07 1.1313e-06
0.452042 7.4766e-09 3.10815e-09 3.74159e-08 1.31484e-07 -2.42185e-14 -5.2316e-14 4.2599e-07 1.17442e-06 4.33467e-07 1.17752e-06
0.452399 7.84548e-09 3.2836e-09 3.92162e-08 1.3689e-07 -2.6396e-14 -5.65001e-14 4.46502e-07 1.22256e-06 4.54348e-07 1.22585e-06
0.452757 8.23469e-09 3.47005e-09 4.11123e-08 1.42543e-07 -2.87832e-14 -6.10423e-14 4.68107e-07 1.27291e-06 4.76341e-07 1.27638e-06
0.453115 8.64545e-09 3.66826e-09 4.31098e-08 1.48456e-07 -3.14016e-14 -6.59752e-14 4.90867e-07 1.32555e-06 4.99512e-07 1.32921e-06
0.453472 9.07909e-09 3.87904e-09 4.52144e-08 1.54641e-07 -3.42751e-14 -7.13345e-14 5.14849e-07 1.3806e-06 5.23929e-07 1.38448e-06
0.45383 9.53701e-09 4.10327e-09 4.74324e-08 1.61112e-07 -3.74302e-14 -7.71591e-14 5.40126e-07 1.43818e-06 5.49663e-07 1.44229e-06
0.454187 1.00207e-08 4.34188e-09 4.97705e-08 1.67882e-07 -4.08961e-14 -8.3492e-14 5.66772e-07 1.49843e-06 5.76793e-07 1.50277e-06
0.454545 1.05317e-08 4.59589e-09 5.22356e-08 1.74968e-07 -4.47055e-14 -9.03801e-14 5.94868e-07 1.56146e-06 6.054e-07 1.56606e-06
0.454903 1.10718e-08 4.86638e-09 5.48352e-08 1.82384e-07 -4.88945e-14 -9.78749e-14 6.245e-07 1.62743e-06 6.35571e-07 1.63229e-06
0.45526 1.16428e-08 5.15453e-09 5.75773e-08 1.90148e-07 -5.35033e-14 -1.06033e-13 6.55757e-07 1.69647e-06 6.674e-07 1.70162e-06
0.455618 1.22466e-08 5.4616e-09 6.04703e-08 1.98277e-07 -5.85768e-14 -1.14916e-13 6.88736e-07 1.76873e-06 7.00983e-07 1.7742e-06
0.455976 1.28852e-08 5.78895e-09 6.35232e-08 2.0679e-07 -6.41645e-14 -1.24593e-13 7.2354e-07 1.84439e-06 7.36426e-07 1.85018e-06
0.456333 1.35609e-08 6.13804e-09 6.67453e-08 2.15704e-07 -7.0322e-14 -1.35137e-13 7.60278e-07 1.92361e-06 7.73839e-07 1.92975e-06
0.456691 1.42761e-08 6.51046e-09 7.01469e-08 2.25042e-07 -7.71109e-14 -1.46632e-13 7.99064e-07 2.00657e-06 8.1334e-07 2.01308e-06
0.457048 1.50332e-08 6.90791e-09 7.37386e-08 2.34825e-07 -8.45999e-14 -1.59167e-13 8.40022e-07 2.09346e-06 8.55055e-07 2.10037e-06
0.457406 1.58349e-08 7.33223e-09 7.75319e-08 2.45074e-07 -9.28655e-14 -1.72842e-13 8.83282e-07 2.18447e-06 8.99117e-07 2.1918e-06
0.457764 1.66842e-08 7.78541e-09 8.15389e-08 2.55814e-07 -1.01993e-13 -1.87766e-13 9.28982e-07 2.27981e-06 9.45666e-07 2.2876e-06
0.458121 1.75841e-08 8.26957e-09 8.57723e-08 2.6707e-07 -1.12079e-13 -2.04058e-13 9.77271e-07 2.37971e-06 9.94855e-07 2.38798e-06
0.458479 1.85378e-08 8.78705e-09 9.0246e-08 2.78868e-07 -1.23228e-13 -2.2185e-13 1.0283e-06 2.48438e-06 1.04684e-06 2.49317e-06
0.458837 1.95489e-08 9.34035e-09 9.49744e-08 2.91234e-07 -1.3556e-13 -2.41287e-13 1.08225e-06 2.59407e-06 1.1018e-06 2.60341e-06
0.459194 2.06213e-08 9.93215e-09 9.99729e-08 3.04199e-07 -1.49208e-13 -2.62529e-13 1.13928e-06 2.70903e-06 1.1599e-06 2.71896e-06
0.459552 2.17588e-08 1.05654e-08 1.05258e-07 3.17792e-07 -1.6432e-13 -2.8575e-13 1.19959e-06 2.82952e-06 1.22135e-06 2.84009e-06
0.459909 2.29658e-08 1.12433e-08 1.10847e-07 3.32045e-07 -1.81063e-13 -3.11144e-13 1.26337e-06 2.95583e-06 1.28634e-06 2.96707e-06
0.460267 2.42469e-08 1.19691e-08 1.16758e-07 3.46992e-07 -1.99622e-13 -3.38923e-13 1.33084e-06 3.08824e-06 1.35509e-06 3.1002e-06
0.460625 2.56072e-08 1.27467e-08 1.23012e-07 3.62668e-07 -2.20206e-13 -3.69321e-13 1.40222e-06 3.22705e-06 1.42783e-06 3.2398e-06
0.460982 2.70518e-08 1.35801e-08 1.29628e-07 3.79109e-07 -2.43048e-13 -4.02594e-13 1.47776e-06 3.37259e-06 1.50481e-06 3.38617e-06
0.46134 2.85864e-08 1.44735e-08 1.36629e-07 3.96354e-07 -2.6841e-13 -4.39025e-13 1.55769e-06 3.52519e-06 1.58628e-06 3.53967e-06
0.461698 3.02171e-08 1.54317e-08 1.44038e-07 4.14443e-07 -2.96585e-13 -4.78926e-13 1.64231e-06 3.6852e-06 1.67252e-06 3.70063e-06
0.462055 3.19505e-08 1.64598e-08 1.51881e-07 4.33419e-07 -3.27901e-13 -5.22638e-13 1.73188e-06 3.85298e-06 1.76383e-06 3.86944e-06
0.462413 3.37935e-08 1.75633e-08 1.60183e-07 4.53325e-07 -3.62729e-13 -5.70538e-13 1.82671e-06 4.02891e-06 1.8605e-06 4.04648e-06
0.46277 3.57536e-08 1.87483e-08 1.68972e-07 4.74207e-07 -4.01483e-13 -6.2304e-13 1.92713e-06 4.2134e-06 1.96288e-06 4.23215e-06
0.463128 3.78388e-08 2.00211e-08 1.78278e-07 4.96114e-07 -4.44628e-13 -6.806e-13 2.03347e-06 4.40685e-06 2.0713e-06 4.42687e-06
0.463486 4.00577e-08 2.1389e-08 1.88133e-07 5.19095e-07 -4.92687e-13 -7.43718e-13 2.14609e-06 4.60968e-06 2.18615e-06 4.63107e-06
0.463843 4.24195e-08 2.28596e-08 1.98568e-07 5.43203e-07 -5.46249e-13 -8.12944e-13 2.26537e-06 4.82237e-06 2.30779e-06 4.84522e-06
0.464201 4.49341e-08 2.44412e-08 2.0962e-07 5.68493e-07 -6.05974e-13 -8.88884e-13 2.39173e-06 5.04535e-06 2.43666e-06 5.06979e-06
0.464559 4.76122e-08 2.61428e-08 2.21325e-07 5.95019e-07 -6.72608e-13 -9.722e-13 2.52557e-06 5.27912e-06 2.57318e-06 5.30526e-06
0.464916 5.0465e-08 2.79743e-08 2.33721e-07 6.22841e-07 -7.46987e-13 -1.06362e-12 2.66736e-06 5.52417e-06 2.71782e-06 5.55214e-06
0.465274 5.35047e-08 2.99464e-08 2.4685e-07 6.5202e-07 -8.30053e-13 -1.16394e-12 2.81756e-06 5.78101e-06 2.87106e-06 5.81096e-06
0.465631 5.67444e-08 3.20707e-08 2.60756e-07 6.82617e-07 -9.22868e-13 -1.27405e-12 2.97667e-06 6.05018e-06 3.03342e-06 6.08225e-06
0.465989 6.01981e-08 3.43598e-08 2.75482e-07 7.14697e-07 -1.02663e-12 -1.39488e-12 3.14522e-06 6.3322e-06 3.20542e-06 6.36656e-06
0.466347 6.38809e-08 3.68275e-08 2.91077e-07 7.48326e-07 -1.14268e-12 -1.52751e-12 3.32376e-06 6.62765e-06 3.38764e-06 6.66448e-06
0.466704 6.78087e-08 3.94887e-08 3.07591e-07 7.83571e-07 -1.27253e-12 -1.67306e-12 3.51287e-06 6.93708e-06 3.58068e-06 6.97656e-06
0.467062 7.19989e-08 4.23598e-08 3.25075e-07 8.20502e-07 -1.4179e-12 -1.83279e-12 3.71315e-06 7.26106e-06 3.78515e-06 7.30342e-06
0.46742 7.647e-08 4.54583e-08 3.43583e-07 8.59189e-07 -1.58072e-12 -2.00806e-12 3.92523e-06 7.60018e-06 4.0017e-06 7.64563e-06
0.467777 8.12416e-08 4.88035e-08 3.63173e-07 8.99703e-07 -1.76315e-12 -2.20034e-12 4.14977e-06 7.95501e-06 4.23101e-06 8.00382e-06
0.468135 8.63351e-08 5.24165e-08 3.83902e-07 9.42116e-07 -1.96765e-12 -2.41126e-12 4.38745e-06 8.32615e-06 4.47378e-06 8.37857e-06
0.468493 9.17731e-08 5.632e-08 4.05831e-07 9.86498e-07 -2.19697e-12 -2.64254e-12 4.63898e-06 8.71417e-06 4.73075e-06 8.77049e-06
0.46885 9.75799e-08 6.05389e-08 4.29022e-07 1.03292e-06 -2.45422e-12 -2.89606e-12 4.90509e-06 9.11963e-06 5.00267e-06 9.18017e-06
0.469208 1.03781e-07 6.51003e-08 4.53539e-07 1.08146e-06 -2.74292e-12 -3.17385e-12 5.18653e-06 9.54308e-06 5.29031e-06 9.60818e-06
0.469565 1.10406e-07 7.00336e-08 4.79446e-07 1.13217e-06 -3.06702e-12 -3.47809e-12 5.48406e-06 9.98505e-06 5.59446e-06 1.00551e-05
0.469923 1.17482e-07 7.53709e-08 5.0681e-07 1.18512e-06 -3.43096e-12 -3.81109e-12 5.79846e-06 1.0446e-05 5.91594e-06 1.05214e-05
0.470281 1.25042e-07 8.1147e-08 5.35695e-07 1.24038e-06 -3.83977e-12 -4.17532e-12 6.13052e-06 1.09264e-05 6.25556e-06 1.10076e-05
0.470638 1.3312e-07 8.73999e-08 5.66168e-07 1.298e-06 -4.29909e-12 -4.57341e-12 6.48101e-06 1.14267e-05 6.61413e-06 1.15141e-05
0.470996 1.41752e-07 9.41711e-08 5.98292e-07 1.35803e-06 -4.81528e-12 -5.0081e-12 6.85072e-06 1.19471e-05 6.99247e-06 1.20413e-05
0.471354 1.50976e-07 1.01505e-07 6.3213e-07 1.42051e-06 -5.39548e-12 -5.48226e-12 7.2404e-06 1.2488e-05 7.39137e-06 1.25895e-05
0.471711 1.60833e-07 1.09452e-07 6.6774e-07 1.48547e-06 -6.04773e-12 -5.99887e-12 7.65076e-06 1.30493e-05 7.8116e-06 1.31587e-05
0.472069 1.71366e-07 1.18063e-07 7.05177e-07 1.55293e-06 -6.78105e-12 -6.56094e-12 8.0825e-06 1.36312e-05 8.25386e-06 1.37492e-05
0.472426 1.82621e-07 1.27398e-07 7.44488e-07 1.62289e-06 -7.60556e-12 -7.17152e-12 8.53621e-06 1.42334e-05 8.71883e-06 1.43608e-05
0.472784 1.94648e-07 1.37518e-07 7.85712e-07 1.69533e-06 -8.5326e-12 -7.83363e-12 9.01242e-06 1.48558e-05 9.20707e-06 1.49933e-05
0.473142 2.07497e-07 1.48492e-07 8.28878e-07 1.77023e-06 -9.57488e-12 -8.55015e-12 9.51155e-06 1.54976e-05 9.71905e-06 1.56461e-05
0.473499 2.21222e-07 1.60393e-07 8.74e-07 1.84751e-06 -1.07466e-11 -9.32374e-12 1.00339e-05 1.61583e-05 1.02551e-05 1.63186e-05
0.473857 2.35882e-07 1.73303e-07 9.21078e-07 1.92709e-06 -1.20635e-11 -1.01567e-11 1.05794e-05 1.68366e-05 1.08153e-05 1.70099e-05
0.474215 2.51535e-07 1.87306e-07 9.70089e-07 2.00883e-06 -1.35433e-11 -1.10509e-11 1.11482e-05 1.75313e-05 1.13997e-05 1.77186e-05
0.474572 2.68246e-07 2.02498e-07 1.02099e-06 2.09259e-06 -1.52056e-11 -1.20075e-11 1.17396e-05 1.82405e-05 1.20079e-05 1.8443e-05
0.47493 2.86079e-07 2.18978e-07 1.07369e-06 2.17814e-06 -1.7072e-11 -1.30266e-11 1.23531e-05 1.89621e-05 1.26391e-05 1.9181e-05
0.475287 3.05102e-07 2.36857e-07 1.12809e-06 2.26522e-06 -1.91666e-11 -1.41071e-11 1.29874e-05 1.96933e-05 1.32925e-05 1.99302e-05
0.475645 3.25385e-07 2.56251e-07 1.18402e-06 2.3535e-06 -2.15158e-11 -1.52464e-11 1.3641e-05 2.04309e-05 1.39664e-05 2.06872e-05
0.476003 3.47002e-07 2.77287e-07 1.24128e-06 2.44259e-06 -2.41484e-11 -1.64399e-11 1.43118e-05 2.1171e-05 1.46588e-05 2.14483e-05
0.47636 3.70026e-07 3.00101e-07 1.2996e-06 2.53201e-06 -2.70962e-11 -1.76802e-11 1.49969e-05 2.19089e-05 1.53669e-05 2.2209e-05
0.476718 3.94532e-07 3.24836e-07 1.35864e-06 2.62121e-06 -3.03936e-11 -1.8957e-11 1.56926e-05 2.2639e-05 1.60872e-05 2.29639e-05
0.477076 4.20596e-07 3.51647e-07 1.41797e-06 2.7095e-06 -3.40775e-11 -2.0256e-11 1.63946e-05 2.3355e-05 1.68152e-05 2.37066e-05
0.477433 4.48292e-07 3.80698e-07 1.47707e-06 2.79612e-06 -3.81879e-11 -2.15582e-11 1.70971e-05 2.40492e-05 1.75454e-05 2.44299e-05
0.477791 4.77694e-07 4.12162e-07 1.5353e-06 2.88013e-06 -4.27669e-11 -2.28387e-11 1.77934e-05 2.4713e-05 1.82711e-05 2.51252e-05
0.478148 5.08874e-07 4.46223e-07 1.5919e-06 2.9605e-06 -4.78589e-11 -2.4066e-11 1.84751e-05 2.53363e-05 1.8984e-05 2.57825e-05
0.478506 5.41896e-07 4.83073e-07 1.64595e-06 3.03599e-06 -5.35102e-11 -2.52002e-11 1.91322e-05 2.59076e-05 1.96741e-05 2.63906e-05
0.478864 5.76823e-07 5.22911e-07 1.69635e-06 3.10521e-06 -5.97679e-11 -2.6192e-11 1.97529e-05 2.64136e-05 2.03297e-05 2.69365e-05
0.479221 6.13708e-07 5.65944e-07 1.7418e-06 3.16656e-06 -6.66791e-11 -2.69806e-11 2.0323e-05 2.68393e-05 2.09367e-05 2.74052e-05
0.479579 6.52591e-07 6.12384e-07 1.78079e-06 3.2182e-06 -7.42896e-11 -2.74923e-11 2.08257e-05 2.71677e-05 2.14783e-05 2.77801e-05
0.479937 6.93504e-07 6.62447e-07 1.81152e-06 3.25809e-06 -8.26424e-11 -2.76385e-11 2.12417e-05 2.73796e-05 2.19352e-05 2.80421e-05
0.480294 7.36457e-07 7.16349e-07 1.83192e-06 3.28387e-06 -9.17751e-11 -2.73134e-11 2.15479e-05 2.74534e-05 2.22844e-05 2.81698e-05
0.480652 7.81443e-07 7.743e-07 1.83956e-06 3.29295e-06 -1.01718e-10 -2.63925e-11 2.17179e-05 2.73649e-05 2.24993e-05 2.81392e-05
0.481009 8.28429e-07 8.36506e-07 1.83166e-06 3.28239e-06 -1.12489e-10 -2.473e-11 2.17209e-05 2.70872e-05 2.25493e-05 2.79237e-05
0.481367 8.77354e-07 9.03158e-07 1.80501e-06 3.24892e-06 -1.24091e-10 -2.21572e-11 2.15214e-05 2.65902e-05 2.23988e-05 2.74934e-05
0.481725 9.28122e-07 9.74424e-07 1.75591e-06 3.18893e-06 -1.36508e-10 -1.84814e-11 2.1079e-05 2.5841e-05 2.20071e-05 2.68155e-05
0.482082 9.80594e-07 1.05045e-06 1.68019e-06 3.09843e-06 -1.49697e-10 -1.34843e-11 2.03472e-05 2.48033e-05 2.13278e-05 2.58538e-05
0.48244 1.03459e-06 1.13133e-06 1.57307e-06 2.97304e-06 -1.63582e-10 -6.92242e-12 1.92733e-05 2.34373e-05 2.03079e-05 2.45687e-05
0.482798 1.08986e-06 1.21711e-06 1.42917e-06 2.80798e-06 -1.78048e-10 1.4721e-12 1.77977e-05 2.16999e-05 1.88876e-05 2.29171e-05
0.483155 1.14611e-06 1.3078e-06 1.24244e-06 2.59806e-06 -1.92932e-10 1.19885e-11 1.58535e-05 1.95445e-05 1.69996e-05 2.08523e-05
0.483513 1.20298e-06 1.40327e-06 1.0061e-06 2.33769e-06 -2.08013e-10 2.49328e-11 1.33653e-05 1.69209e-05 1.45683e-05 1.83242e-05
0.483871 1.26e-06 1.50335e-06 7.12623e-07 2.02087e-06 -2.23008e-10 4.06201e-11 1.02498e-05 1.3776e-05 1.15098e-05 1.52794e-05
0.484228 1.31665e-06 1.6077e-06 3.53681e-07 1.64125e-06 -2.37556e-10 5.93636e-11 6.4144e-06 1.00535e-05 7.73105e-06 1.16612e-05
0.484586 1.3723e-06 1.71586e-06 -7.98667e-08 1.19214e-06 -2.51218e-10 8.14601e-11 1.75749e-06 5.69456e-06 3.12979e-06 7.41042e-06
0.484943 1.42622e-06 1.82718e-06 -5.97986e-07 6.66558e-07 -2.63466e-10 1.0717e-10 -3.83176e-06 6.38408e-07 -2.40554e-06 2.46559e-06
0.485301 1.47757e-06 1.94081e-06 -1.21145e-06 5.73286e-08 -2.73686e-10 1.36694e-10 -1.04732e-05 -5.17699e-06 -8.99565e-06 -3.23618e-06
0.485659 1.52539e-06 2.05565e-06 -1.93178e-06 -6.42844e-07 -2.81177e-10 1.70139e-10 -1.82954e-05 -1.1814e-05 -1.677e-05 -9.75831e-06
0.486016 1.56863e-06 2.17033e-06 -2.7712e-06 -1.44125e-06 -2.85163e-10 2.07487e-10 -2.74344e-05 -1.93339e-05 -2.58657e-05 -1.71636e-05
0.486374 1.60609e-06 2.28316e-06 -3.74248e-06 -2.34502e-06 -2.84811e-10 2.48551e-10 -3.80328e-05 -2.7796e-05 -3.64267e-05 -2.55129e-05
0.486732 1.63649e-06 2.39211e-06 -4.85878e-06 -3.36098e-06 -2.79263e-10 2.9293e-10 -5.02377e-05 -3.72553e-05 -4.86013e-05 -3.48632e-05
0.487089 1.65843e-06 2.49473e-06 -6.13343e-06 -4.4954e-06 -2.67679e-10 3.39958e-10 -6.41982e-05 -4.7761e-05 -6.25397e-05 -4.52663e-05
0.487447 1.67041e-06 2.58816e-06 -7.5796e-06 -5.75382e-06 -2.49298e-10 3.88662e-10 -8.00617e-05 -5.93541e-05 -7.83912e-05 -5.67659e-05
0.487804 1.67089e-06 2.66905e-06 -9.20995e-06 -7.14074e-06 -2.23523e-10 4.37715e-10 -9.79702e-05 -7.20649e-05 -9.62993e-05 -6.93959e-05
0.488162 1.65827e-06 2.73356e-06 -1.10361e-05 -8.65937e-06 -1.90012e-10 4.85403e-10 -0.000118055 -8.59109e-05 -0.000116397 -8.31773e-05
0.48852 1.63095e-06 2.77736e-06 -1.30683e-05 -1.03113e-05 -1.48805e-10 5.29615e-10 -0.000140431 -0.000100893 -0.0001388 -9.81158e-05
0.488877 1.58737e-06 2.79554e-06 -1.53144e-05 -1.20964e-05 -1.00457e-10 5.67851e-10 -0.000165188 -0.000116994 -0.000163601 -0.000114199
0.489235 1.52608e-06 2.78273e-06 -1.77795e-05 -1.4012e-05 -4.61811e-11 5.97271e-10 -0.000192386 -0.000134176 -0.00019086 -0.000131393
0.489593 1.44576e-06 2.73302e-06 -2.04649e-05 -1.60531e-05 1.19945e-11 6.14791e-10 -0.00022204 -0.000152374 -0.000220595 -0.000149641
0.48995 1.34537e-06 2.64008e-06 -2.33673e-05 -1.8212e-05 7.10925e-11 6.17232e-10 -0.000254118 -0.000171501 -0.000252773 -0.000168861
0.490308 1.22417e-06 2.49723e-06 -2.64778e-05 -2.04781e-05 1.27072e-10 6.01534e-10 -0.000288525 -0.000191439 -0.0002873 -0.000188942
0.490665 1.08182e-06 2.29752e-06 -2.9781e-05 -2.28374e-05 1.74766e-10 5.65039e-10 -0.000325091 -0.000212044 -0.00032401 -0.000209746
0.491023 9.18477e-07 2.03392e-06 -3.32542e-05 -2.52731e-05 2.07893e-10 5.05833e-10 -0.000363569 -0.00023314 -0.000362651 -0.000231106
0.491381 7.3491e-07 1.69945e-06 -3.68663e-05 -2.77651e-05 2.19168e-10 4.23146e-10 -0.000403615 -0.000254528 -0.00040288 -0.000252829
0.491738 5.32542e-07 1.28749e-06 -4.05769e-05 -3.02906e-05 2.00535e-10 3.17787e-10 -0.000444786 -0.000275982 -0.000444253 -0.000274695
0.492096 3.1355e-07 7.91966e-07 -4.43365e-05 -3.28242e-05 1.43554e-10 1.92568e-10 -0.000486533 -0.000297257 -0.000486219 -0.000296465
0.492454 8.09122e-08 2.07675e-07 -4.80854e-05 -3.53389e-05 3.99383e-11 5.26955e-11 -0.000528197 -0.000318092 -0.000528116 -0.000317884
0.492811 -1.61557e-07 -4.69374e-07 -5.17541e-05 -3.78062e-05 -1.17758e-10 -9.39483e-11 -0.000569009 -0.00033822 -0.00056917 -0.000338689
0.493169 -4.09213e-07 -1.24163e-06 -5.52642e-05 -4.01973e-05 -3.35312e-10 -2.36683e-10 -0.000608098 -0.000357377 -0.000608507 -0.000358618
0.493526 -6.56617e-07 -2.10966e-06 -5.85286e-05 -4.24842e-05 -6.15929e-10 -3.62136e-10 -0.000644501 -0.000375309 -0.000645157 -0.000377418
0.493884 -8.97624e-07 -3.07179e-06 -6.14538e-05 -4.46407e-05 -9.59316e-10 -4.54637e-10 -0.000677176 -0.000391787 -0.000678074 -0.000394858
0.494242 -1.12551e-06 -4.12382e-06 -6.39414e-05 -4.66435e-05 -1.36084e-09 -4.96932e-10 -0.000705032 -0.000406616 -0.000706158 -0.00041074
0.494599 -1.33315e-06 -5.25874e-06 -6.5891e-05 -4.84738e-05 -1.81084e-09 -4.71236e-10 -0.000726953 -0.000419647 -0.000728286 -0.000424906
0.494957 -1.51327e-06 -6.4666e-06 -6.72034e-05 -5.01176e-05 -2.29434e-09 -3.60591e-10 -0.000741834 -0.000430789 -0.000743347 -0.000437256
0.495315 -1.65867e-06 -7.73437e-06 -6.77843e-05 -5.15676e-05 -2.79101e-09 -1.50471e-10 -0.000748622 -0.000440014 -0.000750281 -0.000447749
0.495672 -1.7626e-06 -9.04603e-06 -6.75477e-05 -5.28231e-05 -3.27579e-09 1.69506e-10 -0.000746362 -0.000447367 -0.000748124 -0.000456413
0.49603 -1.819e-06 -1.03827e-05 -6.64208e-05 -5.38908e-05 -3.71998e-09 6.03906e-10 -0.000734236 -0.000452965 -0.000736055 -0.000463347
0.496387 -1.8229e-06 -1.1723e-05 -6.43472e-05 -5.47848e-05 -4.09287e-09 1.15004e-09 -0.000711616 -0.000456998 -0.000713438 -0.000468721
0.496745 -1.7707e-06 -1.30433e-05 -6.12914e-05 -5.55257e-05 -4.36385e-09 1.79698e-09 -0.000678099 -0.000459724 -0.00067987 -0.000472767
0.497103 -1.66045e-06 -1.43188e-05 -5.72417e-05 -5.61403e-05 -4.50485e-09 2.52517e-09 -0.000633551 -0.000461456 -0.000635211 -0.000475775
0.49746 -1.49211e-06 -1.55236e-05 -5.22125e-05 -5.66597e-05 -4.49281e-09 3.30686e-09 -0.000578128 -0.00046255 -0.00057962 -0.000478073
0.497818 -1.26764e-06 -1.66322e-05 -4.62466e-05 -5.71178e-05 -4.31214e-09 4.10732e-09 -0.000512299 -0.000463385 -0.000513567 -0.000480018
0.498176 -9.91112e-07 -1.76196e-05 -3.94149e-05 -5.75491e-05 -3.95664e-09 4.88692e-09 -0.00043685 -0.000464345 -0.000437841 -0.000481965
0.498533 -6.68632e-07 -1.84631e-05 -3.18161e-05 -5.79866e-05 -3.43083e-09 5.60382e-09 -0.000352872 -0.000465791 -0.000353541 -0.000484254
0.498891 -3.08219e-07 -1.91425e-05 -2.35742e-05 -5.84596e-05 -2.75043e-09 6.21718e-09 -0.000261744 -0.000468044 -0.000262052 -0.000487187
0.499249 8.04633e-08 -1.96409e-05 -1.48356e-05 -5.89913e-05 -1.94178e-09 6.69048e-09 -0.00016509 -0.000471361 -0.00016501 -0.000491002
0.499606 4.86445e-07 -1.99461e-05 -5.76424e-06 -5.95971e-05 -1.04042e-09 6.99463e-09 -6.47321e-05 -0.000475915 -6.42457e-05 -0.000495861
0.499964 8.97877e-07 -2.00502e-05 3.46366e-06 -6.02834e-05 -8.86552e-11 7.11056e-09 3.73715e-05 -0.000481786 3.82694e-05 -0.000501837
0.500321 1.30251e-06 -1.99507e-05 1.26657e-05 -6.10468e-05 8.67449e-10 7.0309e-09 0.000139193 -0.00048895 0.000140495 -0.000508901
0.500679 1.68818e-06 -1.96499e-05 2.16597e-05 -6.18735e-05 1.78151e-09 6.7607e-09 0.000238707 -0.000497277 0.000240395 -0.000516927
0.501037 2.04335e-06 -1.91555e-05 3.02703e-05 -6.27405e-05 2.61025e-09 6.31694e-09 0.000333964 -0.000506537 0.000336007 -0.000525692
0.501394 2.35755e-06 -1.84798e-05 3.83348e-05 -6.3616e-05 3.31667e-09 5.727e-09 0.000423155 -0.000516409 0.000425512 -0.000534889
0.501752 2.62179e-06 -1.76395e-05 4.57086e-05 -6.44617e-05 3.87254e-09 5.02624e-09 0.000504676 -0.000526503 0.000507298 -0.000544143
0.50211 2.82891e-06 -1.66547e-05 5.22703e-05 -6.52346e-05 4.26007e-09 4.25497e-09 0.000577177 -0.000536374 0.000580006 -0.000553029
0.502467 2.9738e-06 -1.55484e-05 5.7924e-05 -6.58896e-05 4.47266e-09 3.45511e-09 0.000639596 -0.000545549 0.00064257 -0.000561097
0.502825 3.05355e-06 -1.43454e-05 6.26023e-05 -6.63816e-05 4.51458e-09 2.66696e-09 0.000691188 -0.000553551 0.000694241 -0.000567897
0.503182 3.06742e-06 -1.30716e-05 6.62667e-05 -6.66683e-05 4.39983e-09 1.92639e-09 0.000731527 -0.000559925 0.000734594 -0.000572997
0.50354 3.01682e-06 -1.17528e-05 6.89073e-05 -6.67121e-05 4.15025e-09 1.26259e-09 0.000760506 -0.000564258 0.000763523 -0.000576011
0.503898 2.90508e-06 -1.04143e-05 7.05406e-05 -6.64824e-05 3.79321e-09 6.96722e-10 0.000778318 -0.000566197 0.000781223 -0.000576611
0.504255 2.7372e-06 -9.07983e-06 7.12078e-05 -6.59561e-05 3.35907e-09 2.41346e-10 0.000785421 -0.000565465 0.000788158 -0.000574545
0.504613 2.51958e-06 -7.77094e-06 7.09707e-05 -6.51194e-05 2.87875e-09 -9.93722e-11 0.000782507 -0.000561874 0.000785027 -0.000569645
0.504971 2.25964e-06 -6.50678e-06 6.9908e-05 -6.39676e-05 2.38151e-09 -3.28751e-10 0.000770456 -0.000555322 0.000772716 -0.000561829
0.505328 1.96548e-06 -5.30354e-06 6.81114e-05 -6.25051e-05 1.89323e-09 -4.5623e-10 0.000750288 -0.0005458 0.000752253 -0.000551103
0.505686 1.6455e-06 -4.17439e-06 6.56809e-05 -6.0745e-05 1.43519e-09 -4.95727e-10 0.000723117 -0.000533383 0.000724763 -0.000537558
0.506043 1.30813e-06 -3.12938e-06 6.27211e-05 -5.87077e-05 1.02345e-09 -4.6391e-10 0.000690108 -0.000518226 0.000691416 -0.000521355
0.506401 9.61501e-07 -2.17556e-06 5.93374e-05 -5.64204e-05 6.68636e-10 -3.78563e-10 0.000652431 -0.000500548 0.000653392 -0.000502723
0.506759 6.13216e-07 -1.31712e-06 5.56326e-05 -5.39151e-05 3.76278e-10 -2.57171e-10 0.000611229 -0.000480624 0.000611842 -0.000481941
0.507116 2.70157e-07 -5.55678e-07 5.17046e-05 -5.12275e-05 1.47408e-10 -1.15802e-10 0.000567587 -0.000458769 0.000567857 -0.000459325
0.507474 -6.16467e-08 1.09429e-07 4.76434e-05 -4.83955e-05 -2.06144e-11 3.16703e-11 0.000522505 -0.000435325 0.000522444 -0.000435216
0.507832 -3.77101e-07 6.80795e-07 4.35306e-05 -4.54578e-05 -1.33185e-10 1.74024e-10 0.000476886 -0.000410647 0.000476509 -0.000409966
0.508189 -6.72086e-07 1.16259e-06 3.94375e-05 -4.24526e-05 -1.97536e-10 3.02843e-10 0.000431519 -0.00038509 0.000430847 -0.000383927
0.508547 -9.43444e-07 1.5602e-06 3.54252e-05 -3.94167e-05 -2.21889e-10 4.1243e-10 0.000387079 -0.000359001 0.000386136 -0.000357441
0.508904 -1.18894e-06 1.8799e-06 3.15441e-05 -3.63843e-05 -2.14736e-10 4.99556e-10 0.000344124 -0.000332709 0.000342936 -0.000330829
0.509262 -1.40721e-06 2.12855e-06 2.78347e-05 -3.3387e-05 -1.84268e-10 5.63078e-10 0.0003031 -0.000306514 0.000301692 -0.000304386
0.50962 -1.59763e-06 2.31333e-06 2.43277e-05 -3.04525e-05 -1.37967e-10 6.03519e-10 0.000264343 -0.000280691 0.000262745 -0.000278377
0.509977 -1.76028e-06 2.44147e-06 2.10452e-05 -2.76049e-05 -8.23352e-11 6.22627e-10 0.000228095 -0.000255476 0.000226335 -0.000253034
0.510335 -1.89578e-06 2.52011e-06 1.80012e-05 -2.48642e-05 -2.27709e-11 6.22972e-10 0.00019451 -0.000231073 0.000192615 -0.000228552
0.510693 -2.00522e-06 2.55611e-06 1.52031e-05 -2.22469e-05 3.6465e-11 6.0758e-10 0.000163667 -0.000207648 0.000161661 -0.000205092
0.51105 -2.09004e-06 2.55595e-06 1.26524e-05 -1.97652e-05 9.21958e-11 5.79649e-10 0.000135577 -0.000185334 0.000133487 -0.000182778
0.511408 -2.15196e-06 2.52565e-06 1.03458e-05 -1.74283e-05 1.42223e-10 5.42311e-10 0.000110204 -0.00016423 0.000108052 -0.000161705
0.511765 -2.19285e-06 2.47071e-06 8.27624e-06 -1.52419e-05 1.85193e-10 4.98479e-10 8.74641e-05 -0.000144405 8.52713e-05 -0.000141934
0.512123 -2.21471e-06 2.39608e-06 6.43351e-06 -1.32088e-05 2.20442e-10 4.50736e-10 6.72436e-05 -0.0001259 6.50289e-05 -0.000123504
0.512481 -2.21957e-06 2.30617e-06 4.80533e-06 -1.13296e-05 2.47851e-10 4.01279e-10 4.94037e-05 -0.000108731 4.71841e-05 -0.000106425
0.512838 -2.20944e-06 2.20486e-06 3.37787e-06 -9.60239e-06 2.67707e-10 3.51907e-10 3.37893e-05 -9.28954e-05 3.15799e-05 -9.06906e-05
0.513196 -2.18629e-06 2.09549e-06 2.1364e-06 -8.02365e-06 2.80577e-10 3.04022e-10 2.02353e-05 -7.83706e-05 1.80491e-05 -7.62751e-05
0.513554 -2.15197e-06 1.98094e-06 1.06574e-06 -6.58839e-06 2.87206e-10 2.58666e-10 8.57213e-06 -6.51206e-05 6.42016e-06 -6.31397e-05
0.513911 -2.10826e-06 1.86361e-06 1.50681e-07 -5.2905e-06 2.88432e-10 2.16562e-10 -1.37013e-06 -5.30977e-05 -3.47839e-06 -5.12341e-05
0.514269 -2.05679e-06 1.74552e-06 -6.23691e-07 -4.12303e-06 2.85124e-10 1.78157e-10 -9.75789e-06 -4.22454e-05 -1.18147e-05 -4.04999e-05
0.514627 -1.99904e-06 1.62831e-06 -1.27178e-06 -3.07843e-06 2.78129e-10 1.43674e-10 -1.67516e-05 -3.2501e-05 -1.87506e-05 -3.08727e-05
0.514984 -1.93637e-06 1.51331e-06 -1.80728e-06 -2.14881e-06 2.68243e-10 1.13159e-10 -2.25038e-05 -2.37974e-05 -2.44401e-05 -2.22841e-05
0.515342 -1.87e-06 1.40154e-06 -2.24306e-06 -1.3261e-06 2.56188e-10 8.6523e-11 -2.71576e-05 -1.60652e-05 -2.90276e-05 -1.46636e-05
0.515699 -1.80098e-06 1.2938e-06 -2.5911e-06 -6.02221e-07 2.42601e-10 6.35773e-11 -3.08461e-05 -9.2339e-06 -3.26471e-05 -7.9401e-06
0.516057 -1.73026e-06 1.19067e-06 -2.86242e-06 3.07965e-08 2.2803e-10 4.40679e-11 -3.36919e-05 -3.23372e-06 -3.54222e-05 -2.04305e-06
0.516415 -1.65866e-06 1.09255e-06 -3.06711e-06 5.80704e-07 2.12934e-10 2.77001e-11 -3.58068e-05 2.00391e-06 -3.74655e-05 3.09646e-06
0.516772 -1.58687e-06 9.99696e-07 -3.21429e-06 1.05496e-06 1.9769e-10 1.41593e-11 -3.72922e-05 6.54532e-06 -3.8879e-05 7.54501e-06
0.51713 -1.51548e-06 9.12236e-07 -3.31221e-06 1.46067e-06 1.826e-10 3.12679e-12 -3.82392e-05 1.0454e-05 -3.97546e-05 1.13663e-05
0.517488 -1.44498e-06 8.30205e-07 -3.36823e-06 1.80454e-06 1.67896e-10 -5.70871e-12 -3.87294e-05 1.37903e-05 -4.01744e-05 1.46205e-05
0.517845 -1.37578e-06 7.53554e-07 -3.3889e-06 2.09287e-06 1.53753e-10 -1.26428e-11 -3.88354e-05 1.66109e-05 -4.02112e-05 1.73645e-05
0.518203 -1.30821e-06 6.82174e-07 -3.38003e-06 2.33151e-06 1.40295e-10 -1.79499e-11 -3.86213e-05 1.89689e-05 -3.99295e-05 1.96511e-05
0.51856 -1.24253e-06 6.15906e-07 -3.34671e-06 2.5259e-06 1.27605e-10 -2.18805e-11 -3.81432e-05 2.09136e-05 -3.93858e-05 2.15295e-05
0.518918 -1.17894e-06 5.54555e-07 -3.29341e-06 2.68103e-06 1.15733e-10 -2.46596e-11 -3.74506e-05 2.24905e-05 -3.86295e-05 2.30451e-05
0.519276 -1.11759e-06 4.97904e-07 -3.22402e-06 2.80149e-06 1.04699e-10 -2.64866e-11 -3.65862e-05 2.37415e-05 -3.77037e-05 2.42394e-05
0.519633 -1.05858e-06 4.45714e-07 -3.14189e-06 2.89143e-06 9.45032e-11 -2.75358e-11 -3.55869e-05 2.47048e-05 -3.66455e-05 2.51505e-05
0.519991 -1.00198e-06 3.9774e-07 -3.04994e-06 2.95467e-06 8.51299e-11 -2.79586e-11 -3.44847e-05 2.54154e-05 -3.54867e-05 2.58131e-05
0.520349 -9.47815e-07 3.53732e-07 -2.95065e-06 2.99464e-06 7.65507e-11 -2.78845e-11 -3.33068e-05 2.59048e-05 -3.42546e-05 2.62585e-05
0.520706 -8.96099e-07 3.13438e-07 -2.84612e-06 3.01442e-06 6.87285e-11 -2.74235e-11 -3.20763e-05 2.62017e-05 -3.29724e-05 2.65151e-05
0.521064 -8.46812e-07 2.76611e-07 -2.73816e-06 3.01679e-06 6.16209e-11 -2.6668e-11 -3.08129e-05 2.63317e-05 -3.16597e-05 2.66083e-05
0.521421 -7.99922e-07 2.43012e-07 -2.62827e-06 3.00425e-06 5.5182e-11 -2.56952e-11 -2.95328e-05 2.6318e-05 -3.03327e-05 2.6561e-05
0.521779 -7.55377e-07 2.12407e-07 -2.5177e-06 2.97901e-06 4.93642e-11 -2.45685e-11 -2.82498e-05 2.61812e-05 -2.90052e-05 2.63936e-05
0.522137 -7.13118e-07 1.84575e-07 -2.4075e-06 2.94305e-06 4.412e-11 -2.33397e-11 -2.6975e-05 2.59397e-05 -2.76881e-05 2.61243e-05
0.522494 -6.73075e-07 1.59304e-07 -2.29851e-06 2.89812e-06 3.94024e-11 -2.20507e-11 -2.57177e-05 2.56099e-05 -2.63908e-05 2.57692e-05
0.522852 -6.35173e-07 1.36393e-07 -2.19143e-06 2.84575e-06 3.51662e-11 -2.07348e-11 -2.44851e-05 2.52064e-05 -2.51203e-05 2.53428e-05
0.52321 -5.99329e-07 1.15653e-07 -2.08679e-06 2.78733e-06 3.13684e-11 -1.94182e-11 -2.32833e-05 2.47419e-05 -2.38826e-05 2.48575e-05
0.523567 -5.6546e-07 9.69081e-08 -1.98504e-06 2.72403e-06 2.79682e-11 -1.8121e-11 -2.21165e-05 2.42277e-05 -2.2682e-05 2.43246e-05
0.523925 -5.3348e-07 7.9992e-08 -1.88649e-06 2.65691e-06 2.49278e-11 -1.68585e-11 -2.09883e-05 2.36737e-05 -2.15218e-05 2.37537e-05
0.524282 -5.03302e-07 6.4751e-08 -1.79138e-06 2.58689e-06 2.22118e-11 -1.56419e-11 -1.99012e-05 2.30886e-05 -2.04045e-05 2.31534e-05
0.52464 -4.74842e-07 5.10418e-08 -1.6999e-06 2.51475e-06 1.9788e-11 -1.44789e-11 -1.88567e-05 2.248e-05 -1.93315e-05 2.25311e-05
0.524998 -4.48013e-07 3.87317e-08 -1.61213e-06 2.44118e-06 1.76264e-11 -1.33748e-11 -1.78558e-05 2.18544e-05 -1.83038e-05 2.18932e-05
0.525355 -4.22732e-07 2.76982e-08 -1.52814e-06 2.36677e-06 1.57e-11 -1.23324e-11 -1.68991e-05 2.12175e-05 -1.73218e-05 2.12452e-05
0.525713 -3.98918e-07 1.78281e-08 -1.44794e-06 2.29203e-06 1.39841e-11 -1.13533e-11 -1.59865e-05 2.05743e-05 -1.63854e-05 2.05921e-05
0.526071 -3.76492e-07 9.01723e-09 -1.3715e-06 2.21739e-06 1.24564e-11 -1.04373e-11 -1.51175e-05 1.99288e-05 -1.5494e-05 1.99378e-05
0.526428 -3.55378e-07 1.16966e-09 -1.29879e-06 2.14322e-06 1.10968e-11 -9.58353e-12 -1.42916e-05 1.92846e-05 -1.4647e-05 1.92858e-05
0.526786 -3.35503e-07 -5.80254e-09 -1.22972e-06 2.06983e-06 9.88698e-12 -8.7902e-12 -1.35078e-05 1.86449e-05 -1.38433e-05 1.86391e-05
0.527143 -3.16797e-07 -1.19801e-08 -1.16422e-06 1.99746e-06 8.81074e-12 -8.05507e-12 -1.27649e-05 1.80122e-05 -1.30817e-05 1.80002e-05
0.527501 -2.99192e-07 -1.74369e-08 -1.10217e-06 1.92634e-06 7.85345e-12 -7.37547e-12 -1.20618e-05 1.73885e-05 -1.2361e-05 1.73711e-05
0.527859 -2.82626e-07 -2.22405e-08 -1.04346e-06 1.85664e-06 7.00199e-12 -6.74852e-12 -1.13971e-05 1.67757e-05 -1.16797e-05 1.67534e-05
0.528216 -2.67036e-07 -2.64528e-08 -9.87984e-07 1.7885e-06 6.24469e-12 -6.1712e-12 -1.07693e-05 1.61751e-05 -1.10363e-05 1.61486e-05
0.528574 -2.52365e-07 -3.01301e-08 -9.35602e-07 1.72202e-06 5.57109e-12 -5.64043e-12 -1.0177e-05 1.55879e-05 -1.04293e-05 1.55578e-05
0.528932 -2.38559e-07 -3.33241e-08 -8.86192e-07 1.65728e-06 4.97189e-12 -5.15313e-12 -9.6186e-06 1.50151e-05 -9.85715e-06 1.49818e-05
0.529289 -2.25566e-07 -3.60816e-08 -8.39624e-07 1.59436e-06 4.4388e-12 -4.7063e-12 -9.09268e-06 1.44572e-05 -9.31824e-06 1.44212e-05
0.529647 -2.13337e-07 -3.84454e-08 -7.95769e-07 1.53329e-06 3.96443e-12 -4.29701e-12 -8.5977e-06 1.39149e-05 -8.81104e-06 1.38764e-05
0.530005 -2.01825e-07 -4.04544e-08 -7.54499e-07 1.47409e-06 3.54223e-12 -3.92245e-12 -8.13219e-06 1.33884e-05 -8.33402e-06 1.33479e-05
0.530362 -1.90988e-07 -4.21442e-08 -7.15689e-07 1.41679e-06 3.16637e-12 -3.57996e-12 -7.69468e-06 1.28779e-05 -7.88567e-06 1.28358e-05
0.53072 -1.80784e-07 -4.35468e-08 -6.79215e-07 1.36136e-06 2.83167e-12 -3.267e-12 -7.28374e-06 1.23836e-05 -7.46453e-06 1.23401e-05
0.531077 -1.71175e-07 -4.46916e-08 -6.44958e-07 1.30782e-06 2.53353e-12 -2.98121e-12 -6.898e-06 1.19055e-05 -7.06918e-06 1.18608e-05
0.531435 -1.62125e-07 -4.56052e-08 -6.128e-07 1.25613e-06 2.26787e-12 -2.72036e-12 -6.53612e-06 1.14433e-05 -6.69824e-06 1.13977e-05
0.531793 -1.53598e-07 -4.63117e-08 -5.82632e-07 1.20627e-06 2.03106e-12 -2.48236e-12 -6.1968e-06 1.0997e-05 -6.3504e-06 1.09507e-05
0.53215 -1.45565e-07 -4.6833e-08 -5.54343e-07 1.15822e-06 1.81989e-12 -2.26531e-12 -5.87882e-06 1.05664e-05 -6.02438e-06 1.05196e-05
0.532508 -1.37993e-07 -4.7189e-08 -5.27831e-07 1.11192e-06 1.63151e-12 -2.0674e-12 -5.58097e-06 1.01511e-05 -5.71896e-06 1.0104e-05
0.532866 -1.30856e-07 -4.73978e-08 -5.02997e-07 1.06735e-06 1.4634e-12 -1.887e-12 -5.30213e-06 9.75096e-06 -5.43299e-06 9.70357e-06
0.533223 -1.24126e-07 -4.74755e-08 -4.79745e-07 1.02445e-06 1.3133e-12 -1.72258e-12 -5.04121e-06 9.3655e-06 -5.16534e-06 9.31803e-06
0.533581 -1.17779e-07 -4.7437e-08 -4.57986e-07 9.83191e-07 1.17923e-12 -1.57275e-12 -4.79718e-06 8.9944e-06 -4.91496e-06 8.94696e-06
0.533938 -1.11792e-07 -4.72956e-08 -4.37633e-07 9.43516e-07 1.05941e-12 -1.43622e-12 -4.56905e-06 8.63727e-06 -4.68085e-06 8.58997e-06
0.534296 -1.06142e-07 -4.70635e-08 -4.18605e-07 9.05379e-07 9.52294e-13 -1.31181e-12 -4.3559e-06 8.29371e-06 -4.46204e-06 8.24665e-06
0.534654 -1.00809e-07 -4.67516e-08 -4.00824e-07 8.6873e-07 8.56478e-13 -1.19846e-12 -4.15684e-06 7.96332e-06 -4.25765e-06 7.91657e-06
0.535011 -9.5775e-08 -4.63697e-08 -3.84216e-07 8.33522e-07 7.70729e-13 -1.09517e-12 -3.97103e-06 7.64569e-06 -4.0668e-06 7.59932e-06
0.535369 -9.10205e-08 -4.59267e-08 -3.68712e-07 7.99704e-07 6.93952e-13 -1.00104e-12 -3.79767e-06 7.34039e-06 -3.88869e-06 7.29447e-06
0.535727 -8.65293e-08 -4.54307e-08 -3.54245e-07 7.67228e-07 6.25172e-13 -9.15254e-13 -3.63602e-06 7.04702e-06 -3.72255e-06 7.00159e-06
0.536084 -8.22856e-08 -4.4889e-08 -3.40754e-07 7.36046e-07 5.63527e-13 -8.37062e-13 -3.48537e-06 6.76515e-06 -3.56765e-06 6.72026e-06
0.536442 -7.82744e-08 -4.4308e-08 -3.28179e-07 7.06109e-07 5.08246e-13 -7.65781e-13 -3.34504e-06 6.49438e-06 -3.42332e-06 6.45008e-06
0.536799 -7.44821e-08 -4.36937e-08 -3.16464e-07 6.77372e-07 4.58646e-13 -7.00788e-13 -3.21441e-06 6.23431e-06 -3.2889e-06 6.19062e-06
0.537157 -7.08955e-08 -4.30513e-08 -3.05558e-07 6.49788e-07 4.14121e-13 -6.41519e-13 -3.09289e-06 5.98454e-06 -3.16378e-06 5.94149e-06
0.537515 -6.75026e-08 -4.23856e-08 -2.9541e-07 6.23314e-07 3.7413e-13 -5.87457e-13 -2.9799e-06 5.74468e-06 -3.0474e-06 5.70229e-06
0.537872 -6.42919e-08 -4.17008e-08 -2.85975e-07 5.97904e-07 3.38191e-13 -5.38133e-13 -2.87492e-06 5.51435e-06 -2.93921e-06 5.47265e-06
0.53823 -6.12527e-08 -4.10008e-08 -2.77207e-07 5.73518e-07 3.05877e-13 -4.93122e-13 -2.77746e-06 5.29319e-06 -2.83871e-06 5.25219e-06
0.538588 -5.8375e-08 -4.02889e-08 -2.69067e-07 5.50114e-07 2.76807e-13 -4.52036e-13 -2.68704e-06 5.08083e-06 -2.74541e-06 5.04054e-06
0.538945 -5.56494e-08 -3.95683e-08 -2.61513e-07 5.27653e-07 2.5064e-13 -4.14522e-13 -2.60322e-06 4.87693e-06 -2.65887e-06 4.83736e-06
0.539303 -5.3067e-08 -3.88416e-08 -2.54511e-07 5.06095e-07 2.27074e-13 -3.8026e-13 -2.52559e-06 4.68115e-06 -2.57866e-06 4.64231e-06
0.53966 -5.06197e-08 -3.81113e-08 -2.48025e-07 4.85405e-07 2.05839e-13 -3.48959e-13 -2.45376e-06 4.49316e-06 -2.50438e-06 4.45505e-06
0.540018 -4.82995e-08 -3.73795e-08 -2.42023e-07 4.65545e-07 1.86693e-13 -3.20355e-13 -2.38737e-06 4.31265e-06 -2.43567e-06 4.27527e-06
0.540376 -4.60993e-08 -3.66481e-08 -2.36475e-07 4.46482e-07 1.69423e-13 -2.94206e-13 -2.32605e-06 4.1393e-06 -2.37215e-06 4.10266e-06
0.540733 -4.40122e-08 -3.59189e-08 -2.31351e-07 4.28183e-07 1.53835e-13 -2.70295e-13 -2.2695e-06 3.97284e-06 -2.31352e-06 3.93692e-06
0.541091 -4.20319e-08 -3.51933e-08 -2.26625e-07 4.10615e-07 1.39758e-13 -2.48423e-13 -2.21741e-06 3.81297e-06 -2.25944e-06 3.77777e-06
0.541449 -4.01522e-08 -3.44727e-08 -2.22271e-07 3.93748e-07 1.27039e-13 -2.28409e-13 -2.16949e-06 3.65942e-06 -2.20964e-06 3.62495e-06
0.541806 -3.83675e-08 -3.37581e-08 -2.18266e-07 3.77552e-07 1.1554e-13 -2.10089e-13 -2.12547e-06 3.51193e-06 -2.16384e-06 3.47817e-06
0.542164 -3.66725e-08 -3.30506e-08 -2.14586e-07 3.61999e-07 1.05139e-13 -1.93313e-13 -2.0851e-06 3.37025e-06 -2.12178e-06 3.3372e-06
0.542521 -3.50623e-08 -3.23511e-08 -2.11212e-07 3.47062e-07 9.57263e-14 -1.77947e-13 -2.04815e-06 3.23413e-06 -2.08321e-06 3.20178e-06
0.542879 -3.3532e-08 -3.16603e-08 -2.08122e-07 3.32715e-07 8.72027e-14 -1.63867e-13 -2.01438e-06 3.10335e-06 -2.04791e-06 3.07169e-06
0.543237 -3.20774e-08 -3.09789e-08 -2.05299e-07 3.18932e-07 7.94805e-14 -1.50961e-13 -1.98359e-06 2.97768e-06 -2.01567e-06 2.9467e-06
0.543594 -3.06943e-08 -3.03074e-08 -2.02725e-07 3.0569e-07 7.24804e-14 -1.39125e-13 -1.95558e-06 2.8569e-06 -1.98628e-06 2.82659e-06
0.543952 -2.93787e-08 -2.96462e-08 -2.00384e-07 2.92966e-07 6.61317e-14 -1.28269e-13 -1.93018e-06 2.74082e-06 -1.95956e-06 2.71117e-06
0.54431 -2.81271e-08 -2.89958e-08 -1.98259e-07 2.80737e-07 6.03705e-14 -1.18306e-13 -1.90719e-06 2.62922e-06 -1.93532e-06 2.60023e-06
0.544667 -2.69359e-08 -2.83564e-08 -1.96337e-07 2.68984e-07 5.514e-14 -1.0916e-13 -1.88647e-06 2.52194e-06 -1.91341e-06 2.49358e-06
0.545025 -2.58019e-08 -2.77283e-08 -1.94604e-07 2.57685e-07 5.03885e-14 -1.00761e-13 -1.86786e-06 2.41878e-06 -1.89366e-06 2.39105e-06
0.545382 -2.4722e-08 -2.71117e-08 -1.93048e-07 2.46822e-07 4.60701e-14 -9.30442e-14 -1.85121e-06 2.31957e-06 -1.87594e-06 2.29246e-06
0.54574 -2.36935e-08 -2.65067e-08 -1.91655e-07 2.36375e-07 4.21432e-14 -8.59526e-14 -1.8364e-06 2.22415e-06 -1.86009e-06 2.19764e-06
0.546098 -2.27135e-08 -2.59135e-08 -1.90414e-07 2.26328e-07 3.85705e-14 -7.94327e-14 -1.82328e-06 2.13236e-06 -1.846e-06 2.10645e-06
0.546455 -2.17795e-08 -2.53321e-08 -1.89316e-07 2.16664e-07 3.53183e-14 -7.3436e-14 -1.81175e-06 2.04405e-06 -1.83353e-06 2.01871e-06
0.546813 -2.0889e-08 -2.47624e-08 -1.8835e-07 2.07366e-07 3.23565e-14 -6.79186e-14 -1.80169e-06 1.95906e-06 -1.82258e-06 1.9343e-06
0.547171 -2.00399e-08 -2.42045e-08 -1.87507e-07 1.98418e-07 2.96576e-14 -6.28401e-14 -1.793e-06 1.87728e-06 -1.81304e-06 1.85307e-06
0.547528 -1.923e-08 -2.36584e-08 -1.86778e-07 1.89807e-07 2.71972e-14 -5.81639e-14 -1.78558e-06 1.79855e-06 -1.80481e-06 1.77489e-06
0.547886 -1.84573e-08 -2.3124e-08 -1.86154e-07 1.81519e-07 2.4953e-14 -5.38565e-14 -1.77933e-06 1.72276e-06 -1.79778e-06 1.69963e-06
0.548244 -1.77198e-08 -2.26012e-08 -1.85628e-07 1.73539e-07 2.2905e-14 -4.98873e-14 -1.77417e-06 1.64978e-06 -1.79189e-06 1.62717e-06
0.548601 -1.70158e-08 -2.20899e-08 -1.85193e-07 1.65854e-07 2.10352e-14 -4.62283e-14 -1.77001e-06 1.57949e-06 -1.78703e-06 1.5574e-06
0.548959 -1.63435e-08 -2.159e-08 -1.84841e-07 1.58454e-07 1.93272e-14 -4.2854e-14 -1.76679e-06 1.51179e-06 -1.78313e-06 1.4902e-06
0.549316 -1.57014e-08 -2.11013e-08 -1.84566e-07 1.51324e-07 1.77662e-14 -3.97411e-14 -1.76442e-06 1.44657e-06 -1.78012e-06 1.42547e-06
0.549674 -1.5088e-08 -2.06237e-08 -1.84362e-07 1.44456e-07 1.63389e-14 -3.68683e-14 -1.76284e-06 1.38373e-06 -1.77793e-06 1.3631e-06
0.550032 -1.45017e-08 -2.0157e-08 -1.84223e-07 1.37837e-07 1.50333e-14 -3.42159e-14 -1.76199e-06 1.32316e-06 -1.77649e-06 1.303e-06
0.550389 -1.39413e-08 -1.97011e-08 -1.84145e-07 1.31458e-07 1.38383e-14 -3.17663e-14 -1.7618e-06 1.26478e-06 -1.77575e-06 1.24508e-06
0.550747 -1.34055e-08 -1.92559e-08 -1.84121e-07 1.25308e-07 1.27441e-14 -2.9503e-14 -1.76223e-06 1.2085e-06 -1.77563e-06 1.18925e-06
0.551105 -1.28931e-08 -1.8821e-08 -1.84147e-07 1.19378e-07 1.17417e-14 -2.74111e-14 -1.76321e-06 1.15423e-06 -1.7761e-06 1.13541e-06
0.551462 -1.24029e-08 -1.83963e-08 -1.84219e-07 1.1366e-07 1.0823e-14 -2.54769e-14 -1.76469e-06 1.1019e-06 -1.7771e-06 1.0835e-06
0.55182 -1.19339e-08 -1.79817e-08 -1.84332e-07 1.08144e-07 9.98063e-15 -2.36878e-14 -1.76664e-06 1.05141e-06 -1.77857e-06 1.03343e-06
0.552177 -1.1485e-08 -1.7577e-08 -1.84483e-07 1.02823e-07 9.20787e-15 -2.20324e-14 -1.769e-06 1.00271e-06 -1.78049e-06 9.8513e-07
0.552535 -1.10553e-08 -1.71819e-08 -1.84668e-07 9.76881e-08 8.49864e-15 -2.05001e-14 -1.77174e-06 9.55708e-07 -1.7828e-06 9.38526e-07
0.552893 -1.06438e-08 -1.67963e-08 -1.84883e-07 9.27324e-08 7.84743e-15 -1.90812e-14 -1.77482e-06 9.10349e-07 -1.78546e-06 8.93553e-07
0.55325 -1.02497e-08 -1.64199e-08 -1.85124e-07 8.79485e-08 7.24923e-15 -1.77668e-14 -1.7782e-06 8.66564e-07 -1.78845e-06 8.50144e-07
0.553608 -9.87209e-09 -1.60526e-08 -1.8539e-07 8.33297e-08 6.69948e-15 -1.65488e-14 -1.78184e-06 8.2429e-07 -1.79171e-06 8.08237e-07
0.553966 -9.51029e-09 -1.56942e-08 -1.85677e-07 7.88693e-08 6.19403e-15 -1.54198e-14 -1.78571e-06 7.83468e-07 -1.79522e-06 7.67774e-07
0.554323 -9.16352e-09 -1.53444e-08 -1.85982e-07 7.4561e-08 5.7291e-15 -1.43728e-14 -1.78979e-06 7.4404e-07 -1.79896e-06 7.28695e-07
0.554681 -8.83108e-09 -1.50031e-08 -1.86303e-07 7.03988e-08 5.30127e-15 -1.34016e-14 -1.79405e-06 7.05952e-07 -1.80288e-06 6.90948e-07
0.555038 -8.51231e-09 -1.46701e-08 -1.86637e-07 6.63769e-08 4.90737e-15 -1.25003e-14 -1.79845e-06 6.6915e-07 -1.80697e-06 6.5448e-07
0.555396 -8.20657e-09 -1.43452e-08 -1.86982e-07 6.24899e-08 4.54462e-15 -1.16636e-14 -1.80298e-06 6.33586e-07 -1.81119e-06 6.19241e-07
0.555754 -7.91326e-09 -1.40282e-08 -1.87336e-07 5.87324e-08 4.21038e-15 -1.08866e-14 -1.80761e-06 5.99211e-07 -1.81553e-06 5.85183e-07
0.556111 -7.63183e-09 -1.37189e-08 -1.87697e-07 5.50994e-08 3.90229e-15 -1.01648e-14 -1.81232e-06 5.65979e-07 -1.81995e-06 5.5226e-07
0.556469 -7.36172e-09 -1.34172e-08 -1.88063e-07 5.15861e-08 3.61817e-15 -9.49407e-15 -1.81709e-06 5.33846e-07 -1.82445e-06 5.20429e-07
0.556827 -7.10242e-09 -1.31228e-08 -1.88433e-07 4.81879e-08 3.35606e-15 -8.87054e-15 -1.82189e-06 5.02769e-07 -1.82899e-06 4.89646e-07
0.557184 -6.85346e-09 -1.28356e-08 -1.88804e-07 4.49002e-08 3.11415e-15 -8.2907e-15 -1.82672e-06 4.72709e-07 -1.83357e-06 4.59873e-07
0.557542 -6.61436e-09 -1.25553e-08 -1.89175e-07 4.17189e-08 2.8908e-15 -7.75132e-15 -1.83154e-06 4.43626e-07 -1.83816e-06 4.31071e-07
0.557899 -6.38469e-09 -1.22819e-08 -1.89544e-07 3.864e-08 2.68449e-15 -7.24938e-15 -1.83636e-06 4.15483e-07 -1.84274e-06 4.03202e-07
0.558257 -6.16403e-09 -1.20152e-08 -1.89911e-07 3.56594e-08 2.49385e-15 -6.78215e-15 -1.84115e-06 3.88246e-07 -1.84731e-06 3.76231e-07
0.558615 -5.95198e-09 -1.17549e-08 -1.90274e-07 3.27735e-08 2.31762e-15 -6.34707e-15 -1.84589e-06 3.61879e-07 -1.85184e-06 3.50124e-07
0.558972 -5.74817e-09 -1.1501e-08 -1.90631e-07 2.99786e-08 2.15465e-15 -5.94179e-15 -1.85058e-06 3.3635e-07 -1.85633e-06 3.24849e-07
0.55933 -5.55223e-09 -1.12533e-08 -1.90982e-07 2.72715e-08 2.00388e-15 -5.56416e-15 -1.8552e-06 3.11628e-07 -1.86076e-06 3.00374e-07
0.559688 -5.36383e-09 -1.10115e-08 -1.91326e-07 2.46487e-08 1.86442e-15 -5.21213e-15 -1.85975e-06 2.87682e-07 -1.86511e-06 2.7667e-07
0.560045 -5.18263e-09 -1.07757e-08 -1.91661e-07 2.21072e-08 1.73523e-15 -4.88393e-15 -1.8642e-06 2.64484e-07 -1.86938e-06 2.53709e-07
0.560403 -5.00833e-09 -1.05455e-08 -1.91987e-07 1.96439e-08 1.61556e-15 -4.57781e-15 -1.86855e-06 2.42007e-07 -1.87356e-06 2.31461e-07
0.56076 -4.84063e-09 -1.03209e-08 -1.92302e-07 1.72559e-08 1.50469e-15 -4.29219e-15 -1.8728e-06 2.20223e-07 -1.87764e-06 2.09903e-07
0.561118 -4.67925e-09 -1.01017e-08 -1.92607e-07 1.49405e-08 1.40192e-15 -4.02563e-15 -1.87692e-06 1.99108e-07 -1.8816e-06 1.89007e-07
0.561476 -4.52393e-09 -9.88781e-09 -1.92899e-07 1.26949e-08 1.30663e-15 -3.77676e-15 -1.88092e-06 1.78637e-07 -1.88544e-06 1.68749e-07
0.561833 -4.3744e-09 -9.67907e-09 -1.93179e-07 1.05167e-08 1.21824e-15 -3.54434e-15 -1.88478e-06 1.58787e-07 -1.88916e-06 1.49108e-07
0.562191 -4.23043e-09 -9.47534e-09 -1.93445e-07 8.40341e-09 1.13622e-15 -3.32722e-15 -1.8885e-06 1.39534e-07 -1.89273e-06 1.30059e-07
0.562549 -4.09178e-09 -9.2765e-09 -1.93698e-07 6.35264e-09 1.06008e-15 -3.12432e-15 -1.89208e-06 1.20859e-07 -1.89617e-06 1.11582e-07
0.562906 -3.95824e-09 -9.08242e-09 -1.93936e-07 4.36216e-09 9.89386e-16 -2.93465e-15 -1.89549e-06 1.02739e-07 -1.89945e-06 9.36565e-08
0.563264 -3.82958e-09 -8.89297e-09 -1.94159e-07 2.42979e-09 9.23714e-16 -2.75731e-15 -1.89875e-06 8.51553e-08 -1.90258e-06 7.62623e-08
0.563622 -3.70562e-09 -8.70805e-09 -1.94367e-07 5.53476e-10 8.62693e-16 -2.59136e-15 -1.90184e-06 6.80888e-08 -1.90554e-06 5.93807e-08
0.563979 -3.58615e-09 -8.52753e-09 -1.94558e-07 -1.26879e-09 8.05964e-16 -2.43616e-15 -1.90476e-06 5.1521e-08 -1.90834e-06 4.29935e-08
0.564337 -3.471e-09 -8.35129e-09 -1.94734e-07 -3.03891e-09 7.53213e-16 -2.29091e-15 -1.9075e-06 3.54344e-08 -1.91097e-06 2.70831e-08
0.564694 -3.35998e-09 -8.17923e-09 -1.94892e-07 -4.75874e-09 7.04142e-16 -2.15493e-15 -1.91006e-06 1.98121e-08 -1.91342e-06 1.16329e-08
0.565052 -3.25294e-09 -8.01124e-09 -1.95033e-07 -6.43003e-09 6.5848e-16 -2.02759e-15 -1.91243e-06 4.63792e-09 -1.91569e-06 -3.37332e-09
0.56541 -3.14971e-09 -7.84721e-09 -1.95156e-07 -8.05448e-09 6.15976e-16 -1.9083e-15 -1.91462e-06 -1.01038e-08 -1.91777e-06 -1.7951e-08
0.565767 -3.05014e-09 -7.68704e-09 -1.95261e-07 -9.63371e-09 5.76398e-16 -1.79653e-15 -1.91662e-06 -2.4428e-08 -1.91967e-06 -3.21151e-08
0.566125 -2.95409e-09 -7.53063e-09 -1.95348e-07 -1.11693e-08 5.39532e-16 -1.69177e-15 -1.91842e-06 -3.83491e-08 -1.92137e-06 -4.58797e-08
0.566483 -2.86141e-09 -7.37789e-09 -1.95417e-07 -1.26627e-08 5.05181e-16 -1.59355e-15 -1.92002e-06 -5.18809e-08 -1.92288e-06 -5.92588e-08
0.56684 -2.77197e-09 -7.22871e-09 -1.95467e-07 -1.41155e-08 4.73163e-16 -1.50144e-15 -1.92142e-06 -6.50367e-08 -1.92419e-06 -7.22654e-08
0.567198 -2.68565e-09 -7.08301e-09 -1.95497e-07 -1.55289e-08 4.4331e-16 -1.41503e-15 -1.92261e-06 -7.78293e-08 -1.9253e-06 -8.49123e-08
0.567555 -2.60232e-09 -6.9407e-09 -1.95509e-07 -1.69044e-08 4.15466e-16 -1.33394e-15 -1.92361e-06 -9.0271e-08 -1.92621e-06 -9.72117e-08
0.567913 -2.52186e-09 -6.80169e-09 -1.95501e-07 -1.82432e-08 3.89489e-16 -1.25784e-15 -1.92439e-06 -1.02374e-07 -1.92691e-06 -1.09175e-07
0.568271 -2.44418e-09 -6.66589e-09 -1.95473e-07 -1.95465e-08 3.65244e-16 -1.18639e-15 -1.92496e-06 -1.14149e-07 -1.92741e-06 -1.20814e-07
0.568628 -2.36915e-09 -6.53323e-09 -1.95426e-07 -2.08155e-08 3.4261e-16 -1.11928e-15 -1.92533e-06 -1.25607e-07 -1.92769e-06 -1.3214e-07
0.568986 -2.29667e-09 -6.40361e-09 -1.95358e-07 -2.20514e-08 3.21473e-16 -1.05625e-15 -1.92547e-06 -1.36759e-07 -1.92777e-06 -1.43162e-07
0.569344 -2.22666e-09 -6.27697e-09 -1.95271e-07 -2.32553e-08 3.01727e-16 -9.97016e-16 -1.92541e-06 -1.47614e-07 -1.92764e-06 -1.53891e-07
0.569701 -2.15901e-09 -6.15323e-09 -1.95163e-07 -2.44282e-08 2.83276e-16 -9.41345e-16 -1.92513e-06 -1.58184e-07 -1.92729e-06 -1.64337e-07
0.570059 -2.09364e-09 -6.03231e-09 -1.95035e-07 -2.55711e-08 2.6603e-16 -8.89007e-16 -1.92463e-06 -1.68476e-07 -1.92673e-06 -1.74508e-07
0.570416 -2.03046e-09 -5.91414e-09 -1.94887e-07 -2.6685e-08 2.49904e-16 -8.39788e-16 -1.92392e-06 -1.78501e-07 -1.92595e-06 -1.84415e-07
0.570774 -1.96938e-09 -5.79866e-09 -1.94718e-07 -2.77709e-08 2.34822e-16 -7.93491e-16 -1.92299e-06 -1.88266e-07 -1.92495e-06 -1.94064e-07
0.571132 -1.91034e-09 -5.68578e-09 -1.94529e-07 -2.88297e-08 2.20712e-16 -7.4993e-16 -1.92183e-06 -1.9778e-07 -1.92374e-06 -2.03466e-07
0.571489 -1.85325e-09 -5.57546e-09 -1.94318e-07 -2.98622e-08 2.07507e-16 -7.08934e-16 -1.92046e-06 -2.07051e-07 -1.92232e-06 -2.12627e-07
0.571847 -1.79803e-09 -5.46761e-09 -1.94088e-07 -3.08693e-08 1.95145e-16 -6.70342e-16 -1.91887e-06 -2.16088e-07 -1.92067e-06 -2.21555e-07
0.572205 -1.74464e-09 -5.36219e-09 -1.93836e-07 -3.18517e-08 1.8357e-16 -6.34002e-16 -1.91706e-06 -2.24896e-07 -1.9188e-06 -2.30258e-07
0.572562 -1.69298e-09 -5.25912e-09 -1.93564e-07 -3.28103e-08 1.72728e-16 -5.99776e-16 -1.91503e-06 -2.33485e-07 -1.91672e-06 -2.38744e-07
0.57292 -1.64301e-09 -5.15835e-09 -1.93271e-07 -3.37458e-08 1.6257e-16 -5.67532e-16 -1.91277e-06 -2.41859e-07 -1.91442e-06 -2.47018e-07
0.573277 -1.59466e-09 -5.05982e-09 -1.92957e-07 -3.4659e-08 1.5305e-16 -5.37147e-16 -1.9103e-06 -2.50027e-07 -1.9119e-06 -2.55087e-07
0.573635 -1.54787e-09 -4.96348e-09 -1.92622e-07 -3.55504e-08 1.44125e-16 -5.08508e-16 -1.90761e-06 -2.57995e-07 -1.90915e-06 -2.62958e-07
0.573993 -1.50259e-09 -4.86927e-09 -1.92267e-07 -3.64209e-08 1.35756e-16 -4.81507e-16 -1.90469e-06 -2.65768e-07 -1.90619e-06 -2.70638e-07
0.57435 -1.45875e-09 -4.77714e-09 -1.91891e-07 -3.7271e-08 1.27907e-16 -4.56044e-16 -1.90155e-06 -2.73354e-07 -1.90301e-06 -2.78131e-07
0.574708 -1.41632e-09 -4.68703e-09 -1.91494e-07 -3.81013e-08 1.20542e-16 -4.32026e-16 -1.8982e-06 -2.80757e-07 -1.89961e-06 -2.85444e-07
0.575066 -1.37524e-09 -4.59889e-09 -1.91076e-07 -3.89125e-08 1.1363e-16 -4.09366e-16 -1.89462e-06 -2.87983e-07 -1.896e-06 -2.92581e-07
0.575423 -1.33545e-09 -4.51268e-09 -1.90638e-07 -3.97052e-08 1.07142e-16 -3.87982e-16 -1.89082e-06 -2.95037e-07 -1.89216e-06 -2.9955e-07
0.575781 -1.29693e-09 -4.42835e-09 -1.90178e-07 -4.04798e-08 1.0105e-16 -3.67796e-16 -1.88681e-06 -3.01925e-07 -1.88811e-06 -3.06354e-07
0.576138 -1.25961e-09 -4.34585e-09 -1.89699e-07 -4.1237e-08 9.53273e-17 -3.48738e-16 -1.88257e-06 -3.08652e-07 -1.88383e-06 -3.12998e-07
0.576496 -1.22346e-09 -4.26514e-09 -1.89198e-07 -4.19772e-08 8.99513e-17 -3.3074e-16 -1.87812e-06 -3.15222e-07 -1.87934e-06 -3.19488e-07
0.576854 -1.18844e-09 -4.18617e-09 -1.88677e-07 -4.2701e-08 8.48993e-17 -3.1374e-16 -1.87345e-06 -3.21641e-07 -1.87464e-06 -3.25827e-07
0.577211 -1.15451e-09 -4.1089e-09 -1.88136e-07 -4.34087e-08 8.01505e-17 -2.97677e-16 -1.86856e-06 -3.27912e-07 -1.86972e-06 -3.32021e-07
0.577569 -1.12163e-09 -4.03329e-09 -1.87574e-07 -4.4101e-08 7.56856e-17 -2.82497e-16 -1.86346e-06 -3.3404e-07 -1.86458e-06 -3.38073e-07
0.577927 -1.08977e-09 -3.95929e-09 -1.86991e-07 -4.47782e-08 7.14865e-17 -2.68149e-16 -1.85814e-06 -3.40029e-07 -1.85923e-06 -3.43988e-07
0.578284 -1.05888e-09 -3.88688e-09 -1.86389e-07 -4.54408e-08 6.75364e-17 -2.54583e-16 -1.8526e-06 -3.45883e-07 -1.85366e-06 -3.4977e-07
0.578642 -1.02894e-09 -3.816e-09 -1.85766e-07 -4.60892e-08 6.38197e-17 -2.41755e-16 -1.84685e-06 -3.51606e-07 -1.84788e-06 -3.55422e-07
0.579 -9.99919e-10 -3.74663e-09 -1.85122e-07 -4.67237e-08 6.03215e-17 -2.2962e-16 -1.84089e-06 -3.57202e-07 -1.84189e-06 -3.60948e-07
0.579357 -9.71778e-10 -3.67873e-09 -1.84459e-07 -4.73448e-08 5.70284e-17 -2.1814e-16 -1.83472e-06 -3.62674e-07 -1.83569e-06 -3.66352e-07
0.579715 -9.44489e-10 -3.61225e-09 -1.83776e-07 -4.79529e-08 5.39275e-17 -2.07276e-16 -1.82833e-06 -3.68025e-07 -1.82928e-06 -3.71638e-07
0.580072 -9.18026e-10 -3.54718e-09 -1.83072e-07 -4.85483e-08 5.10068e-17 -1.96994e-16 -1.82173e-06 -3.7326e-07 -1.82265e-06 -3.76808e-07
0.58043 -8.92359e-10 -3.48346e-09 -1.82349e-07 -4.91313e-08 4.82552e-17 -1.87259e-16 -1.81493e-06 -3.78382e-07 -1.81582e-06 -3.81865e-07
0.580788 -8.67463e-10 -3.42108e-09 -1.81606e-07 -4.97024e-08 4.56624e-17 -1.78042e-16 -1.80791e-06 -3.83393e-07 -1.80878e-06 -3.86814e-07
0.581145 -8.43311e-10 -3.35999e-09 -1.80843e-07 -5.02617e-08 4.32185e-17 -1.69311e-16 -1.80069e-06 -3.88296e-07 -1.80153e-06 -3.91656e-07
0.581503 -8.19879e-10 -3.30018e-09 -1.80061e-07 -5.08097e-08 4.09145e-17 -1.61041e-16 -1.79326e-06 -3.93095e-07 -1.79408e-06 -3.96396e-07
0.581861 -7.97142e-10 -3.2416e-09 -1.79259e-07 -5.13466e-08 3.87418e-17 -1.53205e-16 -1.78562e-06 -3.97793e-07 -1.78642e-06 -4.01034e-07
0.582218 -7.7508e-10 -3.18423e-09 -1.78438e-07 -5.18727e-08 3.66925e-17 -1.45778e-16 -1.77778e-06 -4.02391e-07 -1.77856e-06 -4.05575e-07
0.582576 -7.53668e-10 -3.12805e-09 -1.77598e-07 -5.23884e-08 3.47592e-17 -1.38739e-16 -1.76974e-06 -4.06893e-07 -1.77049e-06 -4.10021e-07
0.582933 -7.32886e-10 -3.07301e-09 -1.76738e-07 -5.28938e-08 3.29348e-17 -1.32065e-16 -1.76149e-06 -4.11302e-07 -1.76223e-06 -4.14375e-07
0.583291 -7.12713e-10 -3.0191e-09 -1.75859e-07 -5.33893e-08 3.12128e-17 -1.25735e-16 -1.75305e-06 -4.15619e-07 -1.75376e-06 -4.18638e-07
0.583649 -6.93129e-10 -2.96629e-09 -1.74961e-07 -5.3875e-08 2.95871e-17 -1.19732e-16 -1.7444e-06 -4.19847e-07 -1.7451e-06 -4.22814e-07
0.584006 -6.74117e-10 -2.91455e-09 -1.74044e-07 -5.43513e-08 2.8052e-17 -1.14037e-16 -1.73556e-06 -4.23989e-07 -1.73623e-06 -4.26904e-07
0.584364 -6.55656e-10 -2.86386e-09 -1.73109e-07 -5.48184e-08 2.6602e-17 -1.08633e-16 -1.72652e-06 -4.28047e-07 -1.72717e-06 -4.30911e-07
0.584722 -6.3773e-10 -2.8142e-09 -1.72155e-07 -5.52765e-08 2.52323e-17 -1.03505e-16 -1.71728e-06 -4.32022e-07 -1.71791e-06 -4.34836e-07
0.585079 -6.20321e-10 -2.76553e-09 -1.71182e-07 -5.57258e-08 2.3938e-17 -9.86363e-17 -1.70784e-06 -4.35917e-07 -1.70846e-06 -4.38683e-07
0.585437 -6.03413e-10 -2.71785e-09 -1.70191e-07 -5.61666e-08 2.27147e-17 -9.40142e-17 -1.69822e-06 -4.39734e-07 -1.69882e-06 -4.42452e-07
0.585794 -5.86989e-10 -2.67112e-09 -1.69181e-07 -5.6599e-08 2.15583e-17 -8.96249e-17 -1.6884e-06 -4.43475e-07 -1.68898e-06 -4.46146e-07
0.586152 -5.71036e-10 -2.62532e-09 -1.68153e-07 -5.70233e-08 2.04649e-17 -8.5456e-17 -1.67839e-06 -4.47141e-07 -1.67896e-06 -4.49767e-07
0.58651 -5.55537e-10 -2.58043e-09 -1.67107e-07 -5.74396e-08 1.94308e-17 -8.14956e-17 -1.66819e-06 -4.50735e-07 -1.66874e-06 -4.53316e-07
0.586867 -5.40479e-10 -2.53644e-09 -1.66044e-07 -5.78481e-08 1.84526e-17 -7.77325e-17 -1.6578e-06 -4.54259e-07 -1.65834e-06 -4.56795e-07
0.587225 -5.25847e-10 -2.49331e-09 -1.64962e-07 -5.82491e-08 1.75271e-17 -7.41563e-17 -1.64722e-06 -4.57713e-07 -1.64775e-06 -4.60207e-07
0.587583 -5.11629e-10 -2.45104e-09 -1.63863e-07 -5.86426e-08 1.66513e-17 -7.07571e-17 -1.63646e-06 -4.611e-07 -1.63697e-06 -4.63551e-07
0.58794 -4.97812e-10 -2.4096e-09 -1.62746e-07 -5.90289e-08 1.58223e-17 -6.75254e-17 -1.62551e-06 -4.64421e-07 -1.62601e-06 -4.66831e-07
0.588298 -4.84383e-10 -2.36897e-09 -1.61611e-07 -5.94081e-08 1.50375e-17 -6.44525e-17 -1.61438e-06 -4.67678e-07 -1.61487e-06 -4.70047e-07
0.588655 -4.7133e-10 -2.32913e-09 -1.6046e-07 -5.97804e-08 1.42944e-17 -6.15299e-17 -1.60307e-06 -4.70873e-07 -1.60354e-06 -4.73202e-07
0.589013 -4.58641e-10 -2.29007e-09 -1.59291e-07 -6.01459e-08 1.35905e-17 -5.875e-17 -1.59158e-06 -4.74006e-07 -1.59204e-06 -4.76296e-07
0.589371 -4.46306e-10 -2.25177e-09 -1.58105e-07 -6.05048e-08 1.29238e-17 -5.61051e-17 -1.57991e-06 -4.77079e-07 -1.58036e-06 -4.7933e-07
0.589728 -4.34314e-10 -2.21422e-09 -1.56902e-07 -6.08572e-08 1.2292e-17 -5.35883e-17 -1.56806e-06 -4.80093e-07 -1.5685e-06 -4.82307e-07
0.590086 -4.22654e-10 -2.17739e-09 -1.55682e-07 -6.12032e-08 1.16933e-17 -5.11929e-17 -1.55604e-06 -4.8305e-07 -1.55646e-06 -4.85228e-07
0.590444 -4.11316e-10 -2.14127e-09 -1.54446e-07 -6.15431e-08 1.11258e-17 -4.89128e-17 -1.54384e-06 -4.85952e-07 -1.54425e-06 -4.88093e-07
0.590801 -4.00291e-10 -2.10584e-09 -1.53193e-07 -6.18768e-08 1.05878e-17 -4.67419e-17 -1.53147e-06 -4.88798e-07 -1.53187e-06 -4.90904e-07
0.591159 -3.89568e-10 -2.07109e-09 -1.51923e-07 -6.22046e-08 1.00777e-17 -4.46746e-17 -1.51892e-06 -4.91591e-07 -1.51931e-06 -4.93662e-07
0.591516 -3.7914e-10 -2.03701e-09 -1.50637e-07 -6.25265e-08 9.59381e-18 -4.27058e-17 -1.50621e-06 -4.94331e-07 -1.50659e-06 -4.96368e-07
0.591874 -3.68997e-10 -2.00357e-09 -1.49336e-07 -6.28428e-08 9.13483e-18 -4.08303e-17 -1.49333e-06 -4.97021e-07 -1.4937e-06 -4.99024e-07
0.592232 -3.5913e-10 -1.97077e-09 -1.48018e-07 -6.31534e-08 8.69936e-18 -3.90434e-17 -1.48028e-06 -4.99659e-07 -1.48064e-06 -5.0163e-07
0.592589 -3.49531e-10 -1.93859e-09 -1.46684e-07 -6.34585e-08 8.28611e-18 -3.73407e-17 -1.46706e-06 -5.02249e-07 -1.46741e-06 -5.04188e-07
0.592947 -3.40193e-10 -1.90702e-09 -1.45335e-07 -6.37582e-08 7.89388e-18 -3.57179e-17 -1.45368e-06 -5.04791e-07 -1.45402e-06 -5.06698e-07
0.593305 -3.31108e-10 -1.87605e-09 -1.4397e-07 -6.40527e-08 7.52153e-18 -3.41709e-17 -1.44014e-06 -5.07285e-07 -1.44047e-06 -5.09161e-07
0.593662 -3.22268e-10 -1.84565e-09 -1.42589e-07 -6.43419e-08 7.16799e-18 -3.26961e-17 -1.42643e-06 -5.09733e-07 -1.42676e-06 -5.11578e-07
0.59402 -3.13666e-10 -1.81583e-09 -1.41193e-07 -6.4626e-08 6.83223e-18 -3.12898e-17 -1.41257e-06 -5.12135e-07 -1.41288e-06 -5.13951e-07
0.594378 -3.05295e-10 -1.78656e-09 -1.39783e-07 -6.49052e-08 6.51332e-18 -2.99486e-17 -1.39855e-06 -5.14493e-07 -1.39885e-06 -5.1628e-07
0.594735 -2.97148e-10 -1.75783e-09 -1.38357e-07 -6.51794e-08 6.21034e-18 -2.86692e-17 -1.38437e-06 -5.16808e-07 -1.38466e-06 -5.18566e-07
0.595093 -2.8922e-10 -1.72964e-09 -1.36916e-07 -6.54488e-08 5.92246e-18 -2.74487e-17 -1.37003e-06 -5.19079e-07 -1.37032e-06 -5.20809e-07
0.59545 -2.81502e-10 -1.70197e-09 -1.3546e-07 -6.57134e-08 5.64886e-18 -2.62842e-17 -1.35554e-06 -5.21309e-07 -1.35583e-06 -5.23011e-07
0.595808 -2.7399e-10 -1.67482e-09 -1.3399e-07 -6.59734e-08 5.3888e-18 -2.51728e-17 -1.3409e-06 -5.23497e-07 -1.34118e-06 -5.25172e-07
0.596166 -2.66678e-10 -1.64816e-09 -1.32506e-07 -6.62288e-08 5.14157e-18 -2.41119e-17 -1.32611e-06 -5.25645e-07 -1.32638e-06 -5.27294e-07
0.596523 -2.59559e-10 -1.62199e-09 -1.31007e-07 -6.64797e-08 4.90648e-18 -2.30993e-17 -1.31117e-06 -5.27754e-07 -1.31143e-06 -5.29376e-07
0.596881 -2.52629e-10 -1.5963e-09 -1.29494e-07 -6.67262e-08 4.6829e-18 -2.21324e-17 -1.29608e-06 -5.29823e-07 -1.29634e-06 -5.31419e-07
0.597239 -2.45881e-10 -1.57108e-09 -1.27967e-07 -6.69683e-08 4.47023e-18 -2.1209e-17 -1.28085e-06 -5.31854e-07 -1.28109e-06 -5.33425e-07
0.597596 -2.39311e-10 -1.54632e-09 -1.26426e-07 -6.72061e-08 4.26791e-18 -2.03272e-17 -1.26547e-06 -5.33847e-07 -1.26571e-06 -5.35393e-07
0.597954 -2.32913e-10 -1.52201e-09 -1.24871e-07 -6.74397e-08 4.07539e-18 -1.94848e-17 -1.24995e-06 -5.35803e-07 -1.25018e-06 -5.37325e-07
0.598311 -2.26683e-10 -1.49813e-09 -1.23303e-07 -6.76691e-08 3.89217e-18 -1.868e-17 -1.23429e-06 -5.37723e-07 -1.23451e-06 -5.39221e-07
0.598669 -2.20616e-10 -1.47469e-09 -1.21722e-07 -6.78944e-08 3.71778e-18 -1.7911e-17 -1.21848e-06 -5.39607e-07 -1.2187e-06 -5.41082e-07
0.599027 -2.14707e-10 -1.45167e-09 -1.20127e-07 -6.81157e-08 3.55176e-18 -1.71761e-17 -1.20254e-06 -5.41456e-07 -1.20276e-06 -5.42907e-07
0.599384 -2.08952e-10 -1.42907e-09 -1.18519e-07 -6.8333e-08 3.39368e-18 -1.64737e-17 -1.18646e-06 -5.4327e-07 -1.18667e-06 -5.44699e-07
