0.399828 4.47848e-11 9.86479e-12 2.27385e-10 1.53812e-09 -2.9991e-18 1.4656e-17 5.40383e-10 3.04994e-09 5.85168e-10 3.05981e-09
0.400186 4.59758e-11 1.01572e-11 2.33515e-10 1.57466e-09 -3.13798e-18 1.52775e-17 5.54945e-10 3.12223e-09 6.00921e-10 3.13239e-09
0.400543 4.72024e-11 1.04592e-11 2.3983e-10 1.61218e-09 -3.2838e-18 1.59276e-17 5.69945e-10 3.19645e-09 6.17147e-10 3.20691e-09
0.400901 4.84658e-11 1.07712e-11 2.46335e-10 1.65071e-09 -3.43692e-18 1.66077e-17 5.85397e-10 3.27266e-09 6.33863e-10 3.28343e-09
0.401258 4.97672e-11 1.10936e-11 2.53038e-10 1.69027e-09 -3.59774e-18 1.73192e-17 6.01317e-10 3.35091e-09 6.51085e-10 3.36201e-09
0.401616 5.11078e-11 1.14267e-11 2.59944e-10 1.73091e-09 -3.76667e-18 1.80638e-17 6.17721e-10 3.43127e-09 6.68829e-10 3.4427e-09
0.401974 5.24891e-11 1.17711e-11 2.6706e-10 1.77264e-09 -3.94416e-18 1.8843e-17 6.34624e-10 3.5138e-09 6.87114e-10 3.52557e-09
0.402331 5.39123e-11 1.21269e-11 2.74394e-10 1.81551e-09 -4.13067e-18 1.96587e-17 6.52044e-10 3.59857e-09 7.05957e-10 3.61069e-09
0.402689 5.53789e-11 1.24948e-11 2.81953e-10 1.85955e-09 -4.32668e-18 2.05127e-17 6.69998e-10 3.68563e-09 7.25377e-10 3.69813e-09
0.403047 5.68903e-11 1.28751e-11 2.89744e-10 1.90479e-09 -4.53273e-18 2.14068e-17 6.88504e-10 3.77507e-09 7.45394e-10 3.78795e-09
0.403404 5.84481e-11 1.32683e-11 2.97776e-10 1.95127e-09 -4.74935e-18 2.23432e-17 7.07581e-10 3.86696e-09 7.66029e-10 3.88023e-09
0.403762 6.00538e-11 1.36748e-11 3.06056e-10 1.99902e-09 -4.97714e-18 2.3324e-17 7.27248e-10 3.96136e-09 7.87301e-10 3.97504e-09
0.404119 6.17092e-11 1.40953e-11 3.14594e-10 2.0481e-09 -5.2167e-18 2.43514e-17 7.47525e-10 4.05836e-09 8.09234e-10 4.07246e-09
0.404477 6.34158e-11 1.45302e-11 3.23397e-10 2.09853e-09 -5.4687e-18 2.54279e-17 7.68434e-10 4.15804e-09 8.3185e-10 4.17257e-09
0.404835 6.51755e-11 1.498e-11 3.32475e-10 2.15036e-09 -5.73382e-18 2.65559e-17 7.89996e-10 4.26047e-09 8.55172e-10 4.27545e-09
0.405192 6.699e-11 1.54454e-11 3.41838e-10 2.20364e-09 -6.0128e-18 2.77382e-17 8.12234e-10 4.36575e-09 8.79224e-10 4.38119e-09
0.40555 6.88614e-11 1.59268e-11 3.51495e-10 2.2584e-09 -6.30642e-18 2.89775e-17 8.35171e-10 4.47395e-09 9.04033e-10 4.48988e-09
0.405908 7.07915e-11 1.6425e-11 3.61457e-10 2.3147e-09 -6.61549e-18 3.02768e-17 8.58832e-10 4.58518e-09 9.29624e-10 4.60161e-09
0.406265 7.27825e-11 1.69406e-11 3.71735e-10 2.37258e-09 -6.9409e-18 3.16392e-17 8.83242e-10 4.69952e-09 9.56025e-10 4.71646e-09
0.406623 7.48364e-11 1.74742e-11 3.82339e-10 2.43209e-09 -7.28356e-18 3.30681e-17 9.08427e-10 4.81708e-09 9.83263e-10 4.83455e-09
0.406981 7.69555e-11 1.80265e-11 3.9328e-10 2.49329e-09 -7.64446e-18 3.45669e-17 9.34414e-10 4.93795e-09 1.01137e-09 4.95598e-09
0.407338 7.9142e-11 1.85983e-11 4.04571e-10 2.55622e-09 -8.02464e-18 3.61392e-17 9.61231e-10 5.06224e-09 1.04037e-09 5.08083e-09
0.407696 8.13983e-11 1.91904e-11 4.16225e-10 2.62094e-09 -8.42521e-18 3.77891e-17 9.88909e-10 5.19005e-09 1.07031e-09 5.20924e-09
0.408053 8.3727e-11 1.98034e-11 4.28253e-10 2.6875e-09 -8.84733e-18 3.95206e-17 1.01748e-09 5.3215e-09 1.1012e-09 5.3413e-09
0.408411 8.61306e-11 2.04383e-11 4.4067e-10 2.75598e-09 -9.29226e-18 4.1338e-17 1.04697e-09 5.4567e-09 1.1331e-09 5.47713e-09
0.408769 8.86118e-11 2.10959e-11 4.53489e-10 2.82642e-09 -9.76131e-18 4.3246e-17 1.07741e-09 5.59577e-09 1.16602e-09 5.61686e-09
0.409126 9.11733e-11 2.1777e-11 4.66724e-10 2.89889e-09 -1.02559e-17 4.52494e-17 1.10885e-09 5.73883e-09 1.20002e-09 5.76061e-09
0.409484 9.38181e-11 2.24827e-11 4.80391e-10 2.97346e-09 -1.07775e-17 4.73534e-17 1.14131e-09 5.88602e-09 1.23512e-09 5.9085e-09
0.409842 9.65492e-11 2.32139e-11 4.94505e-10 3.05019e-09 -1.13277e-17 4.95633e-17 1.17483e-09 6.03746e-09 1.27138e-09 6.06068e-09
0.410199 9.93697e-11 2.39715e-11 5.09083e-10 3.12915e-09 -1.19081e-17 5.1885e-17 1.20945e-09 6.1933e-09 1.30882e-09 6.21727e-09
0.410557 1.02283e-10 2.47568e-11 5.2414e-10 3.21042e-09 -1.25207e-17 5.43245e-17 1.24521e-09 6.35366e-09 1.34749e-09 6.37842e-09
0.410914 1.05292e-10 2.55707e-11 5.39696e-10 3.29407e-09 -1.31672e-17 5.68882e-17 1.28216e-09 6.51871e-09 1.38745e-09 6.54428e-09
0.411272 1.08401e-10 2.64145e-11 5.55767e-10 3.38017e-09 -1.38496e-17 5.9583e-17 1.32032e-09 6.68859e-09 1.42872e-09 6.71501e-09
0.41163 1.11612e-10 2.72893e-11 5.72372e-10 3.46882e-09 -1.45703e-17 6.24161e-17 1.35976e-09 6.86346e-09 1.47138e-09 6.89075e-09
0.411987 1.14931e-10 2.81965e-11 5.89533e-10 3.56008e-09 -1.53313e-17 6.53951e-17 1.40052e-09 7.04349e-09 1.51545e-09 7.07168e-09
0.412345 1.18361e-10 2.91372e-11 6.07268e-10 3.65406e-09 -1.61352e-17 6.85281e-17 1.44264e-09 7.22883e-09 1.561e-09 7.25797e-09
0.412703 1.21906e-10 3.0113e-11 6.25599e-10 3.75083e-09 -1.69845e-17 7.18238e-17 1.48618e-09 7.41968e-09 1.60808e-09 7.44979e-09
0.41306 1.25571e-10 3.11252e-11 6.44549e-10 3.8505e-09 -1.78821e-17 7.52911e-17 1.53118e-09 7.6162e-09 1.65675e-09 7.64733e-09
0.413418 1.29359e-10 3.21753e-11 6.6414e-10 3.95315e-09 -1.88307e-17 7.89397e-17 1.57771e-09 7.8186e-09 1.70707e-09 7.85077e-09
0.413775 1.33275e-10 3.3265e-11 6.84397e-10 4.05889e-09 -1.98337e-17 8.27798e-17 1.62582e-09 8.02705e-09 1.7591e-09 8.06032e-09
0.414133 1.37326e-10 3.43958e-11 7.05344e-10 4.16782e-09 -2.08941e-17 8.68222e-17 1.67557e-09 8.24178e-09 1.8129e-09 8.27617e-09
0.414491 1.41514e-10 3.55694e-11 7.27007e-10 4.28005e-09 -2.20158e-17 9.10785e-17 1.72703e-09 8.46298e-09 1.86854e-09 8.49855e-09
0.414848 1.45846e-10 3.67878e-11 7.49415e-10 4.39569e-09 -2.32023e-17 9.55608e-17 1.78025e-09 8.69087e-09 1.92609e-09 8.72766e-09
0.415206 1.50328e-10 3.80526e-11 7.72594e-10 4.51485e-09 -2.44577e-17 1.00282e-16 1.8353e-09 8.92568e-09 1.98563e-09 8.96373e-09
0.415564 1.54964e-10 3.9366e-11 7.96575e-10 4.63766e-09 -2.57864e-17 1.05256e-16 1.89225e-09 9.16764e-09 2.04722e-09 9.20701e-09
0.415921 1.59761e-10 4.07299e-11 8.21388e-10 4.76423e-09 -2.71929e-17 1.10497e-16 1.95119e-09 9.417e-09 2.11095e-09 9.45773e-09
0.416279 1.64725e-10 4.21465e-11 8.47064e-10 4.89471e-09 -2.8682e-17 1.1602e-16 2.01217e-09 9.67401e-09 2.1769e-09 9.71616e-09
0.416636 1.69862e-10 4.36181e-11 8.73638e-10 5.02921e-09 -3.02591e-17 1.21843e-16 2.07529e-09 9.93893e-09 2.24515e-09 9.98254e-09
0.416994 1.7518e-10 4.5147e-11 9.01144e-10 5.16789e-09 -3.19296e-17 1.27982e-16 2.14062e-09 1.0212e-08 2.3158e-09 1.02572e-08
0.417352 1.80685e-10 4.67357e-11 9.29618e-10 5.31088e-09 -3.36995e-17 1.34456e-16 2.20825e-09 1.04936e-08 2.38893e-09 1.05403e-08
0.417709 1.86384e-10 4.83867e-11 9.59097e-10 5.45834e-09 -3.55752e-17 1.41284e-16 2.27827e-09 1.07839e-08 2.46465e-09 1.08323e-08
0.418067 1.92286e-10 5.01028e-11 9.89622e-10 5.61041e-09 -3.75634e-17 1.48488e-16 2.35077e-09 1.10833e-08 2.54305e-09 1.11334e-08
0.418425 1.98398e-10 5.18867e-11 1.02123e-09 5.76727e-09 -3.96713e-17 1.5609e-16 2.42585e-09 1.1392e-08 2.62425e-09 1.14439e-08
0.418782 2.04728e-10 5.37415e-11 1.05397e-09 5.92908e-09 -4.19068e-17 1.64113e-16 2.50361e-09 1.17104e-08 2.70834e-09 1.17642e-08
0.41914 2.11286e-10 5.56702e-11 1.08789e-09 6.09601e-09 -4.4278e-17 1.72583e-16 2.58417e-09 1.20389e-08 2.79545e-09 1.20946e-08
0.419497 2.18079e-10 5.76762e-11 1.12302e-09 6.26824e-09 -4.67938e-17 1.81526e-16 2.66762e-09 1.23778e-08 2.88569e-09 1.24354e-08
0.419855 2.25119e-10 5.97628e-11 1.15942e-09 6.44597e-09 -4.94637e-17 1.9097e-16 2.75408e-09 1.27274e-08 2.9792e-09 1.27871e-08
0.420213 2.32414e-10 6.19335e-11 1.19714e-09 6.62938e-09 -5.22977e-17 2.00947e-16 2.84368e-09 1.30881e-08 3.07609e-09 1.31501e-08
0.42057 2.39974e-10 6.41923e-11 1.23623e-09 6.81868e-09 -5.53067e-17 2.11488e-16 2.93654e-09 1.34604e-08 3.17651e-09 1.35246e-08
0.420928 2.47812e-10 6.65429e-11 1.27675e-09 7.01408e-09 -5.85023e-17 2.22627e-16 3.03279e-09 1.38446e-08 3.2806e-09 1.39112e-08
0.421286 2.55937e-10 6.89895e-11 1.31876e-09 7.2158e-09 -6.18969e-17 2.34401e-16 3.13257e-09 1.42412e-08 3.3885e-09 1.43102e-08
0.421643 2.64362e-10 7.15365e-11 1.36231e-09 7.42407e-09 -6.55038e-17 2.4685e-16 3.23602e-09 1.46506e-08 3.50038e-09 1.47222e-08
0.422001 2.73099e-10 7.41883e-11 1.40747e-09 7.63913e-09 -6.93371e-17 2.60014e-16 3.34329e-09 1.50733e-08 3.61639e-09 1.51475e-08
0.422359 2.82161e-10 7.69498e-11 1.4543e-09 7.86121e-09 -7.34122e-17 2.73938e-16 3.45454e-09 1.55098e-08 3.7367e-09 1.55867e-08
0.422716 2.91561e-10 7.9826e-11 1.50287e-09 8.09058e-09 -7.77454e-17 2.8867e-16 3.56993e-09 1.59604e-08 3.86149e-09 1.60403e-08
0.423074 3.01313e-10 8.28221e-11 1.55326e-09 8.32751e-09 -8.23541e-17 3.04258e-16 3.68963e-09 1.64259e-08 3.99094e-09 1.65087e-08
0.423431 3.11432e-10 8.59436e-11 1.60554e-09 8.57226e-09 -8.72573e-17 3.20758e-16 3.81382e-09 1.69066e-08 4.12525e-09 1.69926e-08
0.423789 3.21933e-10 8.91964e-11 1.65978e-09 8.82514e-09 -9.2475e-17 3.38226e-16 3.94269e-09 1.74032e-08 4.26462e-09 1.74924e-08
0.424147 3.32832e-10 9.25865e-11 1.71607e-09 9.08643e-09 -9.80289e-17 3.56723e-16 4.07643e-09 1.79163e-08 4.40926e-09 1.80089e-08
0.424504 3.44147e-10 9.61203e-11 1.7745e-09 9.35645e-09 -1.03942e-16 3.76315e-16 4.21524e-09 1.84464e-08 4.55938e-09 1.85425e-08
0.424862 3.55894e-10 9.98046e-11 1.83515e-09 9.63553e-09 -1.1024e-16 3.97072e-16 4.35934e-09 1.89942e-08 4.71523e-09 1.9094e-08
0.42522 3.68092e-10 1.03646e-10 1.89812e-09 9.92401e-09 -1.16948e-16 4.19067e-16 4.50895e-09 1.95603e-08 4.87704e-09 1.9664e-08
0.425577 3.8076e-10 1.07653e-10 1.96351e-09 1.02222e-08 -1.24097e-16 4.4238e-16 4.6643e-09 2.01455e-08 5.04506e-09 2.02532e-08
0.425935 3.93919e-10 1.11833e-10 2.03141e-09 1.05306e-08 -1.31716e-16 4.67097e-16 4.82564e-09 2.07504e-08 5.21956e-09 2.08623e-08
0.426292 4.07589e-10 1.16193e-10 2.10194e-09 1.08494e-08 -1.3984e-16 4.93308e-16 4.99322e-09 2.13758e-08 5.40081e-09 2.1492e-08
0.42665 4.21792e-10 1.20744e-10 2.17521e-09 1.11791e-08 -1.48503e-16 5.2111e-16 5.16732e-09 2.20224e-08 5.58911e-09 2.21432e-08
0.427008 4.36552e-10 1.25493e-10 2.25134e-09 1.15202e-08 -1.57744e-16 5.50607e-16 5.3482e-09 2.26911e-08 5.78475e-09 2.28166e-08
0.427365 4.51893e-10 1.3045e-10 2.33044e-09 1.18729e-08 -1.67605e-16 5.81911e-16 5.53616e-09 2.33827e-08 5.98806e-09 2.35131e-08
0.427723 4.67841e-10 1.35626e-10 2.41265e-09 1.22379e-08 -1.78129e-16 6.15139e-16 5.73152e-09 2.4098e-08 6.19936e-09 2.42337e-08
0.428081 4.84421e-10 1.41031e-10 2.4981e-09 1.26155e-08 -1.89366e-16 6.50419e-16 5.93458e-09 2.4838e-08 6.41901e-09 2.49791e-08
0.428438 5.01662e-10 1.46676e-10 2.58694e-09 1.30063e-08 -2.01366e-16 6.87888e-16 6.1457e-09 2.56036e-08 6.64736e-09 2.57503e-08
0.428796 5.19593e-10 1.52573e-10 2.6793e-09 1.34108e-08 -2.14185e-16 7.27692e-16 6.36521e-09 2.63959e-08 6.8848e-09 2.65484e-08
0.429153 5.38245e-10 1.58735e-10 2.77536e-09 1.38294e-08 -2.27884e-16 7.69986e-16 6.59349e-09 2.72157e-08 7.13174e-09 2.73744e-08
0.429511 5.5765e-10 1.65174e-10 2.87526e-09 1.42627e-08 -2.42525e-16 8.14939e-16 6.83094e-09 2.80642e-08 7.38859e-09 2.82294e-08
0.429869 5.77841e-10 1.71905e-10 2.97919e-09 1.47114e-08 -2.58181e-16 8.62729e-16 7.07794e-09 2.89426e-08 7.65578e-09 2.91145e-08
0.430226 5.98855e-10 1.78942e-10 3.08731e-09 1.51761e-08 -2.74924e-16 9.1355e-16 7.33493e-09 2.98519e-08 7.93379e-09 3.00309e-08
0.430584 6.20727e-10 1.863e-10 3.19983e-09 1.56572e-08 -2.92837e-16 9.67607e-16 7.60237e-09 3.07934e-08 8.22309e-09 3.09797e-08
0.430942 6.43499e-10 1.93995e-10 3.31692e-09 1.61556e-08 -3.12007e-16 1.02512e-15 7.8807e-09 3.17684e-08 8.5242e-09 3.19624e-08
0.431299 6.67209e-10 2.02045e-10 3.43881e-09 1.66719e-08 -3.32528e-16 1.08633e-15 8.17044e-09 3.27782e-08 8.83764e-09 3.29802e-08
0.431657 6.91902e-10 2.10468e-10 3.5657e-09 1.72068e-08 -3.54503e-16 1.1515e-15 8.47208e-09 3.38241e-08 9.16398e-09 3.40346e-08
0.432014 7.17622e-10 2.19282e-10 3.69782e-09 1.77611e-08 -3.78041e-16 1.22088e-15 8.78618e-09 3.49076e-08 9.5038e-09 3.51269e-08
0.432372 7.44417e-10 2.28508e-10 3.83542e-09 1.83354e-08 -4.03263e-16 1.29479e-15 9.1133e-09 3.60302e-08 9.85772e-09 3.62587e-08
0.43273 7.72337e-10 2.38167e-10 3.97874e-09 1.89308e-08 -4.30296e-16 1.37353e-15 9.45405e-09 3.71935e-08 1.02264e-08 3.74317e-08
0.433087 8.01434e-10 2.48281e-10 4.12804e-09 1.95479e-08 -4.5928e-16 1.45745e-15 9.80904e-09 3.83991e-08 1.06105e-08 3.86474e-08
0.433445 8.31763e-10 2.58874e-10 4.28361e-09 2.01878e-08 -4.90367e-16 1.54691e-15 1.01789e-08 3.96486e-08 1.10107e-08 3.99075e-08
0.433803 8.63383e-10 2.69972e-10 4.44573e-09 2.08512e-08 -5.23719e-16 1.6423e-15 1.05644e-08 4.0944e-08 1.14278e-08 4.1214e-08
0.43416 8.96354e-10 2.816e-10 4.6147e-09 2.15392e-08 -5.59512e-16 1.74404e-15 1.09662e-08 4.2287e-08 1.18626e-08 4.25686e-08
0.434518 9.30741e-10 2.93786e-10 4.79085e-09 2.22529e-08 -5.9794e-16 1.8526e-15 1.13851e-08 4.36796e-08 1.23159e-08 4.39734e-08
0.434875 9.6661e-10 3.06561e-10 4.97451e-09 2.29931e-08 -6.39208e-16 1.96845e-15 1.18219e-08 4.51239e-08 1.27885e-08 4.54304e-08
0.435233 1.00403e-09 3.19955e-10 5.16604e-09 2.37612e-08 -6.83543e-16 2.09213e-15 1.22774e-08 4.66218e-08 1.32815e-08 4.69418e-08
0.435591 1.04308e-09 3.34002e-10 5.36581e-09 2.45581e-08 -7.31187e-16 2.22421e-15 1.27526e-08 4.81758e-08 1.37957e-08 4.85098e-08
0.435948 1.08384e-09 3.48737e-10 5.5742e-09 2.53852e-08 -7.82406e-16 2.36529e-15 1.32483e-08 4.9788e-08 1.43321e-08 5.01367e-08
0.436306 1.12639e-09 3.64197e-10 5.79164e-09 2.62437e-08 -8.37486e-16 2.51603e-15 1.37655e-08 5.14609e-08 1.48919e-08 5.18251e-08
0.436664 1.17082e-09 3.8042e-10 6.01855e-09 2.71349e-08 -8.96739e-16 2.67715e-15 1.43053e-08 5.31971e-08 1.54761e-08 5.35775e-08
0.437021 1.21721e-09 3.9745e-10 6.25539e-09 2.80602e-08 -9.60504e-16 2.8494e-15 1.48688e-08 5.49992e-08 1.6086e-08 5.53966e-08
0.437379 1.26567e-09 4.15329e-10 6.50264e-09 2.9021e-08 -1.02915e-15 3.03362e-15 1.54571e-08 5.68699e-08 1.67227e-08 5.72852e-08
0.437737 1.3163e-09 4.34106e-10 6.7608e-09 3.00189e-08 -1.10307e-15 3.2307e-15 1.60713e-08 5.88121e-08 1.73876e-08 5.92462e-08
0.438094 1.3692e-09 4.53829e-10 7.0304e-09 3.10555e-08 -1.18271e-15 3.4416e-15 1.67129e-08 6.08289e-08 1.80821e-08 6.12828e-08
0.438452 1.42449e-09 4.74551e-10 7.31201e-09 3.21323e-08 -1.26853e-15 3.66735e-15 1.7383e-08 6.29235e-08 1.88075e-08 6.33981e-08
0.438809 1.48229e-09 4.96327e-10 7.60621e-09 3.32513e-08 -1.36105e-15 3.90909e-15 1.80832e-08 6.50991e-08 1.95655e-08 6.55955e-08
0.439167 1.54272e-09 5.19218e-10 7.91362e-09 3.4414e-08 -1.46083e-15 4.16802e-15 1.88149e-08 6.73593e-08 2.03576e-08 6.78785e-08
0.439525 1.60593e-09 5.43286e-10 8.2349e-09 3.56226e-08 -1.56848e-15 4.44545e-15 1.95796e-08 6.97076e-08 2.11856e-08 7.02509e-08
0.439882 1.67204e-09 5.68597e-10 8.57074e-09 3.68789e-08 -1.68467e-15 4.7428e-15 2.03791e-08 7.21479e-08 2.20511e-08 7.27165e-08
0.44024 1.7412e-09 5.95223e-10 8.92186e-09 3.81851e-08 -1.81011e-15 5.06161e-15 2.1215e-08 7.46841e-08 2.29562e-08 7.52793e-08
0.440598 1.81358e-09 6.23239e-10 9.28903e-09 3.95433e-08 -1.9456e-15 5.40353e-15 2.20892e-08 7.73205e-08 2.39028e-08 7.79437e-08
0.440955 1.88934e-09 6.52724e-10 9.67306e-09 4.09559e-08 -2.09199e-15 5.77035e-15 2.30036e-08 8.00613e-08 2.4893e-08 8.0714e-08
0.441313 1.96865e-09 6.83764e-10 1.00748e-08 4.24253e-08 -2.25023e-15 6.16403e-15 2.39603e-08 8.29111e-08 2.5929e-08 8.35948e-08
0.44167 2.0517e-09 7.16449e-10 1.04951e-08 4.39539e-08 -2.42134e-15 6.58666e-15 2.49614e-08 8.58747e-08 2.70131e-08 8.65912e-08
0.442028 2.13868e-09 7.50876e-10 1.0935e-08 4.55444e-08 -2.60644e-15 7.04053e-15 2.60092e-08 8.89572e-08 2.81478e-08 8.97081e-08
0.442386 2.2298e-09 7.87145e-10 1.13955e-08 4.71997e-08 -2.80675e-15 7.5281e-15 2.7106e-08 9.21638e-08 2.93358e-08 9.2951e-08
0.442743 2.32528e-09 8.25367e-10 1.18776e-08 4.89226e-08 -3.02362e-15 8.05206e-15 2.82545e-08 9.55e-08 3.05797e-08 9.63253e-08
0.443101 2.42534e-09 8.65656e-10 1.23824e-08 5.07161e-08 -3.25849e-15 8.61531e-15 2.94572e-08 9.89715e-08 3.18825e-08 9.98372e-08
0.443459 2.53024e-09 9.08137e-10 1.29111e-08 5.25835e-08 -3.51298e-15 9.22101e-15 3.0717e-08 1.02584e-07 3.32473e-08 1.03493e-07
0.443816 2.64023e-09 9.5294e-10 1.3465e-08 5.45281e-08 -3.78883e-15 9.87257e-15 3.2037e-08 1.06345e-07 3.46772e-08 1.07298e-07
0.444174 2.75558e-09 1.00021e-09 1.40453e-08 5.65535e-08 -4.08795e-15 1.05737e-14 3.34202e-08 1.1026e-07 3.61757e-08 1.1126e-07
0.444531 2.87659e-09 1.05008e-09 1.46535e-08 5.86633e-08 -4.41245e-15 1.13285e-14 3.48699e-08 1.14337e-07 3.77465e-08 1.15387e-07
0.444889 3.00356e-09 1.10273e-09 1.5291e-08 6.08615e-08 -4.76464e-15 1.21412e-14 3.63898e-08 1.18582e-07 3.93933e-08 1.19684e-07
0.445247 3.13681e-09 1.15832e-09 1.59594e-08 6.3152e-08 -5.14702e-15 1.30167e-14 3.79835e-08 1.23003e-07 4.11203e-08 1.24161e-07
0.445604 3.27669e-09 1.21702e-09 1.66604e-08 6.55393e-08 -5.56236e-15 1.39602e-14 3.96549e-08 1.27609e-07 4.29316e-08 1.28826e-07
0.445962 3.42356e-09 1.27904e-09 1.73956e-08 6.80277e-08 -6.01372e-15 1.49773e-14 4.14083e-08 1.32407e-07 4.48319e-08 1.33686e-07
0.44632 3.57782e-09 1.34458e-09 1.81668e-08 7.06221e-08 -6.5044e-15 1.6074e-14 4.32481e-08 1.37408e-07 4.68259e-08 1.38752e-07
0.446677 3.73986e-09 1.41386e-09 1.89762e-08 7.33273e-08 -7.03809e-15 1.72571e-14 4.51789e-08 1.42619e-07 4.89187e-08 1.44033e-07
0.447035 3.91013e-09 1.48711e-09 1.98256e-08 7.61486e-08 -7.61879e-15 1.85339e-14 4.72056e-08 1.48051e-07 5.11157e-08 1.49538e-07
0.447392 4.08909e-09 1.56458e-09 2.07173e-08 7.90914e-08 -8.25094e-15 1.99122e-14 4.93335e-08 1.53713e-07 5.34226e-08 1.55278e-07
0.44775 4.27722e-09 1.64655e-09 2.16535e-08 8.21616e-08 -8.9394e-15 2.14007e-14 5.15682e-08 1.59617e-07 5.58454e-08 1.61264e-07
0.448108 4.47505e-09 1.7333e-09 2.26368e-08 8.53651e-08 -9.68952e-15 2.30087e-14 5.39154e-08 1.65774e-07 5.83905e-08 1.67508e-07
0.448465 4.68312e-09 1.82513e-09 2.36697e-08 8.87083e-08 -1.05072e-14 2.47465e-14 5.63815e-08 1.72196e-07 6.10647e-08 1.74021e-07
0.448823 4.90203e-09 1.92237e-09 2.47549e-08 9.21978e-08 -1.13989e-14 2.66253e-14 5.89731e-08 1.78895e-07 6.38751e-08 1.80817e-07
0.449181 5.13239e-09 2.02538e-09 2.58954e-08 9.58408e-08 -1.23719e-14 2.86573e-14 6.1697e-08 1.85884e-07 6.68294e-08 1.87909e-07
0.449538 5.37488e-09 2.13453e-09 2.70942e-08 9.96446e-08 -1.34339e-14 3.08557e-14 6.45607e-08 1.93177e-07 6.99356e-08 1.95311e-07
0.449896 5.63018e-09 2.25022e-09 2.83545e-08 1.03617e-07 -1.45937e-14 3.32352e-14 6.75721e-08 2.00788e-07 7.32022e-08 2.03038e-07
0.450253 5.89905e-09 2.37288e-09 2.96798e-08 1.07766e-07 -1.58609e-14 3.58114e-14 7.07394e-08 2.08732e-07 7.66385e-08 2.11104e-07
0.450611 6.18228e-09 2.50297e-09 3.10738e-08 1.121e-07 -1.72461e-14 3.86019e-14 7.40716e-08 2.17025e-07 8.02539e-08 2.19528e-07
0.450969 6.48073e-09 2.641e-09 3.25404e-08 1.16629e-07 -1.87611e-14 4.16255e-14 7.75779e-08 2.25683e-07 8.40586e-08 2.28324e-07
0.451326 6.79528e-09 2.78748e-09 3.40836e-08 1.21361e-07 -2.04187e-14 4.49029e-14 8.12684e-08 2.34725e-07 8.80637e-08 2.37513e-07
0.451684 7.1269e-09 2.943e-09 3.57079e-08 1.26308e-07 -2.22332e-14 4.84568e-14 8.51535e-08 2.44168e-07 9.22804e-08 2.47111e-07
0.452042 7.4766e-09 3.10815e-09 3.74178e-08 1.31478e-07 -2.42206e-14 5.23121e-14 8.92445e-08 2.54032e-07 9.67211e-08 2.5714e-07
0.452399 7.84548e-09 3.2836e-09 3.92183e-08 1.36884e-07 -2.63983e-14 5.64957e-14 9.35532e-08 2.64337e-07 1.01399e-07 2.67621e-07
0.452757 8.23469e-09 3.47005e-09 4.11146e-08 1.42537e-07 -2.87858e-14 6.10375e-14 9.80924e-08 2.75104e-07 1.06327e-07 2.78574e-07
0.453115 8.64545e-09 3.66826e-09 4.31122e-08 1.4845e-07 -3.14046e-14 6.59699e-14 1.02875e-07 2.86355e-07 1.11521e-07 2.90023e-07
0.453472 9.07909e-09 3.87904e-09 4.5217e-08 1.54634e-07 -3.42784e-14 7.13286e-14 1.07916e-07 2.98114e-07 1.16995e-07 3.01993e-07
0.45383 9.53701e-09 4.10327e-09 4.74352e-08 1.61104e-07 -3.74338e-14 7.71526e-14 1.1323e-07 3.10406e-07 1.22767e-07 3.14509e-07
0.454187 1.00207e-08 4.34188e-09 4.97735e-08 1.67875e-07 -4.09002e-14 8.34848e-14 1.18834e-07 3.23255e-07 1.28854e-07 3.27597e-07
0.454545 1.05317e-08 4.59589e-09 5.22388e-08 1.7496e-07 -4.471e-14 9.03721e-14 1.24743e-07 3.3669e-07 1.35275e-07 3.41286e-07
0.454903 1.10718e-08 4.86638e-09 5.48387e-08 1.82376e-07 -4.88995e-14 9.78659e-14 1.30977e-07 3.50738e-07 1.42049e-07 3.55605e-07
0.45526 1.16428e-08 5.15453e-09 5.75811e-08 1.90139e-07 -5.35089e-14 1.06023e-13 1.37555e-07 3.6543e-07 1.49198e-07 3.70585e-07
0.455618 1.22466e-08 5.4616e-09 6.04744e-08 1.98268e-07 -5.8583e-14 1.14905e-13 1.44497e-07 3.80797e-07 1.56744e-07 3.86258e-07
0.455976 1.28852e-08 5.78895e-09 6.35276e-08 2.06779e-07 -6.41715e-14 1.2458e-13 1.51826e-07 3.96871e-07 1.64711e-07 4.0266e-07
0.456333 1.35609e-08 6.13804e-09 6.67501e-08 2.15694e-07 -7.03297e-14 1.35123e-13 1.59563e-07 4.13687e-07 1.73124e-07 4.19825e-07
0.456691 1.42761e-08 6.51046e-09 7.0152e-08 2.25031e-07 -7.71195e-14 1.46617e-13 1.67735e-07 4.31281e-07 1.82011e-07 4.37792e-07
0.457048 1.50332e-08 6.90791e-09 7.37442e-08 2.34813e-07 -8.46094e-14 1.5915e-13 1.76366e-07 4.49692e-07 1.91399e-07 4.566e-07
0.457406 1.58349e-08 7.33223e-09 7.75379e-08 2.45061e-07 -9.28762e-14 1.72823e-13 1.85486e-07 4.68957e-07 2.01321e-07 4.7629e-07
0.457764 1.66842e-08 7.78541e-09 8.15454e-08 2.55801e-07 -1.02005e-13 1.87745e-13 1.95123e-07 4.8912e-07 2.11808e-07 4.96906e-07
0.458121 1.75841e-08 8.26957e-09 8.57794e-08 2.67055e-07 -1.12092e-13 2.04034e-13 2.0531e-07 5.10224e-07 2.22894e-07 5.18494e-07
0.458479 1.85378e-08 8.78705e-09 9.02537e-08 2.78852e-07 -1.23243e-13 2.21824e-13 2.1608e-07 5.32314e-07 2.34617e-07 5.41101e-07
0.458837 1.95489e-08 9.34035e-09 9.49827e-08 2.91217e-07 -1.35577e-13 2.41258e-13 2.27468e-07 5.55438e-07 2.47016e-07 5.64778e-07
0.459194 2.06213e-08 9.93215e-09 9.99819e-08 3.04181e-07 -1.49226e-13 2.62496e-13 2.39512e-07 5.79645e-07 2.60133e-07 5.89577e-07
0.459552 2.17588e-08 1.05654e-08 1.05268e-07 3.17773e-07 -1.64341e-13 2.85714e-13 2.52254e-07 6.04988e-07 2.74012e-07 6.15554e-07
0.459909 2.29658e-08 1.12433e-08 1.10858e-07 3.32025e-07 -1.81086e-13 3.11104e-13 2.65735e-07 6.31522e-07 2.88701e-07 6.42765e-07
0.460267 2.42469e-08 1.19691e-08 1.1677e-07 3.46971e-07 -1.99648e-13 3.38878e-13 2.80002e-07 6.59302e-07 3.04248e-07 6.71271e-07
0.460625 2.56072e-08 1.27467e-08 1.23024e-07 3.62645e-07 -2.20235e-13 3.6927e-13 2.95102e-07 6.88389e-07 3.20709e-07 7.01136e-07
0.460982 2.70518e-08 1.35801e-08 1.29641e-07 3.79085e-07 -2.4308e-13 4.02537e-13 3.11089e-07 7.18844e-07 3.38141e-07 7.32424e-07
0.46134 2.85864e-08 1.44735e-08 1.36644e-07 3.96329e-07 -2.68446e-13 4.38961e-13 3.28016e-07 7.5073e-07 3.56602e-07 7.65204e-07
0.461698 3.02171e-08 1.54317e-08 1.44054e-07 4.14416e-07 -2.96625e-13 4.78854e-13 3.45942e-07 7.84116e-07 3.76159e-07 7.99548e-07
0.462055 3.19505e-08 1.64598e-08 1.51898e-07 4.3339e-07 -3.27947e-13 5.22557e-13 3.64929e-07 8.1907e-07 3.96879e-07 8.3553e-07
0.462413 3.37935e-08 1.75633e-08 1.60202e-07 4.53294e-07 -3.6278e-13 5.70448e-13 3.85042e-07 8.55665e-07 4.18836e-07 8.73228e-07
0.46277 3.57536e-08 1.87483e-08 1.68993e-07 4.74174e-07 -4.01539e-13 6.22939e-13 4.06352e-07 8.93974e-07 4.42106e-07 9.12722e-07
0.463128 3.78388e-08 2.00211e-08 1.78301e-07 4.96079e-07 -4.44691e-13 6.80487e-13 4.28933e-07 9.34075e-07 4.66772e-07 9.54096e-07
0.463486 4.00577e-08 2.1389e-08 1.88157e-07 5.19059e-07 -4.92757e-13 7.43591e-13 4.52863e-07 9.76047e-07 4.92921e-07 9.97436e-07
0.463843 4.24195e-08 2.28596e-08 1.98595e-07 5.43165e-07 -5.46327e-13 8.12802e-13 4.78227e-07 1.01997e-06 5.20646e-07 1.04283e-06
0.464201 4.49341e-08 2.44412e-08 2.09649e-07 5.68451e-07 -6.06062e-13 8.88724e-13 5.05111e-07 1.06594e-06 5.50046e-07 1.09038e-06
0.464559 4.76122e-08 2.61428e-08 2.21357e-07 5.94975e-07 -6.72706e-13 9.7202e-13 5.33611e-07 1.11402e-06 5.81223e-07 1.14016e-06
0.464916 5.0465e-08 2.79743e-08 2.33756e-07 6.22795e-07 -7.47096e-13 1.06342e-12 5.63825e-07 1.16432e-06 6.1429e-07 1.19229e-06
0.465274 5.35047e-08 2.99464e-08 2.46889e-07 6.51971e-07 -8.30175e-13 1.16372e-12 5.95858e-07 1.21692e-06 6.49363e-07 1.24686e-06
0.465631 5.67444e-08 3.20707e-08 2.60798e-07 6.82565e-07 -9.23003e-13 1.27379e-12 6.29821e-07 1.27191e-06 6.86566e-07 1.30398e-06
0.465989 6.01981e-08 3.43598e-08 2.75528e-07 7.14642e-07 -1.02678e-12 1.3946e-12 6.65831e-07 1.32938e-06 7.26029e-07 1.36374e-06
0.466347 6.38809e-08 3.68275e-08 2.91128e-07 7.48267e-07 -1.14284e-12 1.52718e-12 7.04011e-07 1.38943e-06 7.67892e-07 1.42626e-06
0.466704 6.78087e-08 3.94887e-08 3.07646e-07 7.83509e-07 -1.27272e-12 1.6727e-12 7.44491e-07 1.45214e-06 8.123e-07 1.49163e-06
0.467062 7.19989e-08 4.23598e-08 3.25136e-07 8.20437e-07 -1.41811e-12 1.83238e-12 7.87407e-07 1.51761e-06 8.59406e-07 1.55997e-06
0.46742 7.647e-08 4.54583e-08 3.4365e-07 8.5912e-07 -1.58095e-12 2.0076e-12 8.32903e-07 1.58593e-06 9.09373e-07 1.63139e-06
0.467777 8.12416e-08 4.88035e-08 3.63246e-07 8.9963e-07 -1.7634e-12 2.19983e-12 8.81128e-07 1.65718e-06 9.6237e-07 1.70598e-06
0.468135 8.63351e-08 5.24165e-08 3.83983e-07 9.42038e-07 -1.96792e-12 2.41068e-12 9.3224e-07 1.73144e-06 1.01858e-06 1.78386e-06
0.468493 9.17731e-08 5.632e-08 4.0592e-07 9.86416e-07 -2.19727e-12 2.64189e-12 9.86402e-07 1.80879e-06 1.07818e-06 1.86511e-06
0.46885 9.75799e-08 6.05389e-08 4.2912e-07 1.03283e-06 -2.45455e-12 2.89533e-12 1.04378e-06 1.8893e-06 1.14136e-06 1.94983e-06
0.469208 1.03781e-07 6.51003e-08 4.53647e-07 1.08136e-06 -2.74328e-12 3.17303e-12 1.10456e-06 1.97302e-06 1.20834e-06 2.03812e-06
0.469565 1.10406e-07 7.00336e-08 4.79565e-07 1.13207e-06 -3.0674e-12 3.47716e-12 1.16892e-06 2.06001e-06 1.27932e-06 2.13005e-06
0.469923 1.17482e-07 7.53708e-08 5.0694e-07 1.18502e-06 -3.43138e-12 3.81005e-12 1.23704e-06 2.15031e-06 1.35452e-06 2.22568e-06
0.470281 1.25042e-07 8.1147e-08 5.35839e-07 1.24028e-06 -3.84021e-12 4.17415e-12 1.30912e-06 2.24393e-06 1.43416e-06 2.32507e-06
0.470638 1.3312e-07 8.73999e-08 5.66326e-07 1.29789e-06 -4.29956e-12 4.5721e-12 1.38534e-06 2.34087e-06 1.51846e-06 2.42827e-06
0.470996 1.41752e-07 9.41711e-08 5.98467e-07 1.35792e-06 -4.81577e-12 5.00663e-12 1.46592e-06 2.4411e-06 1.60767e-06 2.53528e-06
0.471354 1.50976e-07 1.01505e-07 6.32323e-07 1.42039e-06 -5.39598e-12 5.48061e-12 1.55104e-06 2.54459e-06 1.70201e-06 2.6461e-06
0.471711 1.60833e-07 1.09452e-07 6.67954e-07 1.48534e-06 -6.04824e-12 5.99702e-12 1.64089e-06 2.65125e-06 1.80173e-06 2.7607e-06
0.472069 1.71366e-07 1.18063e-07 7.05413e-07 1.55279e-06 -6.78155e-12 6.55887e-12 1.73568e-06 2.76095e-06 1.90705e-06 2.87901e-06
0.472426 1.82621e-07 1.27398e-07 7.44749e-07 1.62275e-06 -7.60604e-12 7.16921e-12 1.83557e-06 2.87353e-06 2.0182e-06 3.00093e-06
0.472784 1.94648e-07 1.37518e-07 7.86001e-07 1.69518e-06 -8.53304e-12 7.83104e-12 1.94075e-06 2.98878e-06 2.1354e-06 3.1263e-06
0.473142 2.07497e-07 1.48492e-07 8.29199e-07 1.77007e-06 -9.57524e-12 8.54726e-12 2.05136e-06 3.10642e-06 2.25885e-06 3.25491e-06
0.473499 2.21222e-07 1.60393e-07 8.74356e-07 1.84734e-06 -1.07468e-11 9.32052e-12 2.16753e-06 3.22612e-06 2.38876e-06 3.38651e-06
0.473857 2.35882e-07 1.73303e-07 9.21473e-07 1.92691e-06 -1.20636e-11 1.01531e-11 2.28938e-06 3.34746e-06 2.52527e-06 3.52076e-06
0.474215 2.51535e-07 1.87306e-07 9.70527e-07 2.00866e-06 -1.35432e-11 1.1047e-11 2.41697e-06 3.46993e-06 2.66851e-06 3.65724e-06
0.474572 2.68246e-07 2.02498e-07 1.02147e-06 2.0924e-06 -1.52052e-11 1.20031e-11 2.55033e-06 3.59293e-06 2.81857e-06 3.79542e-06
0.47493 2.86079e-07 2.18978e-07 1.07423e-06 2.17794e-06 -1.70712e-11 1.30217e-11 2.68942e-06 3.71573e-06 2.97549e-06 3.93471e-06
0.475287 3.05102e-07 2.36857e-07 1.12869e-06 2.26501e-06 -1.91652e-11 1.41017e-11 2.83414e-06 3.83749e-06 3.13924e-06 4.07435e-06
0.475645 3.25385e-07 2.56251e-07 1.18469e-06 2.35328e-06 -2.15137e-11 1.52406e-11 2.98432e-06 3.95722e-06 3.30971e-06 4.21347e-06
0.476003 3.47002e-07 2.77287e-07 1.24202e-06 2.44236e-06 -2.41455e-11 1.64335e-11 3.13968e-06 4.07374e-06 3.48668e-06 4.35103e-06
0.47636 3.70026e-07 3.00101e-07 1.30043e-06 2.53177e-06 -2.70921e-11 1.76732e-11 3.29981e-06 4.18572e-06 3.66984e-06 4.48582e-06
0.476718 3.94532e-07 3.24836e-07 1.35956e-06 2.62095e-06 -3.03881e-11 1.89494e-11 3.46419e-06 4.29159e-06 3.85872e-06 4.61643e-06
0.477076 4.20596e-07 3.51647e-07 1.419e-06 2.70923e-06 -3.40702e-11 2.02478e-11 3.63211e-06 4.38958e-06 4.05271e-06 4.74123e-06
0.477433 4.48292e-07 3.80698e-07 1.47821e-06 2.79582e-06 -3.81784e-11 2.15494e-11 3.80267e-06 4.47763e-06 4.25096e-06 4.85833e-06
0.477791 4.77694e-07 4.12162e-07 1.53658e-06 2.87981e-06 -4.27547e-11 2.28293e-11 3.97474e-06 4.55341e-06 4.45243e-06 4.96557e-06
0.478148 5.08873e-07 4.46223e-07 1.59333e-06 2.96015e-06 -4.78435e-11 2.40561e-11 4.14692e-06 4.61426e-06 4.6558e-06 5.06048e-06
0.478506 5.41896e-07 4.83073e-07 1.64755e-06 3.03561e-06 -5.34907e-11 2.51899e-11 4.31752e-06 4.65718e-06 4.85942e-06 5.14025e-06
0.478864 5.76823e-07 5.22911e-07 1.69814e-06 3.10478e-06 -5.97436e-11 2.61813e-11 4.48447e-06 4.67878e-06 5.0613e-06 5.20169e-06
0.479221 6.13708e-07 5.65944e-07 1.74381e-06 3.16607e-06 -6.66489e-11 2.69697e-11 4.64529e-06 4.67525e-06 5.259e-06 5.24119e-06
0.479579 6.52591e-07 6.12384e-07 1.78304e-06 3.21765e-06 -7.42526e-11 2.74814e-11 4.79702e-06 4.64231e-06 5.44961e-06 5.2547e-06
0.479937 6.93504e-07 6.62447e-07 1.81405e-06 3.25745e-06 -8.25973e-11 2.76278e-11 4.93616e-06 4.57521e-06 5.62966e-06 5.23766e-06
0.480294 7.36457e-07 7.16348e-07 1.83475e-06 3.28314e-06 -9.17206e-11 2.73033e-11 5.05859e-06 4.46865e-06 5.79505e-06 5.185e-06
0.480652 7.81443e-07 7.743e-07 1.84274e-06 3.2921e-06 -1.01652e-10 2.63833e-11 5.1595e-06 4.31677e-06 5.94094e-06 5.09107e-06
0.481009 8.28429e-07 8.36506e-07 1.83524e-06 3.28139e-06 -1.12411e-10 2.47221e-11 5.23326e-06 4.11312e-06 6.06168e-06 4.94962e-06
0.481367 8.77354e-07 9.03157e-07 1.80903e-06 3.24775e-06 -1.23999e-10 2.21513e-11 5.27336e-06 3.8506e-06 6.15071e-06 4.75376e-06
0.481725 9.28122e-07 9.74424e-07 1.76044e-06 3.18756e-06 -1.36401e-10 1.84781e-11 5.2723e-06 3.52148e-06 6.20042e-06 4.49591e-06
0.482082 9.80593e-07 1.05045e-06 1.68528e-06 3.09681e-06 -1.49573e-10 1.34842e-11 5.22148e-06 3.11738e-06 6.20208e-06 4.16782e-06
0.48244 1.03459e-06 1.13133e-06 1.57881e-06 2.97113e-06 -1.63441e-10 6.92638e-12 5.11107e-06 2.62923e-06 6.14566e-06 3.76056e-06
0.482798 1.08986e-06 1.21711e-06 1.43564e-06 2.80573e-06 -1.77889e-10 -1.46325e-12 4.92991e-06 2.04733e-06 6.01977e-06 3.26444e-06
0.483155 1.14611e-06 1.3078e-06 1.24973e-06 2.59541e-06 -1.92756e-10 -1.19739e-11 4.66539e-06 1.36135e-06 5.8115e-06 2.66915e-06
0.483513 1.20298e-06 1.40327e-06 1.01432e-06 2.33457e-06 -2.07823e-10 -2.49115e-11 4.30334e-06 5.60414e-07 5.50631e-06 1.96369e-06
0.483871 1.26e-06 1.50335e-06 7.21899e-07 2.01723e-06 -2.22807e-10 -4.05912e-11 3.82793e-06 -3.66865e-07 5.08793e-06 1.13649e-06
0.484228 1.31665e-06 1.6077e-06 3.6415e-07 1.63702e-06 -2.3735e-10 -5.93264e-11 3.22161e-06 -1.43223e-06 4.53826e-06 1.75473e-07
0.484586 1.3723e-06 1.71586e-06 -6.80515e-08 1.18725e-06 -2.51016e-10 -8.14139e-11 2.465e-06 -2.64765e-06 3.83731e-06 -9.31787e-07
0.484943 1.42622e-06 1.82718e-06 -5.84652e-07 6.60952e-07 -2.63281e-10 -1.07114e-10 1.53692e-06 -4.02512e-06 2.96313e-06 -2.19794e-06
0.485301 1.47757e-06 1.94081e-06 -1.1964e-06 5.09545e-08 -2.73534e-10 -1.36628e-10 4.14349e-07 -5.57643e-06 1.89191e-06 -3.63562e-06
0.485659 1.52539e-06 2.05565e-06 -1.91481e-06 -6.5002e-07 -2.8108e-10 -1.70064e-10 -9.27426e-07 -7.31287e-06 5.97964e-07 -5.25722e-06
0.486016 1.56863e-06 2.17033e-06 -2.75207e-06 -1.44923e-06 -2.85148e-10 -2.07403e-10 -2.51472e-06 -9.24487e-06 -9.4609e-07 -7.07454e-06
0.486374 1.60609e-06 2.28316e-06 -3.72094e-06 -2.35378e-06 -2.8491e-10 -2.48459e-10 -4.37517e-06 -1.13816e-05 -2.76908e-06 -9.09843e-06
0.486732 1.63649e-06 2.39211e-06 -4.83456e-06 -3.37042e-06 -2.79513e-10 -2.92829e-10 -6.53741e-06 -1.37305e-05 -4.90092e-06 -1.13384e-05
0.487089 1.65843e-06 2.49473e-06 -6.10622e-06 -4.50538e-06 -2.68119e-10 -3.3985e-10 -9.03061e-06 -1.62967e-05 -7.37218e-06 -1.3802e-05
0.487447 1.67041e-06 2.58816e-06 -7.54909e-06 -5.76408e-06 -2.49972e-10 -3.88546e-10 -1.18838e-05 -1.90827e-05 -1.02134e-05 -1.64945e-05
0.487804 1.67089e-06 2.66905e-06 -9.17581e-06 -7.15093e-06 -2.2447e-10 -4.37589e-10 -1.51251e-05 -2.20872e-05 -1.34543e-05 -1.94181e-05
0.488162 1.65827e-06 2.73356e-06 -1.0998e-05 -8.66899e-06 -1.91266e-10 -4.85263e-10 -1.87809e-05 -2.5305e-05 -1.71227e-05 -2.25714e-05
0.48852 1.63095e-06 2.77736e-06 -1.30259e-05 -1.03197e-05 -1.50386e-10 -5.29453e-10 -2.28745e-05 -2.87261e-05 -2.12436e-05 -2.59487e-05
0.488877 1.58737e-06 2.79555e-06 -1.52674e-05 -1.21027e-05 -1.02363e-10 -5.67653e-10 -2.74247e-05 -3.23351e-05 -2.58374e-05 -2.95395e-05
0.489235 1.52607e-06 2.78273e-06 -1.77275e-05 -1.40151e-05 -4.83799e-11 -5.97016e-10 -3.24446e-05 -3.61105e-05 -3.09185e-05 -3.33278e-05
0.489593 1.44576e-06 2.73302e-06 -2.04077e-05 -1.60519e-05 9.57724e-12 -6.14448e-10 -3.79395e-05 -4.00245e-05 -3.64938e-05 -3.72914e-05
0.48995 1.34537e-06 2.64009e-06 -2.33046e-05 -1.82049e-05 6.85829e-11 -6.16756e-10 -4.39052e-05 -4.40421e-05 -4.25598e-05 -4.1402e-05
0.490308 1.22417e-06 2.49724e-06 -2.64096e-05 -2.04632e-05 1.24657e-10 -6.00868e-10 -5.03258e-05 -4.81218e-05 -4.91016e-05 -4.56245e-05
0.490665 1.08181e-06 2.29753e-06 -2.97072e-05 -2.28128e-05 1.72698e-10 -5.64106e-10 -5.71719e-05 -5.22147e-05 -5.60901e-05 -4.99171e-05
0.491023 9.18472e-07 2.03392e-06 -3.31749e-05 -2.52365e-05 2.0649e-10 -5.04537e-10 -6.43985e-05 -5.62657e-05 -6.348e-05 -5.42318e-05
0.491381 7.34904e-07 1.69946e-06 -3.67815e-05 -2.77142e-05 2.18802e-10 -4.21373e-10 -7.19428e-05 -6.02138e-05 -7.12079e-05 -5.85144e-05
0.491738 5.32536e-07 1.2875e-06 -4.04872e-05 -3.0223e-05 2.01614e-10 -3.15399e-10 -7.97231e-05 -6.39936e-05 -7.91906e-05 -6.27061e-05
0.492096 3.13543e-07 7.91974e-07 -4.42423e-05 -3.27376e-05 1.46486e-10 -1.89413e-10 -8.76372e-05 -6.75365e-05 -8.73237e-05 -6.67445e-05
0.492454 8.09045e-08 2.07685e-07 -4.79874e-05 -3.5231e-05 4.50861e-11 -4.86051e-11 -9.55618e-05 -7.0773e-05 -9.54809e-05 -7.05653e-05
0.492811 -1.61566e-07 -4.69362e-07 -5.16532e-05 -3.76751e-05 -1.10135e-10 9.91497e-11 -0.000103353 -7.3635e-05 -0.000103514 -7.41043e-05
0.493169 -4.09222e-07 -1.24162e-06 -5.51615e-05 -4.00415e-05 -3.25124e-10 2.43171e-10 -0.000110846 -7.60586e-05 -0.000111255 -7.73002e-05
0.493526 -6.56627e-07 -2.10965e-06 -5.84253e-05 -4.2303e-05 -6.03319e-10 3.70079e-10 -0.000117859 -7.79875e-05 -0.000118515 -8.00972e-05
0.493884 -8.97633e-07 -3.07177e-06 -6.13511e-05 -4.4434e-05 -9.44717e-10 4.64184e-10 -0.000124194 -7.93757e-05 -0.000125092 -8.24475e-05
0.494242 -1.12552e-06 -4.1238e-06 -6.38407e-05 -4.64123e-05 -1.345e-09 5.08202e-10 -0.000129645 -8.01911e-05 -0.000130771 -8.43149e-05
0.494599 -1.33316e-06 -5.25872e-06 -6.57938e-05 -4.82199e-05 -1.79485e-09 4.84309e-10 -0.000133999 -8.04184e-05 -0.000135332 -8.56771e-05
0.494957 -1.51328e-06 -6.46657e-06 -6.71111e-05 -4.98439e-05 -2.27952e-09 3.75505e-10 -0.000137044 -8.00618e-05 -0.000138557 -8.65284e-05
0.495315 -1.65868e-06 -7.73434e-06 -6.7698e-05 -5.12779e-05 -2.77889e-09 1.67214e-10 -0.00013858 -7.9147e-05 -0.000140239 -8.68813e-05
0.495672 -1.76261e-06 -9.046e-06 -6.74685e-05 -5.25222e-05 -3.26791e-09 -1.50997e-10 -0.000138422 -7.77221e-05 -0.000140185 -8.67681e-05
0.49603 -1.81901e-06 -1.03827e-05 -6.63494e-05 -5.35839e-05 -3.71773e-09 -5.83737e-10 -0.000136413 -7.5858e-05 -0.000138232 -8.62407e-05
0.496387 -1.8229e-06 -1.17229e-05 -6.42843e-05 -5.44774e-05 -4.09728e-09 -1.12836e-09 -0.000132431 -7.36469e-05 -0.000134254 -8.53698e-05
0.496745 -1.7707e-06 -1.30433e-05 -6.12371e-05 -5.52233e-05 -4.37539e-09 -1.77395e-09 -0.000126396 -7.12003e-05 -0.000128167 -8.42436e-05
0.497103 -1.66046e-06 -1.43187e-05 -5.71957e-05 -5.58479e-05 -4.52329e-09 -2.50098e-09 -0.00011828 -6.8645e-05 -0.000119941 -8.29637e-05
0.49746 -1.49212e-06 -1.55236e-05 -5.21746e-05 -5.63815e-05 -4.51714e-09 -3.28171e-09 -0.00010811 -6.61182e-05 -0.000109602 -8.16418e-05
0.497818 -1.26765e-06 -1.66321e-05 -4.62161e-05 -5.68566e-05 -4.34061e-09 -4.08141e-09 -9.59715e-05 -6.37619e-05 -9.72392e-05 -8.0394e-05
0.498176 -9.91114e-07 -1.76196e-05 -3.9391e-05 -5.73064e-05 -3.98685e-09 -4.86041e-09 -8.20111e-05 -6.17161e-05 -8.30023e-05 -7.93357e-05
0.498533 -6.68634e-07 -1.84631e-05 -3.17979e-05 -5.77622e-05 -3.46003e-09 -5.57686e-09 -6.64343e-05 -6.01118e-05 -6.71029e-05 -7.85749e-05
0.498891 -3.0822e-07 -1.91424e-05 -2.35608e-05 -5.82515e-05 -2.77575e-09 -6.1899e-09 -4.95005e-05 -5.90645e-05 -4.98087e-05 -7.82069e-05
0.499249 8.04627e-08 -1.96409e-05 -1.48263e-05 -5.87962e-05 -1.96066e-09 -6.66298e-09 -3.15166e-05 -5.86673e-05 -3.14362e-05 -7.83082e-05
0.499606 4.86445e-07 -1.9946e-05 -5.75842e-06 -5.94104e-05 -1.05087e-09 -6.96701e-09 -1.28274e-05 -5.89861e-05 -1.23409e-05 -7.89321e-05
0.499964 8.97877e-07 -2.00502e-05 3.46627e-06 -6.00999e-05 -8.95796e-11 -7.08289e-09 6.19638e-06 -6.00551e-05 7.09425e-06 -8.01053e-05
0.500321 1.30251e-06 -1.99506e-05 1.26651e-05 -6.08606e-05 8.76158e-10 -7.00326e-09 2.51705e-05 -6.18746e-05 2.6473e-05 -8.18252e-05
0.500679 1.68818e-06 -1.96498e-05 2.16556e-05 -6.16793e-05 1.79893e-09 -6.73316e-09 4.37114e-05 -6.44103e-05 4.53996e-05 -8.40601e-05
0.501037 2.04335e-06 -1.91554e-05 3.0262e-05 -6.25334e-05 2.63455e-09 -6.28959e-09 6.14496e-05 -6.75945e-05 6.3493e-05 -8.675e-05
0.501394 2.35755e-06 -1.84798e-05 3.83216e-05 -6.33925e-05 3.34537e-09 -5.69994e-09 7.80429e-05 -7.13296e-05 8.04004e-05 -8.98094e-05
0.501752 2.62179e-06 -1.76395e-05 4.56897e-05 -6.42198e-05 3.90281e-09 -4.9996e-09 9.31878e-05 -7.54921e-05 9.58096e-05 -9.31316e-05
0.50211 2.82891e-06 -1.66547e-05 5.22445e-05 -6.49737e-05 4.28911e-09 -4.22889e-09 0.000106629 -7.99392e-05 0.000109458 -9.65939e-05
0.502467 2.9738e-06 -1.55484e-05 5.78906e-05 -6.56109e-05 4.49798e-09 -3.42977e-09 0.000118168 -8.45152e-05 0.000121142 -0.000100064
0.502825 3.05355e-06 -1.43454e-05 6.25606e-05 -6.60878e-05 4.53428e-09 -2.64254e-09 0.000127664 -8.90592e-05 0.000130717 -0.000103405
0.503182 3.06743e-06 -1.30716e-05 6.62162e-05 -6.63635e-05 4.41274e-09 -1.90308e-09 0.000135038 -9.34119e-05 0.000138106 -0.000106483
0.50354 3.01683e-06 -1.17528e-05 6.88476e-05 -6.64012e-05 4.15601e-09 -1.24058e-09 0.000140274 -9.74229e-05 0.000143291 -0.000109176
0.503898 2.90509e-06 -1.04143e-05 7.04721e-05 -6.61708e-05 3.79216e-09 -6.76203e-10 0.000143409 -0.000100957 0.000146314 -0.000111371
0.504255 2.73721e-06 -9.07979e-06 7.11309e-05 -6.56496e-05 3.35215e-09 -2.22463e-10 0.000144534 -0.000103897 0.000147271 -0.000112977
0.504613 2.51959e-06 -7.77091e-06 7.08861e-05 -6.48233e-05 2.86729e-09 1.16504e-10 0.000143781 -0.000106151 0.000146301 -0.000113922
0.504971 2.25965e-06 -6.50675e-06 6.98168e-05 -6.36868e-05 2.36705e-09 3.4406e-10 0.00014132 -0.000107652 0.00014358 -0.000114158
0.505328 1.96548e-06 -5.30352e-06 6.80147e-05 -6.22436e-05 1.8773e-09 4.69694e-10 0.000137346 -0.000108358 0.000139312 -0.000113661
0.505686 1.64551e-06 -4.17437e-06 6.55802e-05 -6.05059e-05 1.4192e-09 5.07373e-10 0.000132072 -0.000108254 0.000133718 -0.000112429
0.506043 1.30814e-06 -3.12936e-06 6.26177e-05 -5.84933e-05 1.00851e-09 4.7381e-10 0.000125719 -0.00010735 0.000127027 -0.00011048
0.506401 9.61511e-07 -2.17554e-06 5.92329e-05 -5.62316e-05 6.5557e-10 3.86831e-10 0.00011851 -0.000105677 0.000119472 -0.000107853
0.506759 6.13225e-07 -1.31711e-06 5.55283e-05 -5.37521e-05 3.65581e-10 2.6395e-10 0.000110662 -0.000103285 0.000111275 -0.000104602
0.507116 2.70165e-07 -5.55666e-07 5.16017e-05 -5.10897e-05 1.39276e-10 1.21258e-10 0.000102379 -0.000100238 0.000102649 -0.000100794
0.507474 -6.16388e-08 1.0944e-07 4.75432e-05 -4.82815e-05 -2.62317e-11 -2.73627e-11 9.3851e-05 -9.66133e-05 9.37894e-05 -9.65038e-05
0.507832 -3.77094e-07 6.80804e-07 4.34339e-05 -4.53658e-05 -1.3652e-10 -1.70688e-10 8.52469e-05 -9.24943e-05 8.48698e-05 -9.18135e-05
0.508189 -6.72079e-07 1.16259e-06 3.93451e-05 -4.23803e-05 -1.98937e-10 -3.00307e-10 7.67152e-05 -8.79695e-05 7.60431e-05 -8.68069e-05
0.508547 -9.43438e-07 1.5602e-06 3.53377e-05 -3.93618e-05 -2.21762e-10 -4.10539e-10 6.83817e-05 -8.3128e-05 6.74382e-05 -8.15678e-05
0.508904 -1.18894e-06 1.8799e-06 3.1462e-05 -3.63445e-05 -2.13492e-10 -4.98169e-10 6.035e-05 -7.80571e-05 5.9161e-05 -7.61772e-05
0.509262 -1.4072e-06 2.12856e-06 2.77581e-05 -3.33597e-05 -1.8229e-10 -5.62076e-10 5.2702e-05 -7.28399e-05 5.12948e-05 -7.07113e-05
0.50962 -1.59763e-06 2.31333e-06 2.42568e-05 -3.04355e-05 -1.35584e-10 -6.02801e-10 4.54996e-05 -6.75536e-05 4.3902e-05 -6.52402e-05
0.509977 -1.76028e-06 2.44148e-06 2.09799e-05 -2.75962e-05 -7.98152e-11 -6.22115e-10 3.8786e-05 -6.22682e-05 3.70258e-05 -5.98267e-05
0.510335 -1.89578e-06 2.52012e-06 1.79414e-05 -2.48619e-05 -2.03132e-11 -6.22602e-10 3.2588e-05 -5.70455e-05 3.06922e-05 -5.45254e-05
0.510693 -2.00522e-06 2.55611e-06 1.51487e-05 -2.22493e-05 3.87228e-11 -6.07307e-10 2.69179e-05 -5.1939e-05 2.49127e-05 -4.93829e-05
0.51105 -2.09004e-06 2.55595e-06 1.2603e-05 -1.97711e-05 9.41699e-11 -5.79438e-10 2.17764e-05 -4.69934e-05 1.96864e-05 -4.44374e-05
0.511408 -2.15195e-06 2.52565e-06 1.03013e-05 -1.74366e-05 1.43874e-10 -5.4214e-10 1.71538e-05 -4.22449e-05 1.50019e-05 -3.97193e-05
0.511765 -2.19285e-06 2.47071e-06 8.23612e-06 -1.52516e-05 1.86514e-10 -4.98333e-10 1.30329e-05 -3.77219e-05 1.084e-05 -3.52512e-05
0.512123 -2.21471e-06 2.39608e-06 6.39751e-06 -1.32193e-05 2.21449e-10 -4.50605e-10 9.39006e-06 -3.34453e-05 7.17535e-06 -3.10492e-05
0.512481 -2.21957e-06 2.30617e-06 4.77311e-06 -1.13402e-05 2.48577e-10 -4.01159e-10 6.19762e-06 -2.94292e-05 3.97805e-06 -2.71231e-05
0.512838 -2.20944e-06 2.20486e-06 3.34909e-06 -9.61284e-06 2.6819e-10 -3.51795e-10 3.42481e-06 -2.5682e-05 1.21537e-06 -2.34772e-05
0.513196 -2.18629e-06 2.09549e-06 2.11075e-06 -8.03362e-06 2.8086e-10 -3.03918e-10 1.03918e-06 -2.22068e-05 -1.14711e-06 -2.01113e-05
0.513554 -2.15197e-06 1.98094e-06 1.0429e-06 -6.59771e-06 2.8733e-10 -2.5857e-10 -9.92412e-07 -1.90022e-05 -3.14438e-06 -1.70212e-05
0.513911 -2.10826e-06 1.86361e-06 1.30385e-07 -5.29906e-06 2.88435e-10 -2.16475e-10 -2.70295e-06 -1.60634e-05 -4.81121e-06 -1.41998e-05
0.514269 -2.05679e-06 1.74552e-06 -6.41715e-07 -4.13078e-06 2.85039e-10 -1.78079e-10 -4.12463e-06 -1.33826e-05 -6.18142e-06 -1.1637e-05
0.514627 -1.99904e-06 1.62831e-06 -1.28777e-06 -3.08537e-06 2.77984e-10 -1.43606e-10 -5.28838e-06 -1.09496e-05 -7.28742e-06 -9.32133e-06
0.514984 -1.93637e-06 1.51331e-06 -1.82147e-06 -2.15496e-06 2.68061e-10 -1.13101e-10 -6.22348e-06 -8.75283e-06 -8.15985e-06 -7.23952e-06
0.515342 -1.86999e-06 1.40154e-06 -2.25564e-06 -1.33151e-06 2.55986e-10 -8.64743e-11 -6.95734e-06 -6.77912e-06 -8.82733e-06 -5.37758e-06
0.515699 -1.80098e-06 1.2938e-06 -2.60225e-06 -6.06954e-07 2.42393e-10 -6.35378e-11 -7.51532e-06 -5.01474e-06 -9.3163e-06 -3.72094e-06
0.516057 -1.73026e-06 1.19067e-06 -2.87231e-06 2.66813e-08 2.27825e-10 -4.4037e-11 -7.92073e-06 -3.44551e-06 -9.65099e-06 -2.25484e-06
0.516415 -1.65866e-06 1.09255e-06 -3.07587e-06 5.77142e-07 2.1274e-10 -2.76771e-11 -8.19474e-06 -2.05716e-06 -9.8534e-06 -9.64608e-07
0.516772 -1.58687e-06 9.99696e-07 -3.22206e-06 1.05189e-06 1.9751e-10 -1.41432e-11 -8.35651e-06 -8.35535e-07 -9.94338e-06 1.64161e-07
0.51713 -1.51547e-06 9.12236e-07 -3.3191e-06 1.45802e-06 1.82437e-10 -3.11674e-12 -8.42319e-06 2.33161e-07 -9.93867e-06 1.1454e-06
0.517488 -1.44498e-06 8.30205e-07 -3.37435e-06 1.80226e-06 1.6775e-10 5.71364e-12 -8.41007e-06 1.16224e-06 -9.85505e-06 1.99245e-06
0.517845 -1.37578e-06 7.53554e-07 -3.39433e-06 2.09091e-06 1.53625e-10 1.26434e-11 -8.33069e-06 1.96443e-06 -9.70647e-06 2.71798e-06
0.518203 -1.30821e-06 6.82174e-07 -3.38485e-06 2.32982e-06 1.40184e-10 1.79471e-11 -8.19697e-06 2.65176e-06 -9.50518e-06 3.33393e-06
0.51856 -1.24253e-06 6.15905e-07 -3.351e-06 2.52444e-06 1.2751e-10 2.1875e-11 -8.01931e-06 3.23555e-06 -9.26184e-06 3.85146e-06
0.518918 -1.17894e-06 5.54555e-07 -3.29722e-06 2.67977e-06 1.15652e-10 2.46521e-11 -7.8068e-06 3.72637e-06 -8.98574e-06 4.28092e-06
0.519276 -1.11759e-06 4.97903e-07 -3.2274e-06 2.80038e-06 1.04631e-10 2.64775e-11 -7.56725e-06 4.13401e-06 -8.68485e-06 4.63192e-06
0.519633 -1.05858e-06 4.45714e-07 -3.14491e-06 2.89047e-06 9.44463e-11 2.75257e-11 -7.30743e-06 4.46753e-06 -8.36601e-06 4.91325e-06
0.519991 -1.00198e-06 3.9774e-07 -3.05263e-06 2.95382e-06 8.50828e-11 2.79479e-11 -7.03306e-06 4.73524e-06 -8.03504e-06 5.13298e-06
0.520349 -9.47815e-07 3.53732e-07 -2.95304e-06 2.99388e-06 7.6512e-11 2.78735e-11 -6.74905e-06 4.94475e-06 -7.69687e-06 5.29848e-06
0.520706 -8.96099e-07 3.13438e-07 -2.84826e-06 3.01374e-06 6.8697e-11 2.74124e-11 -6.45951e-06 5.10297e-06 -7.35561e-06 5.41641e-06
0.521064 -8.46812e-07 2.76611e-07 -2.74007e-06 3.01618e-06 6.15954e-11 2.66572e-11 -6.16787e-06 5.21619e-06 -7.01468e-06 5.4928e-06
0.521421 -7.99921e-07 2.43012e-07 -2.62997e-06 3.0037e-06 5.51615e-11 2.56847e-11 -5.87698e-06 5.2901e-06 -6.6769e-06 5.53311e-06
0.521779 -7.55377e-07 2.12407e-07 -2.51922e-06 2.97851e-06 4.93479e-11 2.45584e-11 -5.58918e-06 5.32981e-06 -6.34456e-06 5.54222e-06
0.522137 -7.13118e-07 1.84575e-07 -2.40886e-06 2.94259e-06 4.41071e-11 2.33301e-11 -5.30637e-06 5.33994e-06 -6.01948e-06 5.52451e-06
0.522494 -6.73075e-07 1.59304e-07 -2.29972e-06 2.89769e-06 3.93924e-11 2.20417e-11 -5.03004e-06 5.32459e-06 -5.70311e-06 5.48389e-06
0.522852 -6.35173e-07 1.36393e-07 -2.19251e-06 2.84536e-06 3.51585e-11 2.07264e-11 -4.76138e-06 5.28746e-06 -5.39655e-06 5.42385e-06
0.52321 -5.99329e-07 1.15653e-07 -2.08776e-06 2.78696e-06 3.13625e-11 1.94104e-11 -4.50129e-06 5.23182e-06 -5.10062e-06 5.34747e-06
0.523567 -5.6546e-07 9.6908e-08 -1.98591e-06 2.72369e-06 2.79639e-11 1.81138e-11 -4.25043e-06 5.16058e-06 -4.81589e-06 5.25749e-06
0.523925 -5.3348e-07 7.9992e-08 -1.88727e-06 2.65659e-06 2.49246e-11 1.68519e-11 -4.00926e-06 5.07634e-06 -4.54274e-06 5.15633e-06
0.524282 -5.03302e-07 6.4751e-08 -1.79208e-06 2.58658e-06 2.22096e-11 1.56359e-11 -3.77807e-06 4.98135e-06 -4.28137e-06 5.04611e-06
0.52464 -4.74842e-07 5.10418e-08 -1.70052e-06 2.51446e-06 1.97865e-11 1.44734e-11 -3.55702e-06 4.87764e-06 -4.03186e-06 4.92869e-06
0.524998 -4.48013e-07 3.87317e-08 -1.61269e-06 2.4409e-06 1.76255e-11 1.33698e-11 -3.34614e-06 4.76697e-06 -3.79415e-06 4.8057e-06
0.525355 -4.22732e-07 2.76982e-08 -1.52864e-06 2.36651e-06 1.56995e-11 1.23279e-11 -3.14538e-06 4.65087e-06 -3.56811e-06 4.67857e-06
0.525713 -3.98918e-07 1.78281e-08 -1.44839e-06 2.29178e-06 1.39839e-11 1.13492e-11 -2.9546e-06 4.5307e-06 -3.35351e-06 4.54852e-06
0.526071 -3.76492e-07 9.01722e-09 -1.37191e-06 2.21716e-06 1.24565e-11 1.04336e-11 -2.77359e-06 4.40761e-06 -3.15009e-06 4.41663e-06
0.526428 -3.55378e-07 1.16965e-09 -1.29916e-06 2.143e-06 1.1097e-11 9.58022e-12 -2.60213e-06 4.28264e-06 -2.95751e-06 4.28381e-06
0.526786 -3.35503e-07 -5.80255e-09 -1.23005e-06 2.06962e-06 9.88733e-12 8.78723e-12 -2.43992e-06 4.15665e-06 -2.77543e-06 4.15085e-06
0.527143 -3.16797e-07 -1.19801e-08 -1.16452e-06 1.99726e-06 8.81118e-12 8.0524e-12 -2.28666e-06 4.03039e-06 -2.60346e-06 4.01841e-06
0.527501 -2.99192e-07 -1.74369e-08 -1.10244e-06 1.92615e-06 7.85393e-12 7.37308e-12 -2.14202e-06 3.90451e-06 -2.44121e-06 3.88707e-06
0.527859 -2.82626e-07 -2.22405e-08 -1.04371e-06 1.85646e-06 7.0025e-12 6.74638e-12 -2.00565e-06 3.77954e-06 -2.28827e-06 3.7573e-06
0.528216 -2.67036e-07 -2.64528e-08 -9.88201e-07 1.78833e-06 6.24521e-12 6.16929e-12 -1.8772e-06 3.65595e-06 -2.14424e-06 3.6295e-06
0.528574 -2.52365e-07 -3.01301e-08 -9.35798e-07 1.72185e-06 5.5716e-12 5.63872e-12 -1.75633e-06 3.53412e-06 -2.00869e-06 3.50399e-06
0.528932 -2.38559e-07 -3.33241e-08 -8.86369e-07 1.65713e-06 4.97239e-12 5.15161e-12 -1.64267e-06 3.41437e-06 -1.88123e-06 3.38105e-06
0.529289 -2.25566e-07 -3.60816e-08 -8.39783e-07 1.59422e-06 4.43927e-12 4.70494e-12 -1.53588e-06 3.29696e-06 -1.76145e-06 3.26088e-06
0.529647 -2.13336e-07 -3.84454e-08 -7.95913e-07 1.53315e-06 3.96488e-12 4.2958e-12 -1.43562e-06 3.1821e-06 -1.64895e-06 3.14366e-06
0.530005 -2.01825e-07 -4.04545e-08 -7.5463e-07 1.47396e-06 3.54266e-12 3.92138e-12 -1.34154e-06 3.06995e-06 -1.54337e-06 3.0295e-06
0.530362 -1.90988e-07 -4.21442e-08 -7.15807e-07 1.41666e-06 3.16677e-12 3.579e-12 -1.25334e-06 2.96064e-06 -1.44432e-06 2.9185e-06
0.53072 -1.80784e-07 -4.35468e-08 -6.79322e-07 1.36125e-06 2.83204e-12 3.26615e-12 -1.17068e-06 2.85426e-06 -1.35146e-06 2.81072e-06
0.531077 -1.71175e-07 -4.46916e-08 -6.45054e-07 1.30771e-06 2.53387e-12 2.98046e-12 -1.09326e-06 2.75088e-06 -1.26444e-06 2.70619e-06
0.531435 -1.62125e-07 -4.56052e-08 -6.12888e-07 1.25603e-06 2.26817e-12 2.71968e-12 -1.0208e-06 2.65053e-06 -1.18293e-06 2.60493e-06
0.531793 -1.53598e-07 -4.63117e-08 -5.82711e-07 1.20618e-06 2.03134e-12 2.48177e-12 -9.53017e-07 2.55324e-06 -1.10662e-06 2.50693e-06
0.53215 -1.45565e-07 -4.6833e-08 -5.54415e-07 1.15812e-06 1.82015e-12 2.26478e-12 -8.89635e-07 2.45901e-06 -1.0352e-06 2.41218e-06
0.532508 -1.37993e-07 -4.7189e-08 -5.27896e-07 1.11183e-06 1.63175e-12 2.06693e-12 -8.30404e-07 2.36781e-06 -9.68397e-07 2.32063e-06
0.532866 -1.30856e-07 -4.73978e-08 -5.03056e-07 1.06727e-06 1.46361e-12 1.88658e-12 -7.75079e-07 2.27963e-06 -9.05935e-07 2.23223e-06
0.533223 -1.24126e-07 -4.74755e-08 -4.79799e-07 1.02438e-06 1.31349e-12 1.72221e-12 -7.2343e-07 2.19442e-06 -8.47556e-07 2.14695e-06
0.533581 -1.17779e-07 -4.7437e-08 -4.58035e-07 9.83119e-07 1.1794e-12 1.57242e-12 -6.75237e-07 2.11214e-06 -7.93016e-07 2.06471e-06
0.533938 -1.11792e-07 -4.72956e-08 -4.37677e-07 9.43448e-07 1.05957e-12 1.43592e-12 -6.30293e-07 2.03273e-06 -7.42084e-07 1.98544e-06
0.534296 -1.06142e-07 -4.70635e-08 -4.18645e-07 9.05314e-07 9.52433e-13 1.31155e-12 -5.884e-07 1.95613e-06 -6.94542e-07 1.90907e-06
0.534654 -1.00809e-07 -4.67516e-08 -4.0086e-07 8.6867e-07 8.56603e-13 1.19822e-12 -5.49372e-07 1.88228e-06 -6.50182e-07 1.83553e-06
0.535011 -9.5775e-08 -4.63697e-08 -3.84249e-07 8.33465e-07 7.70841e-13 1.09496e-12 -5.13034e-07 1.8111e-06 -6.08809e-07 1.76473e-06
0.535369 -9.10205e-08 -4.59267e-08 -3.68742e-07 7.9965e-07 6.94052e-13 1.00085e-12 -4.7922e-07 1.74252e-06 -5.70241e-07 1.6966e-06
0.535727 -8.65293e-08 -4.54307e-08 -3.54272e-07 7.67178e-07 6.25263e-13 9.15089e-13 -4.47773e-07 1.67647e-06 -5.34303e-07 1.63104e-06
0.536084 -8.22856e-08 -4.4889e-08 -3.40779e-07 7.35998e-07 5.63608e-13 8.36915e-13 -4.18546e-07 1.61288e-06 -5.00832e-07 1.56799e-06
0.536442 -7.82744e-08 -4.4308e-08 -3.28201e-07 7.06065e-07 5.08318e-13 7.6565e-13 -3.914e-07 1.55166e-06 -4.69674e-07 1.50736e-06
0.536799 -7.44821e-08 -4.36937e-08 -3.16485e-07 6.7733e-07 4.58711e-13 7.00672e-13 -3.66204e-07 1.49275e-06 -4.40686e-07 1.44905e-06
0.537157 -7.08955e-08 -4.30513e-08 -3.05577e-07 6.49749e-07 4.14179e-13 6.41415e-13 -3.42834e-07 1.43606e-06 -4.1373e-07 1.39301e-06
0.537515 -6.75026e-08 -4.23856e-08 -2.95428e-07 6.23277e-07 3.74182e-13 5.87364e-13 -3.21177e-07 1.38152e-06 -3.88679e-07 1.33913e-06
0.537872 -6.42919e-08 -4.17008e-08 -2.85991e-07 5.9787e-07 3.38238e-13 5.3805e-13 -3.01121e-07 1.32905e-06 -3.65413e-07 1.28735e-06
0.53823 -6.12527e-08 -4.10008e-08 -2.77222e-07 5.73486e-07 3.05919e-13 4.93048e-13 -2.82567e-07 1.27859e-06 -3.43819e-07 1.23759e-06
0.538588 -5.8375e-08 -4.02889e-08 -2.6908e-07 5.50084e-07 2.76844e-13 4.5197e-13 -2.65416e-07 1.23006e-06 -3.23791e-07 1.18977e-06
0.538945 -5.56494e-08 -3.95683e-08 -2.61525e-07 5.27624e-07 2.50673e-13 4.14463e-13 -2.4958e-07 1.18339e-06 -3.0523e-07 1.14382e-06
0.539303 -5.3067e-08 -3.88416e-08 -2.54522e-07 5.06068e-07 2.27104e-13 3.80207e-13 -2.34974e-07 1.13851e-06 -2.88041e-07 1.09966e-06
0.53966 -5.06197e-08 -3.81113e-08 -2.48035e-07 4.85379e-07 2.05865e-13 3.48912e-13 -2.21518e-07 1.09535e-06 -2.72137e-07 1.05724e-06
0.540018 -4.82995e-08 -3.73795e-08 -2.42033e-07 4.65521e-07 1.86717e-13 3.20313e-13 -2.09137e-07 1.05385e-06 -2.57437e-07 1.01647e-06
0.540376 -4.60993e-08 -3.66481e-08 -2.36484e-07 4.4646e-07 1.69444e-13 2.94169e-13 -1.97762e-07 1.01394e-06 -2.43861e-07 9.77296e-07
0.540733 -4.40122e-08 -3.59189e-08 -2.31359e-07 4.28162e-07 1.53854e-13 2.70261e-13 -1.87327e-07 9.75574e-07 -2.31339e-07 9.39655e-07
0.541091 -4.20319e-08 -3.51933e-08 -2.26632e-07 4.10595e-07 1.39775e-13 2.48393e-13 -1.77771e-07 9.38678e-07 -2.19803e-07 9.03484e-07
0.541449 -4.01522e-08 -3.44727e-08 -2.22278e-07 3.93729e-07 1.27054e-13 2.28382e-13 -1.69035e-07 9.03197e-07 -2.09187e-07 8.68725e-07
0.541806 -3.83675e-08 -3.37581e-08 -2.18272e-07 3.77535e-07 1.15554e-13 2.10064e-13 -1.61065e-07 8.69078e-07 -1.99433e-07 8.3532e-07
0.542164 -3.66725e-08 -3.30506e-08 -2.14592e-07 3.61983e-07 1.05152e-13 1.93292e-13 -1.53812e-07 8.36266e-07 -1.90484e-07 8.03216e-07
0.542521 -3.50623e-08 -3.23511e-08 -2.11217e-07 3.47047e-07 9.57373e-14 1.77928e-13 -1.47226e-07 8.04709e-07 -1.82288e-07 7.72358e-07
0.542879 -3.3532e-08 -3.16603e-08 -2.08127e-07 3.327e-07 8.72126e-14 1.6385e-13 -1.41264e-07 7.74358e-07 -1.74796e-07 7.42697e-07
0.543237 -3.20774e-08 -3.09789e-08 -2.05304e-07 3.18918e-07 7.94893e-14 1.50945e-13 -1.35884e-07 7.45163e-07 -1.67961e-07 7.14185e-07
0.543594 -3.06943e-08 -3.03074e-08 -2.0273e-07 3.05677e-07 7.24884e-14 1.39111e-13 -1.31045e-07 7.1708e-07 -1.6174e-07 6.86773e-07
0.543952 -2.93787e-08 -2.96462e-08 -2.00388e-07 2.92954e-07 6.61388e-14 1.28256e-13 -1.26713e-07 6.90063e-07 -1.56091e-07 6.60417e-07
0.54431 -2.81271e-08 -2.89958e-08 -1.98263e-07 2.80726e-07 6.0377e-14 1.18294e-13 -1.22851e-07 6.64069e-07 -1.50978e-07 6.35073e-07
0.544667 -2.69359e-08 -2.83564e-08 -1.96341e-07 2.68973e-07 5.51457e-14 1.09149e-13 -1.19428e-07 6.39058e-07 -1.46364e-07 6.10701e-07
0.545025 -2.58019e-08 -2.77283e-08 -1.94608e-07 2.57675e-07 5.03937e-14 1.00751e-13 -1.16413e-07 6.14989e-07 -1.42215e-07 5.87261e-07
0.545382 -2.4722e-08 -2.71117e-08 -1.9305e-07 2.46812e-07 4.60747e-14 9.30359e-14 -1.13778e-07 5.91825e-07 -1.38501e-07 5.64714e-07
0.54574 -2.36935e-08 -2.65067e-08 -1.91657e-07 2.36366e-07 4.21474e-14 8.59451e-14 -1.11497e-07 5.6953e-07 -1.35191e-07 5.43023e-07
0.546098 -2.27135e-08 -2.59135e-08 -1.90417e-07 2.2632e-07 3.85742e-14 7.94259e-14 -1.09544e-07 5.48068e-07 -1.32257e-07 5.22154e-07
0.546455 -2.17795e-08 -2.53321e-08 -1.89319e-07 2.16656e-07 3.53217e-14 7.34299e-14 -1.07896e-07 5.27406e-07 -1.29675e-07 5.02074e-07
0.546813 -2.0889e-08 -2.47624e-08 -1.88353e-07 2.07358e-07 3.23595e-14 6.79131e-14 -1.06531e-07 5.07511e-07 -1.2742e-07 4.82749e-07
0.547171 -2.00399e-08 -2.42045e-08 -1.87509e-07 1.98411e-07 2.96603e-14 6.28352e-14 -1.05428e-07 4.88353e-07 -1.25468e-07 4.64149e-07
0.547528 -1.923e-08 -2.36584e-08 -1.8678e-07 1.89801e-07 2.71996e-14 5.81595e-14 -1.04568e-07 4.69902e-07 -1.23798e-07 4.46244e-07
0.547886 -1.84573e-08 -2.3124e-08 -1.86156e-07 1.81512e-07 2.49552e-14 5.38525e-14 -1.03934e-07 4.5213e-07 -1.22391e-07 4.29006e-07
0.548244 -1.77198e-08 -2.26012e-08 -1.8563e-07 1.73533e-07 2.2907e-14 4.98836e-14 -1.03508e-07 4.3501e-07 -1.21227e-07 4.12408e-07
0.548601 -1.70158e-08 -2.20899e-08 -1.85194e-07 1.65849e-07 2.1037e-14 4.6225e-14 -1.03273e-07 4.18515e-07 -1.20289e-07 3.96425e-07
0.548959 -1.63435e-08 -2.159e-08 -1.84842e-07 1.58448e-07 1.93288e-14 4.2851e-14 -1.03217e-07 4.0262e-07 -1.1956e-07 3.8103e-07
0.549316 -1.57014e-08 -2.11013e-08 -1.84567e-07 1.5132e-07 1.77677e-14 3.97384e-14 -1.03323e-07 3.87302e-07 -1.19025e-07 3.662e-07
0.549674 -1.5088e-08 -2.06237e-08 -1.84363e-07 1.44451e-07 1.63402e-14 3.68658e-14 -1.0358e-07 3.72537e-07 -1.18668e-07 3.51913e-07
0.550032 -1.45017e-08 -2.0157e-08 -1.84225e-07 1.37833e-07 1.50344e-14 3.42137e-14 -1.03976e-07 3.58304e-07 -1.18477e-07 3.38147e-07
0.550389 -1.39413e-08 -1.97011e-08 -1.84146e-07 1.31454e-07 1.38394e-14 3.17643e-14 -1.04497e-07 3.44581e-07 -1.18439e-07 3.2488e-07
0.550747 -1.34055e-08 -1.92559e-08 -1.84122e-07 1.25304e-07 1.27451e-14 2.95012e-14 -1.05135e-07 3.31349e-07 -1.18541e-07 3.12093e-07
0.551105 -1.28931e-08 -1.8821e-08 -1.84148e-07 1.19375e-07 1.17426e-14 2.74094e-14 -1.05878e-07 3.18588e-07 -1.18772e-07 2.99767e-07
0.551462 -1.24029e-08 -1.83963e-08 -1.8422e-07 1.13656e-07 1.08238e-14 2.54754e-14 -1.06718e-07 3.06279e-07 -1.19121e-07 2.87883e-07
0.55182 -1.19339e-08 -1.79817e-08 -1.84334e-07 1.08141e-07 9.98136e-15 2.36865e-14 -1.07645e-07 2.94405e-07 -1.19579e-07 2.76423e-07
0.552177 -1.1485e-08 -1.7577e-08 -1.84484e-07 1.0282e-07 9.20852e-15 2.20312e-14 -1.08652e-07 2.82949e-07 -1.20137e-07 2.65372e-07
0.552535 -1.10553e-08 -1.71819e-08 -1.84669e-07 9.76852e-08 8.49923e-15 2.04989e-14 -1.0973e-07 2.71893e-07 -1.20785e-07 2.54712e-07
0.552893 -1.06438e-08 -1.67963e-08 -1.84884e-07 9.27296e-08 7.84797e-15 1.90801e-14 -1.10872e-07 2.61224e-07 -1.21515e-07 2.44428e-07
0.55325 -1.02497e-08 -1.64199e-08 -1.85126e-07 8.79459e-08 7.24972e-15 1.77659e-14 -1.12071e-07 2.50926e-07 -1.2232e-07 2.34506e-07
0.553608 -9.87209e-09 -1.60526e-08 -1.85391e-07 8.33272e-08 6.69992e-15 1.6548e-14 -1.13321e-07 2.40984e-07 -1.23193e-07 2.24931e-07
0.553966 -9.51029e-09 -1.56942e-08 -1.85678e-07 7.8867e-08 6.19443e-15 1.5419e-14 -1.14616e-07 2.31384e-07 -1.24126e-07 2.1569e-07
0.554323 -9.16352e-09 -1.53444e-08 -1.85983e-07 7.45588e-08 5.72946e-15 1.43721e-14 -1.15951e-07 2.22114e-07 -1.25114e-07 2.0677e-07
0.554681 -8.83108e-09 -1.50031e-08 -1.86304e-07 7.03967e-08 5.3016e-15 1.34009e-14 -1.17319e-07 2.13161e-07 -1.2615e-07 1.98158e-07
0.555038 -8.51231e-09 -1.46701e-08 -1.86638e-07 6.6375e-08 4.9077e-15 1.24997e-14 -1.18717e-07 2.04513e-07 -1.27229e-07 1.89843e-07
0.555396 -8.20657e-09 -1.43452e-08 -1.86983e-07 6.2488e-08 4.54492e-15 1.1663e-14 -1.20139e-07 1.96158e-07 -1.28346e-07 1.81813e-07
0.555754 -7.91326e-09 -1.40282e-08 -1.87337e-07 5.87307e-08 4.21066e-15 1.08861e-14 -1.21582e-07 1.88085e-07 -1.29495e-07 1.74057e-07
0.556111 -7.63183e-09 -1.37189e-08 -1.87698e-07 5.50978e-08 3.90254e-15 1.01644e-14 -1.23041e-07 1.80284e-07 -1.30673e-07 1.66565e-07
0.556469 -7.36172e-09 -1.34172e-08 -1.88064e-07 5.15846e-08 3.6184e-15 9.49366e-15 -1.24512e-07 1.72744e-07 -1.31874e-07 1.59327e-07
0.556827 -7.10242e-09 -1.31228e-08 -1.88434e-07 4.81864e-08 3.35627e-15 8.87016e-15 -1.25993e-07 1.65455e-07 -1.33095e-07 1.52332e-07
0.557184 -6.85346e-09 -1.28356e-08 -1.88805e-07 4.48989e-08 3.11434e-15 8.29036e-15 -1.27479e-07 1.58408e-07 -1.34332e-07 1.45572e-07
0.557542 -6.61436e-09 -1.25553e-08 -1.89176e-07 4.17176e-08 2.89096e-15 7.751e-15 -1.28968e-07 1.51594e-07 -1.35582e-07 1.39039e-07
0.557899 -6.38469e-09 -1.22819e-08 -1.89545e-07 3.86387e-08 2.68464e-15 7.2491e-15 -1.30457e-07 1.45004e-07 -1.36841e-07 1.32722e-07
0.558257 -6.16403e-09 -1.20152e-08 -1.89912e-07 3.56582e-08 2.49399e-15 6.78189e-15 -1.31942e-07 1.38631e-07 -1.38106e-07 1.26615e-07
0.558615 -5.95198e-09 -1.17549e-08 -1.90275e-07 3.27724e-08 2.31775e-15 6.34683e-15 -1.33423e-07 1.32465e-07 -1.39375e-07 1.2071e-07
0.558972 -5.74817e-09 -1.1501e-08 -1.90632e-07 2.99776e-08 2.15476e-15 5.94157e-15 -1.34896e-07 1.265e-07 -1.40644e-07 1.14999e-07
0.55933 -5.55223e-09 -1.12533e-08 -1.90983e-07 2.72705e-08 2.00398e-15 5.56395e-15 -1.36359e-07 1.20728e-07 -1.41911e-07 1.09474e-07
0.559688 -5.36383e-09 -1.10115e-08 -1.91327e-07 2.46478e-08 1.86444e-15 5.21197e-15 -1.3781e-07 1.15141e-07 -1.43173e-07 1.0413e-07
0.560045 -5.18263e-09 -1.07757e-08 -1.91662e-07 2.21063e-08 1.73524e-15 4.88378e-15 -1.39247e-07 1.09734e-07 -1.44429e-07 9.89587e-08
0.560403 -5.00833e-09 -1.05455e-08 -1.91988e-07 1.96431e-08 1.61557e-15 4.57768e-15 -1.40669e-07 1.045e-07 -1.45677e-07 9.39547e-08
0.56076 -4.84063e-09 -1.03209e-08 -1.92303e-07 1.72551e-08 1.5047e-15 4.29207e-15 -1.42073e-07 9.94324e-08 -1.46914e-07 8.91116e-08
0.561118 -4.67925e-09 -1.01017e-08 -1.92608e-07 1.49397e-08 1.40193e-15 4.02552e-15 -1.43459e-07 9.45253e-08 -1.48138e-07 8.44236e-08
0.561476 -4.52393e-09 -9.88781e-09 -1.929e-07 1.26942e-08 1.30664e-15 3.77666e-15 -1.44825e-07 8.97729e-08 -1.49349e-07 7.98851e-08
0.561833 -4.3744e-09 -9.67907e-09 -1.9318e-07 1.05161e-08 1.21825e-15 3.54425e-15 -1.46169e-07 8.51698e-08 -1.50544e-07 7.54907e-08
0.562191 -4.23043e-09 -9.47534e-09 -1.93446e-07 8.4028e-09 1.13623e-15 3.32713e-15 -1.47491e-07 8.07106e-08 -1.51722e-07 7.12353e-08
0.562549 -4.09178e-09 -9.2765e-09 -1.93699e-07 6.35206e-09 1.06009e-15 3.12424e-15 -1.48789e-07 7.63903e-08 -1.52881e-07 6.71138e-08
0.562906 -3.95824e-09 -9.08242e-09 -1.93937e-07 4.36161e-09 9.89393e-16 2.93458e-15 -1.50063e-07 7.2204e-08 -1.54021e-07 6.31216e-08
0.563264 -3.82958e-09 -8.89297e-09 -1.9416e-07 2.42928e-09 9.2372e-16 2.75724e-15 -1.51311e-07 6.81469e-08 -1.5514e-07 5.9254e-08
0.563622 -3.70562e-09 -8.70805e-09 -1.94368e-07 5.5299e-10 8.62693e-16 2.59136e-15 -1.52532e-07 6.42146e-08 -1.56237e-07 5.55066e-08
0.563979 -3.58615e-09 -8.52753e-09 -1.9456e-07 -1.26925e-09 8.05964e-16 2.43616e-15 -1.53726e-07 6.04027e-08 -1.57312e-07 5.18752e-08
0.564337 -3.471e-09 -8.35129e-09 -1.94735e-07 -3.03935e-09 7.53213e-16 2.29091e-15 -1.54891e-07 5.6707e-08 -1.58362e-07 4.83557e-08
0.564694 -3.35998e-09 -8.17923e-09 -1.94893e-07 -4.75915e-09 7.04142e-16 2.15493e-15 -1.56028e-07 5.31234e-08 -1.59388e-07 4.49442e-08
0.565052 -3.25294e-09 -8.01124e-09 -1.95034e-07 -6.43041e-09 6.5848e-16 2.02759e-15 -1.57136e-07 4.96482e-08 -1.60389e-07 4.1637e-08
0.56541 -3.14971e-09 -7.84721e-09 -1.95157e-07 -8.05484e-09 6.15976e-16 1.9083e-15 -1.58213e-07 4.62776e-08 -1.61363e-07 3.84304e-08
0.565767 -3.05014e-09 -7.68704e-09 -1.95262e-07 -9.63406e-09 5.76398e-16 1.79653e-15 -1.5926e-07 4.30081e-08 -1.6231e-07 3.5321e-08
0.566125 -2.95409e-09 -7.53063e-09 -1.95349e-07 -1.11696e-08 5.39532e-16 1.69177e-15 -1.60276e-07 3.98361e-08 -1.6323e-07 3.23055e-08
0.566483 -2.86141e-09 -7.37789e-09 -1.95418e-07 -1.26631e-08 5.05181e-16 1.59355e-15 -1.6126e-07 3.67584e-08 -1.64122e-07 2.93805e-08
0.56684 -2.77197e-09 -7.22871e-09 -1.95468e-07 -1.41158e-08 4.73163e-16 1.50144e-15 -1.62213e-07 3.37718e-08 -1.64985e-07 2.65431e-08
0.567198 -2.68565e-09 -7.08301e-09 -1.95499e-07 -1.55292e-08 4.4331e-16 1.41503e-15 -1.63134e-07 3.08732e-08 -1.65819e-07 2.37902e-08
0.567555 -2.60232e-09 -6.9407e-09 -1.9551e-07 -1.69046e-08 4.15466e-16 1.33394e-15 -1.64022e-07 2.80597e-08 -1.66624e-07 2.1119e-08
0.567913 -2.52186e-09 -6.80169e-09 -1.95502e-07 -1.82434e-08 3.89489e-16 1.25784e-15 -1.64877e-07 2.53285e-08 -1.67399e-07 1.85268e-08
0.568271 -2.44418e-09 -6.66589e-09 -1.95474e-07 -1.95467e-08 3.65244e-16 1.18639e-15 -1.657e-07 2.26767e-08 -1.68144e-07 1.60108e-08
0.568628 -2.36915e-09 -6.53323e-09 -1.95427e-07 -2.08157e-08 3.4261e-16 1.11928e-15 -1.66489e-07 2.01018e-08 -1.68858e-07 1.35686e-08
0.568986 -2.29667e-09 -6.40361e-09 -1.9536e-07 -2.20516e-08 3.21473e-16 1.05625e-15 -1.67245e-07 1.76013e-08 -1.69542e-07 1.11976e-08
0.569344 -2.22666e-09 -6.27697e-09 -1.95272e-07 -2.32555e-08 3.01727e-16 9.97016e-16 -1.67967e-07 1.51726e-08 -1.70194e-07 8.8956e-09
0.569701 -2.15901e-09 -6.15323e-09 -1.95164e-07 -2.44283e-08 2.83276e-16 9.41345e-16 -1.68656e-07 1.28134e-08 -1.70815e-07 6.66019e-09
0.570059 -2.09364e-09 -6.03231e-09 -1.95036e-07 -2.55713e-08 2.6603e-16 8.89007e-16 -1.69311e-07 1.05215e-08 -1.71405e-07 4.48922e-09
0.570416 -2.03046e-09 -5.91414e-09 -1.94888e-07 -2.66852e-08 2.49904e-16 8.39788e-16 -1.69933e-07 8.29471e-09 -1.71963e-07 2.38057e-09
0.570774 -1.96938e-09 -5.79866e-09 -1.94719e-07 -2.77711e-08 2.34822e-16 7.93491e-16 -1.7052e-07 6.13087e-09 -1.7249e-07 3.32209e-10
0.571132 -1.91034e-09 -5.68578e-09 -1.9453e-07 -2.88298e-08 2.20712e-16 7.4993e-16 -1.71074e-07 4.02796e-09 -1.72984e-07 -1.65783e-09
0.571489 -1.85325e-09 -5.57546e-09 -1.94319e-07 -2.98623e-08 2.07507e-16 7.08934e-16 -1.71593e-07 1.98403e-09 -1.73447e-07 -3.59143e-09
0.571847 -1.79803e-09 -5.46761e-09 -1.94089e-07 -3.08694e-08 1.95145e-16 6.70342e-16 -1.72079e-07 -2.79912e-12 -1.73877e-07 -5.47041e-09
0.572205 -1.74464e-09 -5.36219e-09 -1.93837e-07 -3.18518e-08 1.8357e-16 6.34002e-16 -1.72531e-07 -1.93435e-09 -1.74276e-07 -7.29654e-09
0.572562 -1.69298e-09 -5.25912e-09 -1.93565e-07 -3.28104e-08 1.72728e-16 5.99776e-16 -1.72949e-07 -3.81239e-09 -1.74642e-07 -9.0715e-09
0.57292 -1.64301e-09 -5.15835e-09 -1.93272e-07 -3.37459e-08 1.6257e-16 5.67532e-16 -1.73333e-07 -5.63859e-09 -1.74976e-07 -1.07969e-08
0.573277 -1.59466e-09 -5.05982e-09 -1.92958e-07 -3.46591e-08 1.5305e-16 5.37147e-16 -1.73684e-07 -7.41459e-09 -1.75278e-07 -1.24744e-08
0.573635 -1.54787e-09 -4.96348e-09 -1.92623e-07 -3.55505e-08 1.44125e-16 5.08508e-16 -1.74e-07 -9.14197e-09 -1.75548e-07 -1.41055e-08
0.573993 -1.50259e-09 -4.86927e-09 -1.92268e-07 -3.6421e-08 1.35756e-16 4.81507e-16 -1.74284e-07 -1.08222e-08 -1.75786e-07 -1.56915e-08
0.57435 -1.45875e-09 -4.77714e-09 -1.91892e-07 -3.7271e-08 1.27907e-16 4.56044e-16 -1.74533e-07 -1.24569e-08 -1.75992e-07 -1.7234e-08
0.574708 -1.41632e-09 -4.68703e-09 -1.91495e-07 -3.81014e-08 1.20542e-16 4.32026e-16 -1.74749e-07 -1.40473e-08 -1.76166e-07 -1.87343e-08
0.575066 -1.37524e-09 -4.59889e-09 -1.91077e-07 -3.89126e-08 1.1363e-16 4.09366e-16 -1.74932e-07 -1.55948e-08 -1.76308e-07 -2.01937e-08
0.575423 -1.33545e-09 -4.51268e-09 -1.90639e-07 -3.97052e-08 1.07142e-16 3.87982e-16 -1.75082e-07 -1.71009e-08 -1.76418e-07 -2.16135e-08
0.575781 -1.29693e-09 -4.42835e-09 -1.9018e-07 -4.04799e-08 1.0105e-16 3.67796e-16 -1.75199e-07 -1.85666e-08 -1.76496e-07 -2.29949e-08
0.576138 -1.25961e-09 -4.34585e-09 -1.897e-07 -4.1237e-08 9.53273e-17 3.48738e-16 -1.75283e-07 -1.99933e-08 -1.76542e-07 -2.43391e-08
0.576496 -1.22346e-09 -4.26514e-09 -1.89199e-07 -4.19772e-08 8.99513e-17 3.3074e-16 -1.75334e-07 -2.13821e-08 -1.76557e-07 -2.56473e-08
0.576854 -1.18844e-09 -4.18617e-09 -1.88678e-07 -4.2701e-08 8.48993e-17 3.1374e-16 -1.75352e-07 -2.27343e-08 -1.76541e-07 -2.69204e-08
0.577211 -1.15451e-09 -4.1089e-09 -1.88137e-07 -4.34088e-08 8.01505e-17 2.97677e-16 -1.75338e-07 -2.40508e-08 -1.76493e-07 -2.81597e-08
0.577569 -1.12163e-09 -4.03329e-09 -1.87575e-07 -4.41011e-08 7.56856e-17 2.82497e-16 -1.75292e-07 -2.53328e-08 -1.76414e-07 -2.93661e-08
0.577927 -1.08977e-09 -3.95929e-09 -1.86992e-07 -4.47783e-08 7.14865e-17 2.68149e-16 -1.75214e-07 -2.65813e-08 -1.76303e-07 -3.05406e-08
0.578284 -1.05888e-09 -3.88688e-09 -1.8639e-07 -4.54408e-08 6.75364e-17 2.54583e-16 -1.75103e-07 -2.77973e-08 -1.76162e-07 -3.16842e-08
0.578642 -1.02894e-09 -3.816e-09 -1.85767e-07 -4.60892e-08 6.38197e-17 2.41755e-16 -1.74961e-07 -2.89818e-08 -1.7599e-07 -3.27978e-08
0.579 -9.99919e-10 -3.74663e-09 -1.85123e-07 -4.67237e-08 6.03215e-17 2.2962e-16 -1.74788e-07 -3.01356e-08 -1.75788e-07 -3.38822e-08
0.579357 -9.71778e-10 -3.67873e-09 -1.8446e-07 -4.73449e-08 5.70284e-17 2.1814e-16 -1.74583e-07 -3.12598e-08 -1.75555e-07 -3.49385e-08
0.579715 -9.44489e-10 -3.61225e-09 -1.83777e-07 -4.79529e-08 5.39275e-17 2.07276e-16 -1.74347e-07 -3.23551e-08 -1.75291e-07 -3.59673e-08
0.580072 -9.18026e-10 -3.54718e-09 -1.83073e-07 -4.85483e-08 5.10068e-17 1.96994e-16 -1.7408e-07 -3.34224e-08 -1.74998e-07 -3.69696e-08
0.58043 -8.92359e-10 -3.48346e-09 -1.8235e-07 -4.91313e-08 4.82552e-17 1.87259e-16 -1.73782e-07 -3.44625e-08 -1.74674e-07 -3.7946e-08
0.580788 -8.67463e-10 -3.42108e-09 -1.81607e-07 -4.97024e-08 4.56624e-17 1.78042e-16 -1.73453e-07 -3.54763e-08 -1.74321e-07 -3.88973e-08
0.581145 -8.43311e-10 -3.35999e-09 -1.80844e-07 -5.02617e-08 4.32185e-17 1.69311e-16 -1.73094e-07 -3.64644e-08 -1.73938e-07 -3.98244e-08
0.581503 -8.19879e-10 -3.30018e-09 -1.80062e-07 -5.08097e-08 4.09145e-17 1.61041e-16 -1.72705e-07 -3.74276e-08 -1.73525e-07 -4.07278e-08
0.581861 -7.97142e-10 -3.2416e-09 -1.7926e-07 -5.13466e-08 3.87418e-17 1.53205e-16 -1.72287e-07 -3.83666e-08 -1.73084e-07 -4.16082e-08
0.582218 -7.7508e-10 -3.18423e-09 -1.78439e-07 -5.18727e-08 3.66925e-17 1.45778e-16 -1.71838e-07 -3.92821e-08 -1.72613e-07 -4.24664e-08
0.582576 -7.53668e-10 -3.12805e-09 -1.77598e-07 -5.23884e-08 3.47592e-17 1.38739e-16 -1.7136e-07 -4.01748e-08 -1.72113e-07 -4.33029e-08
0.582933 -7.32886e-10 -3.07301e-09 -1.76739e-07 -5.28938e-08 3.29348e-17 1.32065e-16 -1.70852e-07 -4.10454e-08 -1.71585e-07 -4.41184e-08
0.583291 -7.12713e-10 -3.0191e-09 -1.7586e-07 -5.33893e-08 3.12128e-17 1.25735e-16 -1.70316e-07 -4.18943e-08 -1.71028e-07 -4.49134e-08
0.583649 -6.93129e-10 -2.96629e-09 -1.74962e-07 -5.3875e-08 2.95871e-17 1.19732e-16 -1.6975e-07 -4.27223e-08 -1.70443e-07 -4.56886e-08
0.584006 -6.74117e-10 -2.91455e-09 -1.74045e-07 -5.43513e-08 2.8052e-17 1.14037e-16 -1.69156e-07 -4.35299e-08 -1.6983e-07 -4.64445e-08
0.584364 -6.55656e-10 -2.86386e-09 -1.7311e-07 -5.48184e-08 2.6602e-17 1.08633e-16 -1.68534e-07 -4.43178e-08 -1.69189e-07 -4.71816e-08
0.584722 -6.3773e-10 -2.8142e-09 -1.72155e-07 -5.52765e-08 2.52323e-17 1.03505e-16 -1.67883e-07 -4.50863e-08 -1.68521e-07 -4.79005e-08
0.585079 -6.20321e-10 -2.76553e-09 -1.71183e-07 -5.57258e-08 2.3938e-17 9.86363e-17 -1.67204e-07 -4.58362e-08 -1.67825e-07 -4.86017e-08
0.585437 -6.03413e-10 -2.71785e-09 -1.70191e-07 -5.61666e-08 2.27147e-17 9.40142e-17 -1.66498e-07 -4.65678e-08 -1.67101e-07 -4.92856e-08
0.585794 -5.86989e-10 -2.67112e-09 -1.69182e-07 -5.6599e-08 2.15583e-17 8.96249e-17 -1.65764e-07 -4.72817e-08 -1.66351e-07 -4.99528e-08
0.586152 -5.71036e-10 -2.62532e-09 -1.68154e-07 -5.70233e-08 2.04649e-17 8.5456e-17 -1.65003e-07 -4.79784e-08 -1.65574e-07 -5.06037e-08
0.58651 -5.55537e-10 -2.58043e-09 -1.67108e-07 -5.74396e-08 1.94308e-17 8.14956e-17 -1.64215e-07 -4.86583e-08 -1.6477e-07 -5.12387e-08
0.586867 -5.40479e-10 -2.53644e-09 -1.66045e-07 -5.78481e-08 1.84526e-17 7.77325e-17 -1.634e-07 -4.93219e-08 -1.6394e-07 -5.18583e-08
0.587225 -5.25847e-10 -2.49331e-09 -1.64963e-07 -5.82491e-08 1.75271e-17 7.41563e-17 -1.62558e-07 -4.99696e-08 -1.63084e-07 -5.24629e-08
0.587583 -5.11629e-10 -2.45104e-09 -1.63864e-07 -5.86426e-08 1.66513e-17 7.07571e-17 -1.6169e-07 -5.06018e-08 -1.62202e-07 -5.30529e-08
0.58794 -4.97812e-10 -2.4096e-09 -1.62747e-07 -5.90289e-08 1.58223e-17 6.75254e-17 -1.60796e-07 -5.1219e-08 -1.61294e-07 -5.36286e-08
0.588298 -4.84383e-10 -2.36897e-09 -1.61612e-07 -5.94081e-08 1.50375e-17 6.44525e-17 -1.59876e-07 -5.18216e-08 -1.60361e-07 -5.41906e-08
0.588655 -4.7133e-10 -2.32913e-09 -1.60461e-07 -5.97804e-08 1.42944e-17 6.15299e-17 -1.58931e-07 -5.24099e-08 -1.59402e-07 -5.47391e-08
0.589013 -4.58641e-10 -2.29007e-09 -1.59292e-07 -6.01459e-08 1.35905e-17 5.875e-17 -1.5796e-07 -5.29843e-08 -1.58418e-07 -5.52744e-08
0.589371 -4.46306e-10 -2.25177e-09 -1.58106e-07 -6.05048e-08 1.29238e-17 5.61051e-17 -1.56963e-07 -5.35453e-08 -1.5741e-07 -5.5797e-08
0.589728 -4.34314e-10 -2.21422e-09 -1.56903e-07 -6.08572e-08 1.2292e-17 5.35883e-17 -1.55942e-07 -5.4093e-08 -1.56376e-07 -5.63072e-08
0.590086 -4.22654e-10 -2.17739e-09 -1.55683e-07 -6.12032e-08 1.16933e-17 5.11929e-17 -1.54896e-07 -5.46279e-08 -1.55319e-07 -5.68053e-08
0.590444 -4.11316e-10 -2.14127e-09 -1.54446e-07 -6.1543e-08 1.11258e-17 4.89128e-17 -1.53826e-07 -5.51503e-08 -1.54237e-07 -5.72916e-08
0.590801 -4.00291e-10 -2.10584e-09 -1.53193e-07 -6.18768e-08 1.05878e-17 4.67419e-17 -1.52731e-07 -5.56605e-08 -1.53131e-07 -5.77664e-08
0.591159 -3.89568e-10 -2.07109e-09 -1.51924e-07 -6.22046e-08 1.00777e-17 4.46746e-17 -1.51612e-07 -5.61589e-08 -1.52002e-07 -5.823e-08
0.591516 -3.7914e-10 -2.03701e-09 -1.50638e-07 -6.25265e-08 9.59381e-18 4.27058e-17 -1.5047e-07 -5.66457e-08 -1.50849e-07 -5.86827e-08
0.591874 -3.68997e-10 -2.00357e-09 -1.49336e-07 -6.28428e-08 9.13483e-18 4.08303e-17 -1.49304e-07 -5.71212e-08 -1.49673e-07 -5.91248e-08
0.592232 -3.5913e-10 -1.97077e-09 -1.48019e-07 -6.31534e-08 8.69936e-18 3.90434e-17 -1.48115e-07 -5.75857e-08 -1.48474e-07 -5.95565e-08
0.592589 -3.49531e-10 -1.93859e-09 -1.46685e-07 -6.34585e-08 8.28611e-18 3.73407e-17 -1.46902e-07 -5.80396e-08 -1.47252e-07 -5.99782e-08
0.592947 -3.40193e-10 -1.90702e-09 -1.45335e-07 -6.37582e-08 7.89388e-18 3.57179e-17 -1.45667e-07 -5.84829e-08 -1.46007e-07 -6.039e-08
0.593305 -3.31108e-10 -1.87605e-09 -1.4397e-07 -6.40527e-08 7.52153e-18 3.41709e-17 -1.44409e-07 -5.89161e-08 -1.4474e-07 -6.07922e-08
0.593662 -3.22268e-10 -1.84565e-09 -1.4259e-07 -6.43419e-08 7.16799e-18 3.26961e-17 -1.43129e-07 -5.93394e-08 -1.43451e-07 -6.1185e-08
0.59402 -3.13666e-10 -1.81583e-09 -1.41194e-07 -6.4626e-08 6.83223e-18 3.12898e-17 -1.41826e-07 -5.97529e-08 -1.4214e-07 -6.15688e-08
0.594378 -3.05295e-10 -1.78656e-09 -1.39783e-07 -6.49052e-08 6.51332e-18 2.99486e-17 -1.40502e-07 -6.0157e-08 -1.40807e-07 -6.19436e-08
0.594735 -2.97148e-10 -1.75783e-09 -1.38357e-07 -6.51794e-08 6.21034e-18 2.86692e-17 -1.39156e-07 -6.05519e-08 -1.39453e-07 -6.23098e-08
0.595093 -2.8922e-10 -1.72964e-09 -1.36917e-07 -6.54488e-08 5.92246e-18 2.74487e-17 -1.37788e-07 -6.09378e-08 -1.38077e-07 -6.26674e-08
0.59545 -2.81502e-10 -1.70197e-09 -1.35461e-07 -6.57134e-08 5.64886e-18 2.62842e-17 -1.36399e-07 -6.13149e-08 -1.36681e-07 -6.30169e-08
0.595808 -2.7399e-10 -1.67482e-09 -1.33991e-07 -6.59734e-08 5.3888e-18 2.51728e-17 -1.3499e-07 -6.16834e-08 -1.35264e-07 -6.33582e-08
0.596166 -2.66678e-10 -1.64816e-09 -1.32506e-07 -6.62288e-08 5.14157e-18 2.41119e-17 -1.33559e-07 -6.20436e-08 -1.33826e-07 -6.36917e-08
0.596523 -2.59559e-10 -1.62199e-09 -1.31007e-07 -6.64797e-08 4.90648e-18 2.30993e-17 -1.32108e-07 -6.23955e-08 -1.32368e-07 -6.40175e-08
0.596881 -2.52629e-10 -1.5963e-09 -1.29494e-07 -6.67262e-08 4.6829e-18 2.21324e-17 -1.30637e-07 -6.27395e-08 -1.30889e-07 -6.43358e-08
0.597239 -2.45881e-10 -1.57108e-09 -1.27968e-07 -6.69683e-08 4.47023e-18 2.1209e-17 -1.29145e-07 -6.30757e-08 -1.29391e-07 -6.46468e-08
0.597596 -2.39311e-10 -1.54632e-09 -1.26427e-07 -6.72061e-08 4.26791e-18 2.03272e-17 -1.27634e-07 -6.34043e-08 -1.27873e-07 -6.49506e-08
0.597954 -2.32913e-10 -1.52201e-09 -1.24872e-07 -6.74397e-08 4.07539e-18 1.94848e-17 -1.26103e-07 -6.37255e-08 -1.26336e-07 -6.52475e-08
0.598311 -2.26683e-10 -1.49813e-09 -1.23304e-07 -6.76691e-08 3.89217e-18 1.868e-17 -1.24553e-07 -6.40393e-08 -1.2478e-07 -6.55375e-08
0.598669 -2.20616e-10 -1.47469e-09 -1.21723e-07 -6.78944e-08 3.71778e-18 1.7911e-17 -1.22983e-07 -6.43461e-08 -1.23204e-07 -6.58208e-08
0.599027 -2.14707e-10 -1.45167e-09 -1.20128e-07 -6.81157e-08 3.55176e-18 1.71761e-17 -1.21395e-07 -6.4646e-08 -1.2161e-07 -6.60977e-08
0.599384 -2.08952e-10 -1.42907e-09 -1.1852e-07 -6.8333e-08 3.39368e-18 1.64737e-17 -1.19788e-07 -6.49391e-08 -1.19997e-07 -6.63681e-08
