0.399828 4.47847e-11 9.86477e-12 0 0 0 0 0 0 4.47847e-11 9.86477e-12
0.400186 4.59757e-11 1.01571e-11 0 0 0 0 0 0 4.59757e-11 1.01571e-11
0.400543 4.72023e-11 1.04591e-11 0 0 0 0 0 0 4.72023e-11 1.04591e-11
0.400901 4.84656e-11 1.07712e-11 0 0 0 0 0 0 4.84656e-11 1.07712e-11
0.401258 4.9767e-11 1.10936e-11 0 0 0 0 0 0 4.9767e-11 1.10936e-11
0.401616 5.11077e-11 1.14267e-11 0 0 0 0 0 0 5.11077e-11 1.14267e-11
0.401974 5.24889e-11 1.1771e-11 0 0 0 0 0 0 5.24889e-11 1.1771e-11
0.402331 5.39121e-11 1.21269e-11 0 0 0 0 0 0 5.39121e-11 1.21269e-11
0.402689 5.53787e-11 1.24947e-11 0 0 0 0 0 0 5.53787e-11 1.24947e-11
0.403047 5.68901e-11 1.2875e-11 0 0 0 0 0 0 5.68901e-11 1.2875e-11
0.403404 5.84479e-11 1.32682e-11 0 0 0 0 0 0 5.84479e-11 1.32682e-11
0.403762 6.00537e-11 1.36748e-11 0 0 0 0 0 0 6.00537e-11 1.36748e-11
0.404119 6.1709e-11 1.40953e-11 0 0 0 0 0 0 6.1709e-11 1.40953e-11
0.404477 6.34156e-11 1.45301e-11 0 0 0 0 0 0 6.34156e-11 1.45301e-11
0.404835 6.51753e-11 1.498e-11 0 0 0 0 0 0 6.51753e-11 1.498e-11
0.405192 6.69898e-11 1.54453e-11 0 0 0 0 0 0 6.69898e-11 1.54453e-11
0.40555 6.88612e-11 1.59268e-11 0 0 0 0 0 0 6.88612e-11 1.59268e-11
0.405908 7.07913e-11 1.6425e-11 0 0 0 0 0 0 7.07913e-11 1.6425e-11
0.406265 7.27823e-11 1.69405e-11 0 0 0 0 0 0 7.27823e-11 1.69405e-11
0.406623 7.48362e-11 1.74741e-11 0 0 0 0 0 0 7.48362e-11 1.74741e-11
0.406981 7.69552e-11 1.80265e-11 0 0 0 0 0 0 7.69552e-11 1.80265e-11
0.407338 7.91417e-11 1.85983e-11 0 0 0 0 0 0 7.91417e-11 1.85983e-11
0.407696 8.13981e-11 1.91903e-11 0 0 0 0 0 0 8.13981e-11 1.91903e-11
0.408053 8.37268e-11 1.98034e-11 0 0 0 0 0 0 8.37268e-11 1.98034e-11
0.408411 8.61303e-11 2.04382e-11 0 0 0 0 0 0 8.61303e-11 2.04382e-11
0.408769 8.86115e-11 2.10958e-11 0 0 0 0 0 0 8.86115e-11 2.10958e-11
0.409126 9.1173e-11 2.17769e-11 0 0 0 0 0 0 9.1173e-11 2.17769e-11
0.409484 9.38178e-11 2.24826e-11 0 0 0 0 0 0 9.38178e-11 2.24826e-11
0.409842 9.65489e-11 2.32138e-11 0 0 0 0 0 0 9.65489e-11 2.32138e-11
0.410199 9.93693e-11 2.39715e-11 0 0 0 0 0 0 9.93693e-11 2.39715e-11
0.410557 1.02282e-10 2.47567e-11 0 0 0 0 0 0 1.02282e-10 2.47567e-11
0.410914 1.05291e-10 2.55706e-11 0 0 0 0 0 0 1.05291e-10 2.55706e-11
0.411272 1.084e-10 2.64144e-11 0 0 0 0 0 0 1.084e-10 2.64144e-11
0.41163 1.11612e-10 2.72892e-11 0 0 0 0 0 0 1.11612e-10 2.72892e-11
0.411987 1.14931e-10 2.81964e-11 0 0 0 0 0 0 1.14931e-10 2.81964e-11
0.412345 1.18361e-10 2.91371e-11 0 0 0 0 0 0 1.18361e-10 2.91371e-11
0.412703 1.21906e-10 3.01129e-11 0 0 0 0 0 0 1.21906e-10 3.01129e-11
0.41306 1.2557e-10 3.11251e-11 0 0 0 0 0 0 1.2557e-10 3.11251e-11
0.413418 1.29358e-10 3.21752e-11 0 0 0 0 0 0 1.29358e-10 3.21752e-11
0.413775 1.33275e-10 3.32648e-11 0 0 0 0 0 0 1.33275e-10 3.32648e-11
0.414133 1.37325e-10 3.43956e-11 0 0 0 0 0 0 1.37325e-10 3.43956e-11
0.414491 1.41513e-10 3.55693e-11 0 0 0 0 0 0 1.41513e-10 3.55693e-11
0.414848 1.45846e-10 3.67876e-11 0 0 0 0 0 0 1.45846e-10 3.67876e-11
0.415206 1.50327e-10 3.80525e-11 0 0 0 0 0 0 1.50327e-10 3.80525e-11
0.415564 1.54963e-10 3.93658e-11 0 0 0 0 0 0 1.54963e-10 3.93658e-11
0.415921 1.5976e-10 4.07297e-11 0 0 0 0 0 0 1.5976e-10 4.07297e-11
0.416279 1.64724e-10 4.21464e-11 0 0 0 0 0 0 1.64724e-10 4.21464e-11
0.416636 1.69861e-10 4.36179e-11 0 0 0 0 0 0 1.69861e-10 4.36179e-11
0.416994 1.75179e-10 4.51468e-11 0 0 0 0 0 0 1.75179e-10 4.51468e-11
0.417352 1.80684e-10 4.67355e-11 0 0 0 0 0 0 1.80684e-10 4.67355e-11
0.417709 1.86383e-10 4.83865e-11 0 0 0 0 0 0 1.86383e-10 4.83865e-11
0.418067 1.92285e-10 5.01025e-11 0 0 0 0 0 0 1.92285e-10 5.01025e-11
0.418425 1.98397e-10 5.18864e-11 0 0 0 0 0 0 1.98397e-10 5.18864e-11
0.418782 2.04727e-10 5.37412e-11 0 0 0 0 0 0 2.04727e-10 5.37412e-11
0.41914 2.11284e-10 5.567e-11 0 0 0 0 0 0 2.11284e-10 5.567e-11
0.419497 2.18078e-10 5.76759e-11 0 0 0 0 0 0 2.18078e-10 5.76759e-11
0.419855 2.25117e-10 5.97625e-11 0 0 0 0 0 0 2.25117e-10 5.97625e-11
0.420213 2.32412e-10 6.19332e-11 0 0 0 0 0 0 2.32412e-10 6.19332e-11
0.42057 2.39973e-10 6.41919e-11 0 0 0 0 0 0 2.39973e-10 6.41919e-11
0.420928 2.4781e-10 6.65425e-11 0 0 0 0 0 0 2.4781e-10 6.65425e-11
0.421286 2.55936e-10 6.89891e-11 0 0 0 0 0 0 2.55936e-10 6.89891e-11
0.421643 2.64361e-10 7.15361e-11 0 0 0 0 0 0 2.64361e-10 7.15361e-11
0.422001 2.73098e-10 7.41879e-11 0 0 0 0 0 0 2.73098e-10 7.41879e-11
0.422359 2.82159e-10 7.69494e-11 0 0 0 0 0 0 2.82159e-10 7.69494e-11
0.422716 2.91559e-10 7.98255e-11 0 0 0 0 0 0 2.91559e-10 7.98255e-11
0.423074 3.01311e-10 8.28216e-11 0 0 0 0 0 0 3.01311e-10 8.28216e-11
0.423431 3.1143e-10 8.59431e-11 0 0 0 0 0 0 3.1143e-10 8.59431e-11
0.423789 3.21931e-10 8.91958e-11 0 0 0 0 0 0 3.21931e-10 8.91958e-11
0.424147 3.3283e-10 9.25859e-11 0 0 0 0 0 0 3.3283e-10 9.25859e-11
0.424504 3.44145e-10 9.61197e-11 0 0 0 0 0 0 3.44145e-10 9.61197e-11
0.424862 3.55891e-10 9.98039e-11 0 0 0 0 0 0 3.55891e-10 9.98039e-11
0.42522 3.68089e-10 1.03646e-10 0 0 0 0 0 0 3.68089e-10 1.03646e-10
0.425577 3.80757e-10 1.07652e-10 0 0 0 0 0 0 3.80757e-10 1.07652e-10
0.425935 3.93916e-10 1.11832e-10 0 0 0 0 0 0 3.93916e-10 1.11832e-10
0.426292 4.07586e-10 1.16192e-10 0 0 0 0 0 0 4.07586e-10 1.16192e-10
0.42665 4.21789e-10 1.20743e-10 0 0 0 0 0 0 4.21789e-10 1.20743e-10
0.427008 4.36549e-10 1.25492e-10 0 0 0 0 0 0 4.36549e-10 1.25492e-10
0.427365 4.5189e-10 1.30449e-10 0 0 0 0 0 0 4.5189e-10 1.30449e-10
0.427723 4.67837e-10 1.35625e-10 0 0 0 0 0 0 4.67837e-10 1.35625e-10
0.428081 4.84417e-10 1.4103e-10 0 0 0 0 0 0 4.84417e-10 1.4103e-10
0.428438 5.01658e-10 1.46675e-10 0 0 0 0 0 0 5.01658e-10 1.46675e-10
0.428796 5.19589e-10 1.52572e-10 0 0 0 0 0 0 5.19589e-10 1.52572e-10
0.429153 5.3824e-10 1.58734e-10 0 0 0 0 0 0 5.3824e-10 1.58734e-10
0.429511 5.57645e-10 1.65173e-10 0 0 0 0 0 0 5.57645e-10 1.65173e-10
0.429869 5.77836e-10 1.71904e-10 0 0 0 0 0 0 5.77836e-10 1.71904e-10
0.430226 5.98849e-10 1.7894e-10 0 0 0 0 0 0 5.98849e-10 1.7894e-10
0.430584 6.20722e-10 1.86298e-10 0 0 0 0 0 0 6.20722e-10 1.86298e-10
0.430942 6.43493e-10 1.93993e-10 0 0 0 0 0 0 6.43493e-10 1.93993e-10
0.431299 6.67203e-10 2.02043e-10 0 0 0 0 0 0 6.67203e-10 2.02043e-10
0.431657 6.91895e-10 2.10466e-10 0 0 0 0 0 0 6.91895e-10 2.10466e-10
0.432014 7.17615e-10 2.1928e-10 0 0 0 0 0 0 7.17615e-10 2.1928e-10
0.432372 7.44409e-10 2.28506e-10 0 0 0 0 0 0 7.44409e-10 2.28506e-10
0.43273 7.72329e-10 2.38164e-10 0 0 0 0 0 0 7.72329e-10 2.38164e-10
0.433087 8.01426e-10 2.48279e-10 0 0 0 0 0 0 8.01426e-10 2.48279e-10
0.433445 8.31755e-10 2.58872e-10 0 0 0 0 0 0 8.31755e-10 2.58872e-10
0.433803 8.63374e-10 2.69969e-10 0 0 0 0 0 0 8.63374e-10 2.69969e-10
0.43416 8.96345e-10 2.81597e-10 0 0 0 0 0 0 8.96345e-10 2.81597e-10
0.434518 9.3073e-10 2.93783e-10 0 0 0 0 0 0 9.3073e-10 2.93783e-10
0.434875 9.66599e-10 3.06558e-10 0 0 0 0 0 0 9.66599e-10 3.06558e-10
0.435233 1.00402e-09 3.19952e-10 0 0 0 0 0 0 1.00402e-09 3.19952e-10
0.435591 1.04307e-09 3.33999e-10 0 0 0 0 0 0 1.04307e-09 3.33999e-10
0.435948 1.08383e-09 3.48733e-10 0 0 0 0 0 0 1.08383e-09 3.48733e-10
0.436306 1.12638e-09 3.64192e-10 0 0 0 0 0 0 1.12638e-09 3.64192e-10
0.436664 1.1708e-09 3.80416e-10 0 0 0 0 0 0 1.1708e-09 3.80416e-10
0.437021 1.21719e-09 3.97445e-10 0 0 0 0 0 0 1.21719e-09 3.97445e-10
0.437379 1.26565e-09 4.15324e-10 0 0 0 0 0 0 1.26565e-09 4.15324e-10
0.437737 1.31628e-09 4.341e-10 0 0 0 0 0 0 1.31628e-09 4.341e-10
0.438094 1.36918e-09 4.53823e-10 0 0 0 0 0 0 1.36918e-09 4.53823e-10
0.438452 1.42447e-09 4.74544e-10 0 0 0 0 0 0 1.42447e-09 4.74544e-10
0.438809 1.48227e-09 4.96321e-10 0 0 0 0 0 0 1.48227e-09 4.96321e-10
0.439167 1.5427e-09 5.19211e-10 0 0 0 0 0 0 1.5427e-09 5.19211e-10
0.439525 1.6059e-09 5.43278e-10 0 0 0 0 0 0 1.6059e-09 5.43278e-10
0.439882 1.67201e-09 5.68589e-10 0 0 0 0 0 0 1.67201e-09 5.68589e-10
0.44024 1.74118e-09 5.95215e-10 0 0 0 0 0 0 1.74118e-09 5.95215e-10
0.440598 1.81355e-09 6.2323e-10 0 0 0 0 0 0 1.81355e-09 6.2323e-10
0.440955 1.88931e-09 6.52714e-10 0 0 0 0 0 0 1.88931e-09 6.52714e-10
0.441313 1.96862e-09 6.83754e-10 0 0 0 0 0 0 1.96862e-09 6.83754e-10
0.44167 2.05166e-09 7.16438e-10 0 0 0 0 0 0 2.05166e-09 7.16438e-10
0.442028 2.13864e-09 7.50863e-10 0 0 0 0 0 0 2.13864e-09 7.50863e-10
0.442386 2.22976e-09 7.87132e-10 0 0 0 0 0 0 2.22976e-09 7.87132e-10
0.442743 2.32524e-09 8.25353e-10 0 0 0 0 0 0 2.32524e-09 8.25353e-10
0.443101 2.4253e-09 8.65641e-10 0 0 0 0 0 0 2.4253e-09 8.65641e-10
0.443459 2.5302e-09 9.08121e-10 0 0 0 0 0 0 2.5302e-09 9.08121e-10
0.443816 2.64018e-09 9.52923e-10 0 0 0 0 0 0 2.64018e-09 9.52923e-10
0.444174 2.75553e-09 1.00019e-09 0 0 0 0 0 0 2.75553e-09 1.00019e-09
0.444531 2.87654e-09 1.05006e-09 0 0 0 0 0 0 2.87654e-09 1.05006e-09
0.444889 3.0035e-09 1.10271e-09 0 0 0 0 0 0 3.0035e-09 1.10271e-09
0.445247 3.13675e-09 1.15829e-09 0 0 0 0 0 0 3.13675e-09 1.15829e-09
0.445604 3.27662e-09 1.217e-09 0 0 0 0 0 0 3.27662e-09 1.217e-09
0.445962 3.42349e-09 1.27901e-09 0 0 0 0 0 0 3.42349e-09 1.27901e-09
0.44632 3.57774e-09 1.34455e-09 0 0 0 0 0 0 3.57774e-09 1.34455e-09
0.446677 3.73978e-09 1.41383e-09 0 0 0 0 0 0 3.73978e-09 1.41383e-09
0.447035 3.91004e-09 1.48707e-09 0 0 0 0 0 0 3.91004e-09 1.48707e-09
0.447392 4.08899e-09 1.56455e-09 0 0 0 0 0 0 4.08899e-09 1.56455e-09
0.44775 4.27712e-09 1.64651e-09 0 0 0 0 0 0 4.27712e-09 1.64651e-09
0.448108 4.47494e-09 1.73325e-09 0 0 0 0 0 0 4.47494e-09 1.73325e-09
0.448465 4.68301e-09 1.82508e-09 0 0 0 0 0 0 4.68301e-09 1.82508e-09
0.448823 4.90191e-09 1.92232e-09 0 0 0 0 0 0 4.90191e-09 1.92232e-09
0.449181 5.13226e-09 2.02533e-09 0 0 0 0 0 0 5.13226e-09 2.02533e-09
0.449538 5.37473e-09 2.13447e-09 0 0 0 0 0 0 5.37473e-09 2.13447e-09
0.449896 5.63003e-09 2.25015e-09 0 0 0 0 0 0 5.63003e-09 2.25015e-09
0.450253 5.89889e-09 2.37281e-09 0 0 0 0 0 0 5.89889e-09 2.37281e-09
0.450611 6.18211e-09 2.5029e-09 0 0 0 0 0 0 6.18211e-09 2.5029e-09
0.450969 6.48054e-09 2.64092e-09 0 0 0 0 0 0 6.48054e-09 2.64092e-09
0.451326 6.79508e-09 2.7874e-09 0 0 0 0 0 0 6.79508e-09 2.7874e-09
0.451684 7.12668e-09 2.94291e-09 0 0 0 0 0 0 7.12668e-09 2.94291e-09
0.452042 7.47637e-09 3.10805e-09 0 0 0 0 0 0 7.47637e-09 3.10805e-09
0.452399 7.84523e-09 3.2835e-09 0 0 0 0 0 0 7.84523e-09 3.2835e-09
0.452757 8.23442e-09 3.46994e-09 0 0 0 0 0 0 8.23442e-09 3.46994e-09
0.453115 8.64516e-09 3.66814e-09 0 0 0 0 0 0 8.64516e-09 3.66814e-09
0.453472 9.07878e-09 3.87891e-09 0 0 0 0 0 0 9.07878e-09 3.87891e-09
0.45383 9.53667e-09 4.10312e-09 0 0 0 0 0 0 9.53667e-09 4.10312e-09
0.454187 1.00203e-08 4.34172e-09 0 0 0 0 0 0 1.00203e-08 4.34172e-09
0.454545 1.05313e-08 4.59571e-09 0 0 0 0 0 0 1.05313e-08 4.59571e-09
0.454903 1.10714e-08 4.86619e-09 0 0 0 0 0 0 1.10714e-08 4.86619e-09
0.45526 1.16423e-08 5.15433e-09 0 0 0 0 0 0 1.16423e-08 5.15433e-09
0.455618 1.22461e-08 5.46138e-09 0 0 0 0 0 0 1.22461e-08 5.46138e-09
0.455976 1.28847e-08 5.78871e-09 0 0 0 0 0 0 1.28847e-08 5.78871e-09
0.456333 1.35604e-08 6.13778e-09 0 0 0 0 0 0 1.35604e-08 6.13778e-09
0.456691 1.42755e-08 6.51018e-09 0 0 0 0 0 0 1.42755e-08 6.51018e-09
0.457048 1.50325e-08 6.9076e-09 0 0 0 0 0 0 1.50325e-08 6.9076e-09
0.457406 1.58342e-08 7.33189e-09 0 0 0 0 0 0 1.58342e-08 7.33189e-09
0.457764 1.66834e-08 7.78503e-09 0 0 0 0 0 0 1.66834e-08 7.78503e-09
0.458121 1.75832e-08 8.26917e-09 0 0 0 0 0 0 1.75832e-08 8.26917e-09
0.458479 1.85369e-08 8.78661e-09 0 0 0 0 0 0 1.85369e-08 8.78661e-09
0.458837 1.9548e-08 9.33986e-09 0 0 0 0 0 0 1.9548e-08 9.33986e-09
0.459194 2.06202e-08 9.93163e-09 0 0 0 0 0 0 2.06202e-08 9.93163e-09
0.459552 2.17576e-08 1.05648e-08 0 0 0 0 0 0 2.17576e-08 1.05648e-08
0.459909 2.29645e-08 1.12426e-08 0 0 0 0 0 0 2.29645e-08 1.12426e-08
0.460267 2.42456e-08 1.19684e-08 0 0 0 0 0 0 2.42456e-08 1.19684e-08
0.460625 2.56057e-08 1.2746e-08 0 0 0 0 0 0 2.56057e-08 1.2746e-08
0.460982 2.70502e-08 1.35792e-08 0 0 0 0 0 0 2.70502e-08 1.35792e-08
0.46134 2.85847e-08 1.44726e-08 0 0 0 0 0 0 2.85847e-08 1.44726e-08
0.461698 3.02153e-08 1.54307e-08 0 0 0 0 0 0 3.02153e-08 1.54307e-08
0.462055 3.19485e-08 1.64587e-08 0 0 0 0 0 0 3.19485e-08 1.64587e-08
0.462413 3.37913e-08 1.75621e-08 0 0 0 0 0 0 3.37913e-08 1.75621e-08
0.46277 3.57512e-08 1.87469e-08 0 0 0 0 0 0 3.57512e-08 1.87469e-08
0.463128 3.78362e-08 2.00197e-08 0 0 0 0 0 0 3.78362e-08 2.00197e-08
0.463486 4.00548e-08 2.13874e-08 0 0 0 0 0 0 4.00548e-08 2.13874e-08
0.463843 4.24164e-08 2.28578e-08 0 0 0 0 0 0 4.24164e-08 2.28578e-08
0.464201 4.49308e-08 2.44392e-08 0 0 0 0 0 0 4.49308e-08 2.44392e-08
0.464559 4.76085e-08 2.61407e-08 0 0 0 0 0 0 4.76085e-08 2.61407e-08
0.464916 5.04609e-08 2.7972e-08 0 0 0 0 0 0 5.04609e-08 2.7972e-08
0.465274 5.35003e-08 2.99438e-08 0 0 0 0 0 0 5.35003e-08 2.99438e-08
0.465631 5.67396e-08 3.20678e-08 0 0 0 0 0 0 5.67396e-08 3.20678e-08
0.465989 6.01929e-08 3.43567e-08 0 0 0 0 0 0 6.01929e-08 3.43567e-08
0.466347 6.38752e-08 3.6824e-08 0 0 0 0 0 0 6.38752e-08 3.6824e-08
0.466704 6.78025e-08 3.94849e-08 0 0 0 0 0 0 6.78025e-08 3.94849e-08
0.467062 7.19921e-08 4.23555e-08 0 0 0 0 0 0 7.19921e-08 4.23555e-08
0.46742 7.64625e-08 4.54536e-08 0 0 0 0 0 0 7.64625e-08 4.54536e-08
0.467777 8.12335e-08 4.87983e-08 0 0 0 0 0 0 8.12335e-08 4.87983e-08
0.468135 8.63262e-08 5.24107e-08 0 0 0 0 0 0 8.63262e-08 5.24107e-08
0.468493 9.17633e-08 5.63136e-08 0 0 0 0 0 0 9.17633e-08 5.63136e-08
0.46885 9.75692e-08 6.05319e-08 0 0 0 0 0 0 9.75692e-08 6.05319e-08
0.469208 1.0377e-07 6.50925e-08 0 0 0 0 0 0 1.0377e-07 6.50925e-08
0.469565 1.10393e-07 7.00249e-08 0 0 0 0 0 0 1.10393e-07 7.00249e-08
0.469923 1.17468e-07 7.53612e-08 0 0 0 0 0 0 1.17468e-07 7.53612e-08
0.470281 1.25027e-07 8.11363e-08 0 0 0 0 0 0 1.25027e-07 8.11363e-08
0.470638 1.33104e-07 8.73881e-08 0 0 0 0 0 0 1.33104e-07 8.73881e-08
0.470996 1.41734e-07 9.41579e-08 0 0 0 0 0 0 1.41734e-07 9.41579e-08
0.471354 1.50956e-07 1.01491e-07 0 0 0 0 0 0 1.50956e-07 1.01491e-07
0.471711 1.60811e-07 1.09435e-07 0 0 0 0 0 0 1.60811e-07 1.09435e-07
0.472069 1.71342e-07 1.18045e-07 0 0 0 0 0 0 1.71342e-07 1.18045e-07
0.472426 1.82595e-07 1.27378e-07 0 0 0 0 0 0 1.82595e-07 1.27378e-07
0.472784 1.94619e-07 1.37495e-07 0 0 0 0 0 0 1.94619e-07 1.37495e-07
0.473142 2.07465e-07 1.48467e-07 0 0 0 0 0 0 2.07465e-07 1.48467e-07
0.473499 2.21187e-07 1.60366e-07 0 0 0 0 0 0 2.21187e-07 1.60366e-07
0.473857 2.35843e-07 1.73272e-07 0 0 0 0 0 0 2.35843e-07 1.73272e-07
0.474215 2.51493e-07 1.87272e-07 0 0 0 0 0 0 2.51493e-07 1.87272e-07
0.474572 2.682e-07 2.02459e-07 0 0 0 0 0 0 2.682e-07 2.02459e-07
0.47493 2.86028e-07 2.18936e-07 0 0 0 0 0 0 2.86028e-07 2.18936e-07
0.475287 3.05046e-07 2.3681e-07 0 0 0 0 0 0 3.05046e-07 2.3681e-07
0.475645 3.25325e-07 2.56199e-07 0 0 0 0 0 0 3.25325e-07 2.56199e-07
0.476003 3.46936e-07 2.77229e-07 0 0 0 0 0 0 3.46936e-07 2.77229e-07
0.47636 3.69954e-07 3.00035e-07 0 0 0 0 0 0 3.69954e-07 3.00035e-07
0.476718 3.94453e-07 3.24763e-07 0 0 0 0 0 0 3.94453e-07 3.24763e-07
0.477076 4.2051e-07 3.51566e-07 0 0 0 0 0 0 4.2051e-07 3.51566e-07
0.477433 4.48198e-07 3.80608e-07 0 0 0 0 0 0 4.48198e-07 3.80608e-07
0.477791 4.77592e-07 4.12063e-07 0 0 0 0 0 0 4.77592e-07 4.12063e-07
0.478148 5.08761e-07 4.46113e-07 0 0 0 0 0 0 5.08761e-07 4.46113e-07
0.478506 5.41774e-07 4.8295e-07 0 0 0 0 0 0 5.41774e-07 4.8295e-07
0.478864 5.76691e-07 5.22775e-07 0 0 0 0 0 0 5.76691e-07 5.22775e-07
0.479221 6.13564e-07 5.65794e-07 0 0 0 0 0 0 6.13564e-07 5.65794e-07
0.479579 6.52436e-07 6.12219e-07 0 0 0 0 0 0 6.52436e-07 6.12219e-07
0.479937 6.93335e-07 6.62265e-07 0 0 0 0 0 0 6.93335e-07 6.62265e-07
0.480294 7.36275e-07 7.16147e-07 0 0 0 0 0 0 7.36275e-07 7.16147e-07
0.480652 7.81247e-07 7.74079e-07 0 0 0 0 0 0 7.81247e-07 7.74079e-07
0.481009 8.28219e-07 8.36264e-07 0 0 0 0 0 0 8.28219e-07 8.36264e-07
0.481367 8.77129e-07 9.02892e-07 0 0 0 0 0 0 8.77129e-07 9.02892e-07
0.481725 9.27881e-07 9.74135e-07 0 0 0 0 0 0 9.27881e-07 9.74135e-07
0.482082 9.80337e-07 1.05013e-06 0 0 0 0 0 0 9.80337e-07 1.05013e-06
0.48244 1.03431e-06 1.13099e-06 0 0 0 0 0 0 1.03431e-06 1.13099e-06
0.482798 1.08957e-06 1.21675e-06 0 0 0 0 0 0 1.08957e-06 1.21675e-06
0.483155 1.14581e-06 1.3074e-06 0 0 0 0 0 0 1.14581e-06 1.3074e-06
0.483513 1.20266e-06 1.40286e-06 0 0 0 0 0 0 1.20266e-06 1.40286e-06
0.483871 1.25967e-06 1.50291e-06 0 0 0 0 0 0 1.25967e-06 1.50291e-06
0.484228 1.31631e-06 1.60724e-06 0 0 0 0 0 0 1.31631e-06 1.60724e-06
0.484586 1.37195e-06 1.71538e-06 0 0 0 0 0 0 1.37195e-06 1.71538e-06
0.484943 1.42585e-06 1.82668e-06 0 0 0 0 0 0 1.42585e-06 1.82668e-06
0.485301 1.47719e-06 1.9403e-06 0 0 0 0 0 0 1.47719e-06 1.9403e-06
0.485659 1.52502e-06 2.05514e-06 0 0 0 0 0 0 1.52502e-06 2.05514e-06
0.486016 1.56825e-06 2.16983e-06 0 0 0 0 0 0 1.56825e-06 2.16983e-06
0.486374 1.60572e-06 2.2827e-06 0 0 0 0 0 0 1.60572e-06 2.2827e-06
0.486732 1.63612e-06 2.39169e-06 0 0 0 0 0 0 1.63612e-06 2.39169e-06
0.487089 1.65806e-06 2.49438e-06 0 0 0 0 0 0 1.65806e-06 2.49438e-06
0.487447 1.67006e-06 2.58789e-06 0 0 0 0 0 0 1.67006e-06 2.58789e-06
0.487804 1.67055e-06 2.6689e-06 0 0 0 0 0 0 1.67055e-06 2.6689e-06
0.488162 1.65794e-06 2.73357e-06 0 0 0 0 0 0 1.65794e-06 2.73357e-06
0.48852 1.63063e-06 2.77755e-06 0 0 0 0 0 0 1.63063e-06 2.77755e-06
0.488877 1.58705e-06 2.79597e-06 0 0 0 0 0 0 1.58705e-06 2.79597e-06
0.489235 1.52575e-06 2.78344e-06 0 0 0 0 0 0 1.52575e-06 2.78344e-06
0.489593 1.44543e-06 2.73406e-06 0 0 0 0 0 0 1.44543e-06 2.73406e-06
0.48995 1.34501e-06 2.64152e-06 0 0 0 0 0 0 1.34501e-06 2.64152e-06
0.490308 1.22375e-06 2.49912e-06 0 0 0 0 0 0 1.22375e-06 2.49912e-06
0.490665 1.08133e-06 2.29992e-06 0 0 0 0 0 0 1.08133e-06 2.29992e-06
0.491023 9.17883e-07 2.03688e-06 0 0 0 0 0 0 9.17883e-07 2.03688e-06
0.491381 7.34173e-07 1.70304e-06 0 0 0 0 0 0 7.34173e-07 1.70304e-06
0.491738 5.31622e-07 1.29176e-06 0 0 0 0 0 0 5.31622e-07 1.29176e-06
0.492096 3.124e-07 7.96952e-07 0 0 0 0 0 0 3.124e-07 7.96952e-07
0.492454 7.94839e-08 2.13421e-07 0 0 0 0 0 0 7.94839e-08 2.13421e-07
0.492811 -1.63314e-07 -4.62842e-07 0 0 0 0 0 0 -1.63314e-07 -4.62842e-07
0.493169 -4.11347e-07 -1.23431e-06 0 0 0 0 0 0 -4.11347e-07 -1.23431e-06
0.493526 -6.59172e-07 -2.10154e-06 0 0 0 0 0 0 -6.59172e-07 -2.10154e-06
0.493884 -9.00636e-07 -3.0629e-06 0 0 0 0 0 0 -9.00636e-07 -3.0629e-06
0.494242 -1.129e-06 -4.1142e-06 0 0 0 0 0 0 -1.129e-06 -4.1142e-06
0.494599 -1.33714e-06 -5.24845e-06 0 0 0 0 0 0 -1.33714e-06 -5.24845e-06
0.494957 -1.51774e-06 -6.4557e-06 0 0 0 0 0 0 -1.51774e-06 -6.4557e-06
0.495315 -1.6636e-06 -7.72296e-06 0 0 0 0 0 0 -1.6636e-06 -7.72296e-06
0.495672 -1.76792e-06 -9.0342e-06 0 0 0 0 0 0 -1.76792e-06 -9.0342e-06
0.49603 -1.82463e-06 -1.03706e-05 0 0 0 0 0 0 -1.82463e-06 -1.03706e-05
0.496387 -1.82874e-06 -1.17106e-05 0 0 0 0 0 0 -1.82874e-06 -1.17106e-05
0.496745 -1.77662e-06 -1.30308e-05 0 0 0 0 0 0 -1.77662e-06 -1.30308e-05
0.497103 -1.66631e-06 -1.43063e-05 0 0 0 0 0 0 -1.66631e-06 -1.43063e-05
0.49746 -1.49774e-06 -1.55111e-05 0 0 0 0 0 0 -1.49774e-06 -1.55111e-05
0.497818 -1.27288e-06 -1.66198e-05 0 0 0 0 0 0 -1.27288e-06 -1.66198e-05
0.498176 -9.95781e-07 -1.76074e-05 0 0 0 0 0 0 -9.95781e-07 -1.76074e-05
0.498533 -6.72581e-07 -1.8451e-05 0 0 0 0 0 0 -6.72581e-07 -1.8451e-05
0.498891 -3.11309e-07 -1.91304e-05 0 0 0 0 0 0 -3.11309e-07 -1.91304e-05
0.499249 7.8344e-08 -1.9629e-05 0 0 0 0 0 0 7.8344e-08 -1.9629e-05
0.499606 4.85377e-07 -1.99342e-05 0 0 0 0 0 0 4.85377e-07 -1.99342e-05
0.499964 8.97901e-07 -2.00384e-05 0 0 0 0 0 0 8.97901e-07 -2.00384e-05
0.500321 1.30362e-06 -1.99387e-05 0 0 0 0 0 0 1.30362e-06 -1.99387e-05
0.500679 1.69035e-06 -1.96378e-05 0 0 0 0 0 0 1.69035e-06 -1.96378e-05
0.501037 2.0465e-06 -1.91433e-05 0 0 0 0 0 0 2.0465e-06 -1.91433e-05
0.501394 2.36156e-06 -1.84674e-05 0 0 0 0 0 0 2.36156e-06 -1.84674e-05
0.501752 2.62653e-06 -1.76269e-05 0 0 0 0 0 0 2.62653e-06 -1.76269e-05
0.50211 2.83422e-06 -1.66419e-05 0 0 0 0 0 0 2.83422e-06 -1.66419e-05
0.502467 2.97951e-06 -1.55355e-05 0 0 0 0 0 0 2.97951e-06 -1.55355e-05
0.502825 3.05949e-06 -1.43324e-05 0 0 0 0 0 0 3.05949e-06 -1.43324e-05
0.503182 3.07344e-06 -1.30586e-05 0 0 0 0 0 0 3.07344e-06 -1.30586e-05
0.50354 3.02275e-06 -1.17399e-05 0 0 0 0 0 0 3.02275e-06 -1.17399e-05
0.503898 2.91079e-06 -1.04016e-05 0 0 0 0 0 0 2.91079e-06 -1.04016e-05
0.504255 2.74259e-06 -9.06736e-06 0 0 0 0 0 0 2.74259e-06 -9.06736e-06
0.504613 2.52457e-06 -7.75889e-06 0 0 0 0 0 0 2.52457e-06 -7.75889e-06
0.504971 2.26416e-06 -6.49525e-06 0 0 0 0 0 0 2.26416e-06 -6.49525e-06
0.505328 1.96949e-06 -5.29262e-06 0 0 0 0 0 0 1.96949e-06 -5.29262e-06
0.505686 1.649e-06 -4.16416e-06 0 0 0 0 0 0 1.649e-06 -4.16416e-06
0.506043 1.31114e-06 -3.11991e-06 0 0 0 0 0 0 1.31114e-06 -3.11991e-06
0.506401 9.64033e-07 -2.16689e-06 0 0 0 0 0 0 9.64033e-07 -2.16689e-06
0.506759 6.15311e-07 -1.30928e-06 0 0 0 0 0 0 6.15311e-07 -1.30928e-06
0.507116 2.7186e-07 -5.48677e-07 0 0 0 0 0 0 2.7186e-07 -5.48677e-07
0.507474 -6.02841e-08 1.156e-07 0 0 0 0 0 0 -6.02841e-08 1.156e-07
0.507832 -3.76027e-07 6.86159e-07 0 0 0 0 0 0 -3.76027e-07 6.86159e-07
0.508189 -6.71249e-07 1.16718e-06 0 0 0 0 0 0 -6.71249e-07 1.16718e-06
0.508547 -9.42796e-07 1.56407e-06 0 0 0 0 0 0 -9.42796e-07 1.56407e-06
0.508904 -1.18844e-06 1.8831e-06 0 0 0 0 0 0 -1.18844e-06 1.8831e-06
0.509262 -1.40681e-06 2.13114e-06 0 0 0 0 0 0 -1.40681e-06 2.13114e-06
0.50962 -1.59731e-06 2.31537e-06 0 0 0 0 0 0 -1.59731e-06 2.31537e-06
0.509977 -1.76001e-06 2.44303e-06 0 0 0 0 0 0 -1.76001e-06 2.44303e-06
0.510335 -1.89553e-06 2.52125e-06 0 0 0 0 0 0 -1.89553e-06 2.52125e-06
0.510693 -2.00498e-06 2.55688e-06 0 0 0 0 0 0 -2.00498e-06 2.55688e-06
0.51105 -2.0898e-06 2.55641e-06 0 0 0 0 0 0 -2.0898e-06 2.55641e-06
0.511408 -2.1517e-06 2.52585e-06 0 0 0 0 0 0 -2.1517e-06 2.52585e-06
0.511765 -2.19258e-06 2.4707e-06 0 0 0 0 0 0 -2.19258e-06 2.4707e-06
0.512123 -2.21442e-06 2.3959e-06 0 0 0 0 0 0 -2.21442e-06 2.3959e-06
0.512481 -2.21926e-06 2.30586e-06 0 0 0 0 0 0 -2.21926e-06 2.30586e-06
0.512838 -2.20912e-06 2.20445e-06 0 0 0 0 0 0 -2.20912e-06 2.20445e-06
0.513196 -2.18595e-06 2.09501e-06 0 0 0 0 0 0 -2.18595e-06 2.09501e-06
0.513554 -2.15162e-06 1.9804e-06 0 0 0 0 0 0 -2.15162e-06 1.9804e-06
0.513911 -2.10791e-06 1.86304e-06 0 0 0 0 0 0 -2.10791e-06 1.86304e-06
0.514269 -2.05643e-06 1.74494e-06 0 0 0 0 0 0 -2.05643e-06 1.74494e-06
0.514627 -1.99868e-06 1.62773e-06 0 0 0 0 0 0 -1.99868e-06 1.62773e-06
0.514984 -1.93601e-06 1.51273e-06 0 0 0 0 0 0 -1.93601e-06 1.51273e-06
0.515342 -1.86964e-06 1.40098e-06 0 0 0 0 0 0 -1.86964e-06 1.40098e-06
0.515699 -1.80064e-06 1.29326e-06 0 0 0 0 0 0 -1.80064e-06 1.29326e-06
0.516057 -1.72993e-06 1.19015e-06 0 0 0 0 0 0 -1.72993e-06 1.19015e-06
0.516415 -1.65834e-06 1.09206e-06 0 0 0 0 0 0 -1.65834e-06 1.09206e-06
0.516772 -1.58656e-06 9.99233e-07 0 0 0 0 0 0 -1.58656e-06 9.99233e-07
0.51713 -1.51518e-06 9.11803e-07 0 0 0 0 0 0 -1.51518e-06 9.11803e-07
0.517488 -1.4447e-06 8.29801e-07 0 0 0 0 0 0 -1.4447e-06 8.29801e-07
0.517845 -1.37551e-06 7.5318e-07 0 0 0 0 0 0 -1.37551e-06 7.5318e-07
0.518203 -1.30796e-06 6.81828e-07 0 0 0 0 0 0 -1.30796e-06 6.81828e-07
0.51856 -1.2423e-06 6.15587e-07 0 0 0 0 0 0 -1.2423e-06 6.15587e-07
0.518918 -1.17872e-06 5.54262e-07 0 0 0 0 0 0 -1.17872e-06 5.54262e-07
0.519276 -1.11738e-06 4.97635e-07 0 0 0 0 0 0 -1.11738e-06 4.97635e-07
0.519633 -1.05839e-06 4.45468e-07 0 0 0 0 0 0 -1.05839e-06 4.45468e-07
0.519991 -1.0018e-06 3.97516e-07 0 0 0 0 0 0 -1.0018e-06 3.97516e-07
0.520349 -9.47649e-07 3.53527e-07 0 0 0 0 0 0 -9.47649e-07 3.53527e-07
0.520706 -8.95945e-07 3.13251e-07 0 0 0 0 0 0 -8.95945e-07 3.13251e-07
0.521064 -8.4667e-07 2.76442e-07 0 0 0 0 0 0 -8.4667e-07 2.76442e-07
0.521421 -7.9979e-07 2.42858e-07 0 0 0 0 0 0 -7.9979e-07 2.42858e-07
0.521779 -7.55255e-07 2.12267e-07 0 0 0 0 0 0 -7.55255e-07 2.12267e-07
0.522137 -7.13006e-07 1.84448e-07 0 0 0 0 0 0 -7.13006e-07 1.84448e-07
0.522494 -6.72972e-07 1.59189e-07 0 0 0 0 0 0 -6.72972e-07 1.59189e-07
0.522852 -6.35077e-07 1.36288e-07 0 0 0 0 0 0 -6.35077e-07 1.36288e-07
0.52321 -5.99241e-07 1.15559e-07 0 0 0 0 0 0 -5.99241e-07 1.15559e-07
0.523567 -5.65379e-07 9.68223e-08 0 0 0 0 0 0 -5.65379e-07 9.68223e-08
0.523925 -5.33406e-07 7.99143e-08 0 0 0 0 0 0 -5.33406e-07 7.99143e-08
0.524282 -5.03235e-07 6.46806e-08 0 0 0 0 0 0 -5.03235e-07 6.46806e-08
0.52464 -4.7478e-07 5.0978e-08 0 0 0 0 0 0 -4.7478e-07 5.0978e-08
0.524998 -4.47956e-07 3.86739e-08 0 0 0 0 0 0 -4.47956e-07 3.86739e-08
0.525355 -4.2268e-07 2.76459e-08 0 0 0 0 0 0 -4.2268e-07 2.76459e-08
0.525713 -3.9887e-07 1.77807e-08 0 0 0 0 0 0 -3.9887e-07 1.77807e-08
0.526071 -3.76448e-07 8.97416e-09 0 0 0 0 0 0 -3.76448e-07 8.97416e-09
0.526428 -3.55338e-07 1.1306e-09 0 0 0 0 0 0 -3.55338e-07 1.1306e-09
0.526786 -3.35466e-07 -5.83799e-09 0 0 0 0 0 0 -3.35466e-07 -5.83799e-09
0.527143 -3.16763e-07 -1.20123e-08 0 0 0 0 0 0 -3.16763e-07 -1.20123e-08
0.527501 -2.99161e-07 -1.74661e-08 0 0 0 0 0 0 -2.99161e-07 -1.74661e-08
0.527859 -2.82597e-07 -2.2267e-08 0 0 0 0 0 0 -2.82597e-07 -2.2267e-08
0.528216 -2.67009e-07 -2.64769e-08 0 0 0 0 0 0 -2.67009e-07 -2.64769e-08
0.528574 -2.52341e-07 -3.01521e-08 0 0 0 0 0 0 -2.52341e-07 -3.01521e-08
0.528932 -2.38537e-07 -3.33441e-08 0 0 0 0 0 0 -2.38537e-07 -3.33441e-08
0.529289 -2.25545e-07 -3.60998e-08 0 0 0 0 0 0 -2.25545e-07 -3.60998e-08
0.529647 -2.13318e-07 -3.8462e-08 0 0 0 0 0 0 -2.13318e-07 -3.8462e-08
0.530005 -2.01808e-07 -4.04695e-08 0 0 0 0 0 0 -2.01808e-07 -4.04695e-08
0.530362 -1.90972e-07 -4.2158e-08 0 0 0 0 0 0 -1.90972e-07 -4.2158e-08
0.53072 -1.8077e-07 -4.35594e-08 0 0 0 0 0 0 -1.8077e-07 -4.35594e-08
0.531077 -1.71162e-07 -4.47031e-08 0 0 0 0 0 0 -1.71162e-07 -4.47031e-08
0.531435 -1.62112e-07 -4.56157e-08 0 0 0 0 0 0 -1.62112e-07 -4.56157e-08
0.531793 -1.53587e-07 -4.63213e-08 0 0 0 0 0 0 -1.53587e-07 -4.63213e-08
0.53215 -1.45554e-07 -4.68418e-08 0 0 0 0 0 0 -1.45554e-07 -4.68418e-08
0.532508 -1.37984e-07 -4.71971e-08 0 0 0 0 0 0 -1.37984e-07 -4.71971e-08
0.532866 -1.30847e-07 -4.74051e-08 0 0 0 0 0 0 -1.30847e-07 -4.74051e-08
0.533223 -1.24118e-07 -4.74822e-08 0 0 0 0 0 0 -1.24118e-07 -4.74822e-08
0.533581 -1.17772e-07 -4.74432e-08 0 0 0 0 0 0 -1.17772e-07 -4.74432e-08
0.533938 -1.11785e-07 -4.73013e-08 0 0 0 0 0 0 -1.11785e-07 -4.73013e-08
0.534296 -1.06136e-07 -4.70687e-08 0 0 0 0 0 0 -1.06136e-07 -4.70687e-08
0.534654 -1.00804e-07 -4.67564e-08 0 0 0 0 0 0 -1.00804e-07 -4.67564e-08
0.535011 -9.57695e-08 -4.63741e-08 0 0 0 0 0 0 -9.57695e-08 -4.63741e-08
0.535369 -9.10155e-08 -4.59308e-08 0 0 0 0 0 0 -9.10155e-08 -4.59308e-08
0.535727 -8.65247e-08 -4.54345e-08 0 0 0 0 0 0 -8.65247e-08 -4.54345e-08
0.536084 -8.22812e-08 -4.48925e-08 0 0 0 0 0 0 -8.22812e-08 -4.48925e-08
0.536442 -7.82704e-08 -4.43112e-08 0 0 0 0 0 0 -7.82704e-08 -4.43112e-08
0.536799 -7.44784e-08 -4.36967e-08 0 0 0 0 0 0 -7.44784e-08 -4.36967e-08
0.537157 -7.08921e-08 -4.30541e-08 0 0 0 0 0 0 -7.08921e-08 -4.30541e-08
0.537515 -6.74994e-08 -4.23881e-08 0 0 0 0 0 0 -6.74994e-08 -4.23881e-08
0.537872 -6.42889e-08 -4.17032e-08 0 0 0 0 0 0 -6.42889e-08 -4.17032e-08
0.53823 -6.125e-08 -4.1003e-08 0 0 0 0 0 0 -6.125e-08 -4.1003e-08
0.538588 -5.83725e-08 -4.02909e-08 0 0 0 0 0 0 -5.83725e-08 -4.02909e-08
0.538945 -5.5647e-08 -3.95702e-08 0 0 0 0 0 0 -5.5647e-08 -3.95702e-08
0.539303 -5.30648e-08 -3.88433e-08 0 0 0 0 0 0 -5.30648e-08 -3.88433e-08
0.53966 -5.06176e-08 -3.81129e-08 0 0 0 0 0 0 -5.06176e-08 -3.81129e-08
0.540018 -4.82976e-08 -3.7381e-08 0 0 0 0 0 0 -4.82976e-08 -3.7381e-08
0.540376 -4.60975e-08 -3.66495e-08 0 0 0 0 0 0 -4.60975e-08 -3.66495e-08
0.540733 -4.40106e-08 -3.59202e-08 0 0 0 0 0 0 -4.40106e-08 -3.59202e-08
0.541091 -4.20303e-08 -3.51945e-08 0 0 0 0 0 0 -4.20303e-08 -3.51945e-08
0.541449 -4.01507e-08 -3.44738e-08 0 0 0 0 0 0 -4.01507e-08 -3.44738e-08
0.541806 -3.83661e-08 -3.37591e-08 0 0 0 0 0 0 -3.83661e-08 -3.37591e-08
0.542164 -3.66713e-08 -3.30516e-08 0 0 0 0 0 0 -3.66713e-08 -3.30516e-08
0.542521 -3.50611e-08 -3.2352e-08 0 0 0 0 0 0 -3.50611e-08 -3.2352e-08
0.542879 -3.35309e-08 -3.16612e-08 0 0 0 0 0 0 -3.35309e-08 -3.16612e-08
0.543237 -3.20764e-08 -3.09797e-08 0 0 0 0 0 0 -3.20764e-08 -3.09797e-08
0.543594 -3.06933e-08 -3.03081e-08 0 0 0 0 0 0 -3.06933e-08 -3.03081e-08
0.543952 -2.93778e-08 -2.96469e-08 0 0 0 0 0 0 -2.93778e-08 -2.96469e-08
0.54431 -2.81262e-08 -2.89964e-08 0 0 0 0 0 0 -2.81262e-08 -2.89964e-08
0.544667 -2.69351e-08 -2.8357e-08 0 0 0 0 0 0 -2.69351e-08 -2.8357e-08
0.545025 -2.58011e-08 -2.77289e-08 0 0 0 0 0 0 -2.58011e-08 -2.77289e-08
0.545382 -2.47213e-08 -2.71122e-08 0 0 0 0 0 0 -2.47213e-08 -2.71122e-08
0.54574 -2.36928e-08 -2.65072e-08 0 0 0 0 0 0 -2.36928e-08 -2.65072e-08
0.546098 -2.27128e-08 -2.5914e-08 0 0 0 0 0 0 -2.27128e-08 -2.5914e-08
0.546455 -2.17789e-08 -2.53325e-08 0 0 0 0 0 0 -2.17789e-08 -2.53325e-08
0.546813 -2.08885e-08 -2.47628e-08 0 0 0 0 0 0 -2.08885e-08 -2.47628e-08
0.547171 -2.00394e-08 -2.42049e-08 0 0 0 0 0 0 -2.00394e-08 -2.42049e-08
0.547528 -1.92296e-08 -2.36588e-08 0 0 0 0 0 0 -1.92296e-08 -2.36588e-08
0.547886 -1.84568e-08 -2.31244e-08 0 0 0 0 0 0 -1.84568e-08 -2.31244e-08
0.548244 -1.77194e-08 -2.26015e-08 0 0 0 0 0 0 -1.77194e-08 -2.26015e-08
0.548601 -1.70154e-08 -2.20902e-08 0 0 0 0 0 0 -1.70154e-08 -2.20902e-08
0.548959 -1.63431e-08 -2.15902e-08 0 0 0 0 0 0 -1.63431e-08 -2.15902e-08
0.549316 -1.57011e-08 -2.11015e-08 0 0 0 0 0 0 -1.57011e-08 -2.11015e-08
0.549674 -1.50876e-08 -2.06239e-08 0 0 0 0 0 0 -1.50876e-08 -2.06239e-08
0.550032 -1.45014e-08 -2.01573e-08 0 0 0 0 0 0 -1.45014e-08 -2.01573e-08
0.550389 -1.3941e-08 -1.97014e-08 0 0 0 0 0 0 -1.3941e-08 -1.97014e-08
0.550747 -1.34053e-08 -1.92561e-08 0 0 0 0 0 0 -1.34053e-08 -1.92561e-08
0.551105 -1.28929e-08 -1.88212e-08 0 0 0 0 0 0 -1.28929e-08 -1.88212e-08
0.551462 -1.24027e-08 -1.83965e-08 0 0 0 0 0 0 -1.24027e-08 -1.83965e-08
0.55182 -1.19337e-08 -1.79819e-08 0 0 0 0 0 0 -1.19337e-08 -1.79819e-08
0.552177 -1.14848e-08 -1.75772e-08 0 0 0 0 0 0 -1.14848e-08 -1.75772e-08
0.552535 -1.10551e-08 -1.71821e-08 0 0 0 0 0 0 -1.10551e-08 -1.71821e-08
0.552893 -1.06436e-08 -1.67964e-08 0 0 0 0 0 0 -1.06436e-08 -1.67964e-08
0.55325 -1.02495e-08 -1.642e-08 0 0 0 0 0 0 -1.02495e-08 -1.642e-08
0.553608 -9.87191e-09 -1.60527e-08 0 0 0 0 0 0 -9.87191e-09 -1.60527e-08
0.553966 -9.51012e-09 -1.56943e-08 0 0 0 0 0 0 -9.51012e-09 -1.56943e-08
0.554323 -9.16336e-09 -1.53445e-08 0 0 0 0 0 0 -9.16336e-09 -1.53445e-08
0.554681 -8.83093e-09 -1.50032e-08 0 0 0 0 0 0 -8.83093e-09 -1.50032e-08
0.555038 -8.51216e-09 -1.46702e-08 0 0 0 0 0 0 -8.51216e-09 -1.46702e-08
0.555396 -8.20643e-09 -1.43453e-08 0 0 0 0 0 0 -8.20643e-09 -1.43453e-08
0.555754 -7.91313e-09 -1.40283e-08 0 0 0 0 0 0 -7.91313e-09 -1.40283e-08
0.556111 -7.6317e-09 -1.3719e-08 0 0 0 0 0 0 -7.6317e-09 -1.3719e-08
0.556469 -7.3616e-09 -1.34173e-08 0 0 0 0 0 0 -7.3616e-09 -1.34173e-08
0.556827 -7.10231e-09 -1.31229e-08 0 0 0 0 0 0 -7.10231e-09 -1.31229e-08
0.557184 -6.85335e-09 -1.28356e-08 0 0 0 0 0 0 -6.85335e-09 -1.28356e-08
0.557542 -6.61426e-09 -1.25554e-08 0 0 0 0 0 0 -6.61426e-09 -1.25554e-08
0.557899 -6.3846e-09 -1.2282e-08 0 0 0 0 0 0 -6.3846e-09 -1.2282e-08
0.558257 -6.16394e-09 -1.20153e-08 0 0 0 0 0 0 -6.16394e-09 -1.20153e-08
0.558615 -5.9519e-09 -1.1755e-08 0 0 0 0 0 0 -5.9519e-09 -1.1755e-08
0.558972 -5.74809e-09 -1.15011e-08 0 0 0 0 0 0 -5.74809e-09 -1.15011e-08
0.55933 -5.55215e-09 -1.12533e-08 0 0 0 0 0 0 -5.55215e-09 -1.12533e-08
0.559688 -5.36375e-09 -1.10116e-08 0 0 0 0 0 0 -5.36375e-09 -1.10116e-08
0.560045 -5.18255e-09 -1.07757e-08 0 0 0 0 0 0 -5.18255e-09 -1.07757e-08
0.560403 -5.00826e-09 -1.05455e-08 0 0 0 0 0 0 -5.00826e-09 -1.05455e-08
0.56076 -4.84056e-09 -1.03209e-08 0 0 0 0 0 0 -4.84056e-09 -1.03209e-08
0.561118 -4.67919e-09 -1.01017e-08 0 0 0 0 0 0 -4.67919e-09 -1.01017e-08
0.561476 -4.52387e-09 -9.88785e-09 0 0 0 0 0 0 -4.52387e-09 -9.88785e-09
0.561833 -4.37434e-09 -9.67911e-09 0 0 0 0 0 0 -4.37434e-09 -9.67911e-09
0.562191 -4.23037e-09 -9.47538e-09 0 0 0 0 0 0 -4.23037e-09 -9.47538e-09
0.562549 -4.09173e-09 -9.27653e-09 0 0 0 0 0 0 -4.09173e-09 -9.27653e-09
0.562906 -3.95819e-09 -9.08245e-09 0 0 0 0 0 0 -3.95819e-09 -9.08245e-09
0.563264 -3.82953e-09 -8.89301e-09 0 0 0 0 0 0 -3.82953e-09 -8.89301e-09
0.563622 -3.70557e-09 -8.70808e-09 0 0 0 0 0 0 -3.70557e-09 -8.70808e-09
0.563979 -3.58611e-09 -8.52756e-09 0 0 0 0 0 0 -3.58611e-09 -8.52756e-09
0.564337 -3.47095e-09 -8.35132e-09 0 0 0 0 0 0 -3.47095e-09 -8.35132e-09
0.564694 -3.35994e-09 -8.17926e-09 0 0 0 0 0 0 -3.35994e-09 -8.17926e-09
0.565052 -3.2529e-09 -8.01127e-09 0 0 0 0 0 0 -3.2529e-09 -8.01127e-09
0.56541 -3.14967e-09 -7.84724e-09 0 0 0 0 0 0 -3.14967e-09 -7.84724e-09
0.565767 -3.05011e-09 -7.68707e-09 0 0 0 0 0 0 -3.05011e-09 -7.68707e-09
0.566125 -2.95405e-09 -7.53066e-09 0 0 0 0 0 0 -2.95405e-09 -7.53066e-09
0.566483 -2.86138e-09 -7.37791e-09 0 0 0 0 0 0 -2.86138e-09 -7.37791e-09
0.56684 -2.77194e-09 -7.22873e-09 0 0 0 0 0 0 -2.77194e-09 -7.22873e-09
0.567198 -2.68562e-09 -7.08303e-09 0 0 0 0 0 0 -2.68562e-09 -7.08303e-09
0.567555 -2.60229e-09 -6.94072e-09 0 0 0 0 0 0 -2.60229e-09 -6.94072e-09
0.567913 -2.52184e-09 -6.80171e-09 0 0 0 0 0 0 -2.52184e-09 -6.80171e-09
0.568271 -2.44415e-09 -6.66591e-09 0 0 0 0 0 0 -2.44415e-09 -6.66591e-09
0.568628 -2.36912e-09 -6.53324e-09 0 0 0 0 0 0 -2.36912e-09 -6.53324e-09
0.568986 -2.29665e-09 -6.40363e-09 0 0 0 0 0 0 -2.29665e-09 -6.40363e-09
0.569344 -2.22664e-09 -6.27699e-09 0 0 0 0 0 0 -2.22664e-09 -6.27699e-09
0.569701 -2.15899e-09 -6.15325e-09 0 0 0 0 0 0 -2.15899e-09 -6.15325e-09
0.570059 -2.09362e-09 -6.03233e-09 0 0 0 0 0 0 -2.09362e-09 -6.03233e-09
0.570416 -2.03044e-09 -5.91416e-09 0 0 0 0 0 0 -2.03044e-09 -5.91416e-09
0.570774 -1.96936e-09 -5.79867e-09 0 0 0 0 0 0 -1.96936e-09 -5.79867e-09
0.571132 -1.91032e-09 -5.6858e-09 0 0 0 0 0 0 -1.91032e-09 -5.6858e-09
0.571489 -1.85323e-09 -5.57547e-09 0 0 0 0 0 0 -1.85323e-09 -5.57547e-09
0.571847 -1.79802e-09 -5.46762e-09 0 0 0 0 0 0 -1.79802e-09 -5.46762e-09
0.572205 -1.74462e-09 -5.3622e-09 0 0 0 0 0 0 -1.74462e-09 -5.3622e-09
0.572562 -1.69297e-09 -5.25913e-09 0 0 0 0 0 0 -1.69297e-09 -5.25913e-09
0.57292 -1.643e-09 -5.15836e-09 0 0 0 0 0 0 -1.643e-09 -5.15836e-09
0.573277 -1.59465e-09 -5.05983e-09 0 0 0 0 0 0 -1.59465e-09 -5.05983e-09
0.573635 -1.54786e-09 -4.96349e-09 0 0 0 0 0 0 -1.54786e-09 -4.96349e-09
0.573993 -1.50257e-09 -4.86928e-09 0 0 0 0 0 0 -1.50257e-09 -4.86928e-09
0.57435 -1.45874e-09 -4.77714e-09 0 0 0 0 0 0 -1.45874e-09 -4.77714e-09
0.574708 -1.41631e-09 -4.68703e-09 0 0 0 0 0 0 -1.41631e-09 -4.68703e-09
0.575066 -1.37522e-09 -4.5989e-09 0 0 0 0 0 0 -1.37522e-09 -4.5989e-09
0.575423 -1.33544e-09 -4.51269e-09 0 0 0 0 0 0 -1.33544e-09 -4.51269e-09
0.575781 -1.29691e-09 -4.42836e-09 0 0 0 0 0 0 -1.29691e-09 -4.42836e-09
0.576138 -1.2596e-09 -4.34586e-09 0 0 0 0 0 0 -1.2596e-09 -4.34586e-09
0.576496 -1.22345e-09 -4.26515e-09 0 0 0 0 0 0 -1.22345e-09 -4.26515e-09
0.576854 -1.18843e-09 -4.18618e-09 0 0 0 0 0 0 -1.18843e-09 -4.18618e-09
0.577211 -1.1545e-09 -4.10891e-09 0 0 0 0 0 0 -1.1545e-09 -4.10891e-09
0.577569 -1.12162e-09 -4.03329e-09 0 0 0 0 0 0 -1.12162e-09 -4.03329e-09
0.577927 -1.08976e-09 -3.9593e-09 0 0 0 0 0 0 -1.08976e-09 -3.9593e-09
0.578284 -1.05887e-09 -3.88688e-09 0 0 0 0 0 0 -1.05887e-09 -3.88688e-09
0.578642 -1.02894e-09 -3.81601e-09 0 0 0 0 0 0 -1.02894e-09 -3.81601e-09
0.579 -9.99911e-10 -3.74664e-09 0 0 0 0 0 0 -9.99911e-10 -3.74664e-09
0.579357 -9.7177e-10 -3.67873e-09 0 0 0 0 0 0 -9.7177e-10 -3.67873e-09
0.579715 -9.44483e-10 -3.61226e-09 0 0 0 0 0 0 -9.44483e-10 -3.61226e-09
0.580072 -9.18019e-10 -3.54718e-09 0 0 0 0 0 0 -9.18019e-10 -3.54718e-09
0.58043 -8.92353e-10 -3.48347e-09 0 0 0 0 0 0 -8.92353e-10 -3.48347e-09
0.580788 -8.67457e-10 -3.42108e-09 0 0 0 0 0 0 -8.67457e-10 -3.42108e-09
0.581145 -8.43305e-10 -3.36e-09 0 0 0 0 0 0 -8.43305e-10 -3.36e-09
0.581503 -8.19873e-10 -3.30018e-09 0 0 0 0 0 0 -8.19873e-10 -3.30018e-09
0.581861 -7.97137e-10 -3.24161e-09 0 0 0 0 0 0 -7.97137e-10 -3.24161e-09
0.582218 -7.75074e-10 -3.18424e-09 0 0 0 0 0 0 -7.75074e-10 -3.18424e-09
0.582576 -7.53663e-10 -3.12805e-09 0 0 0 0 0 0 -7.53663e-10 -3.12805e-09
0.582933 -7.32881e-10 -3.07301e-09 0 0 0 0 0 0 -7.32881e-10 -3.07301e-09
0.583291 -7.12708e-10 -3.0191e-09 0 0 0 0 0 0 -7.12708e-10 -3.0191e-09
0.583649 -6.93125e-10 -2.96629e-09 0 0 0 0 0 0 -6.93125e-10 -2.96629e-09
0.584006 -6.74112e-10 -2.91455e-09 0 0 0 0 0 0 -6.74112e-10 -2.91455e-09
0.584364 -6.55652e-10 -2.86387e-09 0 0 0 0 0 0 -6.55652e-10 -2.86387e-09
0.584722 -6.37726e-10 -2.8142e-09 0 0 0 0 0 0 -6.37726e-10 -2.8142e-09
0.585079 -6.20317e-10 -2.76554e-09 0 0 0 0 0 0 -6.20317e-10 -2.76554e-09
0.585437 -6.03409e-10 -2.71785e-09 0 0 0 0 0 0 -6.03409e-10 -2.71785e-09
0.585794 -5.86986e-10 -2.67112e-09 0 0 0 0 0 0 -5.86986e-10 -2.67112e-09
0.586152 -5.71032e-10 -2.62532e-09 0 0 0 0 0 0 -5.71032e-10 -2.62532e-09
0.58651 -5.55534e-10 -2.58043e-09 0 0 0 0 0 0 -5.55534e-10 -2.58043e-09
0.586867 -5.40476e-10 -2.53644e-09 0 0 0 0 0 0 -5.40476e-10 -2.53644e-09
0.587225 -5.25844e-10 -2.49331e-09 0 0 0 0 0 0 -5.25844e-10 -2.49331e-09
0.587583 -5.11626e-10 -2.45104e-09 0 0 0 0 0 0 -5.11626e-10 -2.45104e-09
0.58794 -4.97809e-10 -2.4096e-09 0 0 0 0 0 0 -4.97809e-10 -2.4096e-09
0.588298 -4.8438e-10 -2.36897e-09 0 0 0 0 0 0 -4.8438e-10 -2.36897e-09
0.588655 -4.71327e-10 -2.32913e-09 0 0 0 0 0 0 -4.71327e-10 -2.32913e-09
0.589013 -4.58639e-10 -2.29007e-09 0 0 0 0 0 0 -4.58639e-10 -2.29007e-09
0.589371 -4.46304e-10 -2.25178e-09 0 0 0 0 0 0 -4.46304e-10 -2.25178e-09
0.589728 -4.34312e-10 -2.21422e-09 0 0 0 0 0 0 -4.34312e-10 -2.21422e-09
0.590086 -4.22652e-10 -2.17739e-09 0 0 0 0 0 0 -4.22652e-10 -2.17739e-09
0.590444 -4.11314e-10 -2.14127e-09 0 0 0 0 0 0 -4.11314e-10 -2.14127e-09
0.590801 -4.00289e-10 -2.10584e-09 0 0 0 0 0 0 -4.00289e-10 -2.10584e-09
0.591159 -3.89566e-10 -2.07109e-09 0 0 0 0 0 0 -3.89566e-10 -2.07109e-09
0.591516 -3.79138e-10 -2.03701e-09 0 0 0 0 0 0 -3.79138e-10 -2.03701e-09
0.591874 -3.68995e-10 -2.00357e-09 0 0 0 0 0 0 -3.68995e-10 -2.00357e-09
0.592232 -3.59128e-10 -1.97077e-09 0 0 0 0 0 0 -3.59128e-10 -1.97077e-09
0.592589 -3.4953e-10 -1.9386e-09 0 0 0 0 0 0 -3.4953e-10 -1.9386e-09
0.592947 -3.40192e-10 -1.90702e-09 0 0 0 0 0 0 -3.40192e-10 -1.90702e-09
0.593305 -3.31106e-10 -1.87605e-09 0 0 0 0 0 0 -3.31106e-10 -1.87605e-09
0.593662 -3.22266e-10 -1.84565e-09 0 0 0 0 0 0 -3.22266e-10 -1.84565e-09
0.59402 -3.13664e-10 -1.81583e-09 0 0 0 0 0 0 -3.13664e-10 -1.81583e-09
0.594378 -3.05293e-10 -1.78656e-09 0 0 0 0 0 0 -3.05293e-10 -1.78656e-09
0.594735 -2.97147e-10 -1.75783e-09 0 0 0 0 0 0 -2.97147e-10 -1.75783e-09
0.595093 -2.89218e-10 -1.72964e-09 0 0 0 0 0 0 -2.89218e-10 -1.72964e-09
0.59545 -2.81501e-10 -1.70198e-09 0 0 0 0 0 0 -2.81501e-10 -1.70198e-09
0.595808 -2.73989e-10 -1.67482e-09 0 0 0 0 0 0 -2.73989e-10 -1.67482e-09
0.596166 -2.66677e-10 -1.64816e-09 0 0 0 0 0 0 -2.66677e-10 -1.64816e-09
0.596523 -2.59558e-10 -1.62199e-09 0 0 0 0 0 0 -2.59558e-10 -1.62199e-09
0.596881 -2.52627e-10 -1.5963e-09 0 0 0 0 0 0 -2.52627e-10 -1.5963e-09
0.597239 -2.4588e-10 -1.57108e-09 0 0 0 0 0 0 -2.4588e-10 -1.57108e-09
0.597596 -2.3931e-10 -1.54632e-09 0 0 0 0 0 0 -2.3931e-10 -1.54632e-09
0.597954 -2.32912e-10 -1.52201e-09 0 0 0 0 0 0 -2.32912e-10 -1.52201e-09
0.598311 -2.26682e-10 -1.49814e-09 0 0 0 0 0 0 -2.26682e-10 -1.49814e-09
0.598669 -2.20615e-10 -1.47469e-09 0 0 0 0 0 0 -2.20615e-10 -1.47469e-09
0.599027 -2.14706e-10 -1.45168e-09 0 0 0 0 0 0 -2.14706e-10 -1.45168e-09
0.599384 -2.08951e-10 -1.42907e-09 0 0 0 0 0 0 -2.08951e-10 -1.42907e-09
