-49.9512 0 0
-49.9023 0 0
-49.8535 0 0
-49.8047 0 0
-49.7559 0 0
-49.707 0 0
-49.6582 0 0
-49.6094 0 0
-49.5605 0 0
-49.5117 0 0
-49.4629 0 0
-49.4141 0 0
-49.3652 0 0
-49.3164 0 0
-49.2676 0 0
-49.2188 0 0
-49.1699 0 0
-49.1211 0 0
-49.0723 0 0
-49.0234 0 0
-48.9746 0 0
-48.9258 0 0
-48.877 0 0
-48.8281 0 0
-48.7793 0 0
-48.7305 0 0
-48.6816 0 0
-48.6328 0 0
-48.584 0 0
-48.5352 0 0
-48.4863 0 0
-48.4375 0 0
-48.3887 0 0
-48.3398 0 0
-48.291 0 0
-48.2422 0 0
-48.1934 0 0
-48.1445 0 0
-48.0957 0 0
-48.0469 0 0
-47.998 0 0
-47.9492 0 0
-47.9004 0 0
-47.8516 0 0
-47.8027 0 0
-47.7539 0 0
-47.7051 0 0
-47.6562 0 0
-47.6074 0 0
-47.5586 0 0
-47.5098 0 0
-47.4609 0 0
-47.4121 0 0
-47.3633 0 0
-47.3145 0 0
-47.2656 0 0
-47.2168 0 0
-47.168 0 0
-47.1191 0 0
-47.0703 0 0
-47.0215 0 0
-46.9727 0 0
-46.9238 0 0
-46.875 0 0
-46.8262 0 0
-46.7773 0 0
-46.7285 0 0
-46.6797 0 0
-46.6309 0 0
-46.582 0 0
-46.5332 0 0
-46.4844 0 0
-46.4355 0 0
-46.3867 0 0
-46.3379 0 0
-46.2891 0 0
-46.2402 0 0
-46.1914 0 0
-46.1426 0 0
-46.0938 0 0
-46.0449 0 0
-45.9961 0 0
-45.9473 0 0
-45.8984 0 0
-45.8496 0 0
-45.8008 0 0
-45.752 0 0
-45.7031 0 0
-45.6543 0 0
-45.6055 0 0
-45.5566 0 0
-45.5078 0 0
-45.459 0 0
-45.4102 0 0
-45.3613 0 0
-45.3125 0 0
-45.2637 0 0
-45.2148 0 0
-45.166 0 0
-45.1172 0 0
-45.0684 0 0
-45.0195 0 0
-44.9707 0 0
-44.9219 0 0
-44.873 0 0
-44.8242 0 0
-44.7754 0 0
-44.7266 0 0
-44.6777 0 0
-44.6289 0 0
-44.5801 0 0
-44.5312 0 0
-44.4824 0 0
-44.4336 0 0
-44.3848 0 0
-44.3359 0 0
-44.2871 0 0
-44.2383 0 0
-44.1895 0 0
-44.1406 0 0
-44.0918 0 0
-44.043 0 0
-43.9941 0 0
-43.9453 0 0
-43.8965 0 0
-43.8477 0 0
-43.7988 0 0
-43.75 0 0
-43.7012 0 0
-43.6523 0 0
-43.6035 0 0
-43.5547 0 0
-43.5059 0 0
-43.457 0 0
-43.4082 0 0
-43.3594 0 0
-43.3105 0 0
-43.2617 0 0
-43.2129 0 0
-43.1641 0 0
-43.1152 0 0
-43.0664 0 0
-43.0176 0 0
-42.9688 0 0
-42.9199 0 0
-42.8711 0 0
-42.8223 0 0
-42.7734 0 0
-42.7246 0 0
-42.6758 0 0
-42.627 0 0
-42.5781 0 0
-42.5293 0 0
-42.4805 0 0
-42.4316 0 0
-42.3828 0 0
-42.334 0 0
-42.2852 0 0
-42.2363 0 0
-42.1875 0 0
-42.1387 0 0
-42.0898 0 0
-42.041 0 0
-41.9922 0 0
-41.9434 0 0
-41.8945 0 0
-41.8457 0 0
-41.7969 0 0
-41.748 0 0
-41.6992 0 0
-41.6504 0 0
-41.6016 0 0
-41.5527 0 0
-41.5039 0 0
-41.4551 0 0
-41.4062 0 0
-41.3574 0 0
-41.3086 0 0
-41.2598 0 0
-41.2109 0 0
-41.1621 0 0
-41.1133 0 0
-41.0645 0 0
-41.0156 0 0
-40.9668 0 0
-40.918 0 0
-40.8691 0 0
-40.8203 0 0
-40.7715 0 0
-40.7227 0 0
-40.6738 0 0
-40.625 0 0
-40.5762 0 0
-40.5273 0 0
-40.4785 0 0
-40.4297 0 0
-40.3809 0 0
-40.332 0 0
-40.2832 0 0
-40.2344 0 0
-40.1855 0 0
-40.1367 0 0
-40.0879 0 0
-40.0391 0 0
-39.9902 0 0
-39.9414 0 0
-39.8926 0 0
-39.8438 0 0
-39.7949 0 0
-39.7461 0 0
-39.6973 0 0
-39.6484 0 0
-39.5996 0 0
-39.5508 0 0
-39.502 0 0
-39.4531 0 0
-39.4043 0 0
-39.3555 0 0
-39.3066 0 0
-39.2578 0 0
-39.209 0 0
-39.1602 0 0
-39.1113 0 0
-39.0625 0 0
-39.0137 0 0
-38.9648 0 0
-38.916 0 0
-38.8672 0 0
-38.8184 0 0
-38.7695 0 0
-38.7207 0 0
-38.6719 0 0
-38.623 0 0
-38.5742 0 0
-38.5254 0 0
-38.4766 0 0
-38.4277 0 0
-38.3789 0 0
-38.3301 0 0
-38.2812 0 0
-38.2324 0 0
-38.1836 0 0
-38.1348 0 0
-38.0859 0 0
-38.0371 0 0
-37.9883 0 0
-37.9395 0 0
-37.8906 0 0
-37.8418 0 0
-37.793 0 0
-37.7441 0 0
-37.6953 0 0
-37.6465 0 0
-37.5977 0 0
-37.5488 0 0
-37.5 0 0
-37.4512 0 0
-37.4023 0 0
-37.3535 0 0
-37.3047 0 0
-37.2559 0 0
-37.207 0 0
-37.1582 0 0
-37.1094 0 0
-37.0605 0 0
-37.0117 0 0
-36.9629 0 0
-36.9141 0 0
-36.8652 0 0
-36.8164 0 0
-36.7676 0 0
-36.7188 0 0
-36.6699 0 0
-36.6211 0 0
-36.5723 0 0
-36.5234 0 0
-36.4746 0 0
-36.4258 0 0
-36.377 0 0
-36.3281 0 0
-36.2793 0 0
-36.2305 0 0
-36.1816 0 0
-36.1328 0 0
-36.084 0 0
-36.0352 0 0
-35.9863 0 0
-35.9375 0 0
-35.8887 0 0
-35.8398 0 0
-35.791 0 0
-35.7422 0 0
-35.6934 0 0
-35.6445 0 0
-35.5957 0 0
-35.5469 0 0
-35.498 0 0
-35.4492 0 0
-35.4004 0 0
-35.3516 0 0
-35.3027 0 0
-35.2539 0 0
-35.2051 0 0
-35.1562 0 0
-35.1074 0 0
-35.0586 0 0
-35.0098 0 0
-34.9609 0 0
-34.9121 0 0
-34.8633 0 0
-34.8145 0 0
-34.7656 0 0
-34.7168 0 0
-34.668 0 0
-34.6191 0 0
-34.5703 0 0
-34.5215 0 0
-34.4727 0 0
-34.4238 0 0
-34.375 0 0
-34.3262 0 0
-34.2773 0 0
-34.2285 0 0
-34.1797 0 0
-34.1309 0 0
-34.082 0 0
-34.0332 0 0
-33.9844 0 0
-33.9355 0 0
-33.8867 0 0
-33.8379 0 0
-33.7891 0 0
-33.7402 0 0
-33.6914 0 0
-33.6426 0 0
-33.5938 0 0
-33.5449 0 0
-33.4961 0 0
-33.4473 0 0
-33.3984 0 0
-33.3496 0 0
-33.3008 0 0
-33.252 0 0
-33.2031 0 0
-33.1543 0 0
-33.1055 0 0
-33.0566 0 0
-33.0078 0 0
-32.959 0 0
-32.9102 0 0
-32.8613 0 0
-32.8125 0 0
-32.7637 0 0
-32.7148 0 0
-32.666 0 0
-32.6172 0 0
-32.5684 0 0
-32.5195 0 0
-32.4707 0 0
-32.4219 0 0
-32.373 0 0
-32.3242 0 0
-32.2754 0 0
-32.2266 0 0
-32.1777 0 0
-32.1289 0 0
-32.0801 0 0
-32.0312 0 0
-31.9824 0 0
-31.9336 0 0
-31.8848 0 0
-31.8359 0 0
-31.7871 0 0
-31.7383 0 0
-31.6895 0 0
-31.6406 0 0
-31.5918 0 0
-31.543 0 0
-31.4941 0 0
-31.4453 0 0
-31.3965 0 0
-31.3477 0 0
-31.2988 0 0
-31.25 0 0
-31.2012 0 0
-31.1523 0 0
-31.1035 0 0
-31.0547 0 0
-31.0059 0 0
-30.957 0 0
-30.9082 0 0
-30.8594 0 0
-30.8105 0 0
-30.7617 0 0
-30.7129 0 0
-30.6641 0 0
-30.6152 0 0
-30.5664 0 0
-30.5176 0 0
-30.4688 0 0
-30.4199 0 0
-30.3711 0 0
-30.3223 0 0
-30.2734 0 0
-30.2246 0 0
-30.1758 0 0
-30.127 0 0
-30.0781 0 0
-30.0293 0 0
-29.9805 0 0
-29.9316 0 0
-29.8828 0 0
-29.834 0 0
-29.7852 0 0
-29.7363 0 0
-29.6875 0 0
-29.6387 0 0
-29.5898 0 0
-29.541 0 0
-29.4922 0 0
-29.4434 0 0
-29.3945 0 0
-29.3457 0 0
-29.2969 0 0
-29.248 0 0
-29.1992 0 0
-29.1504 0 0
-29.1016 0 0
-29.0527 0 0
-29.0039 0 0
-28.9551 0 0
-28.9062 0 0
-28.8574 0 0
-28.8086 0 0
-28.7598 0 0
-28.7109 0 0
-28.6621 0 0
-28.6133 0 0
-28.5645 0 0
-28.5156 0 0
-28.4668 0 0
-28.418 0 0
-28.3691 0 0
-28.3203 0 0
-28.2715 0 0
-28.2227 0 0
-28.1738 0 0
-28.125 0 0
-28.0762 0 0
-28.0273 0 0
-27.9785 0 0
-27.9297 0 0
-27.8809 0 0
-27.832 0 0
-27.7832 0 0
-27.7344 0 0
-27.6855 0 0
-27.6367 0 0
-27.5879 0 0
-27.5391 0 0
-27.4902 0 0
-27.4414 0 0
-27.3926 0 0
-27.3438 0 0
-27.2949 0 0
-27.2461 0 0
-27.1973 0 0
-27.1484 0 0
-27.0996 0 0
-27.0508 0 0
-27.002 0 0
-26.9531 0 0
-26.9043 0 0
-26.8555 0 0
-26.8066 0 0
-26.7578 0 0
-26.709 0 0
-26.6602 0 0
-26.6113 0 0
-26.5625 0 0
-26.5137 0 0
-26.4648 0 0
-26.416 0 0
-26.3672 0 0
-26.3184 0 0
-26.2695 0 0
-26.2207 0 0
-26.1719 0 0
-26.123 0 0
-26.0742 0 0
-26.0254 0 0
-25.9766 0 0
-25.9277 0 0
-25.8789 0 0
-25.8301 0 0
-25.7812 0 0
-25.7324 0 0
-25.6836 0 0
-25.6348 0 0
-25.5859 0 0
-25.5371 0 0
-25.4883 0 0
-25.4395 0 0
-25.3906 0 0
-25.3418 0 0
-25.293 0 0
-25.2441 0 0
-25.1953 0 0
-25.1465 0 0
-25.0977 0 0
-25.0488 0 0
-25 0 0
-24.9512 0 0
-24.9023 0 0
-24.8535 0 0
-24.8047 0 0
-24.7559 0 0
-24.707 0 0
-24.6582 0 0
-24.6094 0 0
-24.5605 0 0
-24.5117 0 0
-24.4629 0 0
-24.4141 0 0
-24.3652 0 0
-24.3164 0 0
-24.2676 0 0
-24.2188 0 0
-24.1699 0 0
-24.1211 0 0
-24.0723 0 0
-24.0234 0 0
-23.9746 0 0
-23.9258 0 0
-23.877 0 0
-23.8281 0 0
-23.7793 0 0
-23.7305 0 0
-23.6816 0 0
-23.6328 0 0
-23.584 0 0
-23.5352 0 0
-23.4863 0 0
-23.4375 0 0
-23.3887 0 0
-23.3398 0 0
-23.291 0 0
-23.2422 0 0
-23.1934 0 0
-23.1445 0 0
-23.0957 0 0
-23.0469 0 0
-22.998 0 0
-22.9492 0 0
-22.9004 0 0
-22.8516 0 0
-22.8027 0 0
-22.7539 0 0
-22.7051 0 0
-22.6562 0 0
-22.6074 0 0
-22.5586 0 0
-22.5098 0 0
-22.4609 0 0
-22.4121 0 0
-22.3633 0 0
-22.3145 0 0
-22.2656 0 0
-22.2168 0 0
-22.168 0 0
-22.1191 0 0
-22.0703 0 0
-22.0215 0 0
-21.9727 0 0
-21.9238 0 0
-21.875 0 0
-21.8262 0 0
-21.7773 0 0
-21.7285 0 0
-21.6797 0 0
-21.6309 0 0
-21.582 0 0
-21.5332 0 0
-21.4844 0 0
-21.4355 0 0
-21.3867 0 0
-21.3379 0 0
-21.2891 0 0
-21.2402 0 0
-21.1914 0 0
-21.1426 0 0
-21.0938 0 0
-21.0449 0 0
-20.9961 0 0
-20.9473 0 0
-20.8984 0 0
-20.8496 0 0
-20.8008 0 0
-20.752 0 0
-20.7031 0 0
-20.6543 0 0
-20.6055 0 0
-20.5566 0 0
-20.5078 0 0
-20.459 0 0
-20.4102 0 0
-20.3613 0 0
-20.3125 0 0
-20.2637 0 0
-20.2148 0 0
-20.166 0 0
-20.1172 0 0
-20.0684 0 0
-20.0195 0 0
-19.9707 0 0
-19.9219 0 0
-19.873 0 0
-19.8242 0 0
-19.7754 0 0
-19.7266 0 0
-19.6777 0 0
-19.6289 0 0
-19.5801 0 0
-19.5312 0 0
-19.4824 0 0
-19.4336 0 0
-19.3848 0 0
-19.3359 0 0
-19.2871 0 0
-19.2383 0 0
-19.1895 0 0
-19.1406 0 0
-19.0918 0 0
-19.043 0 0
-18.9941 0 0
-18.9453 0 0
-18.8965 0 0
-18.8477 0 0
-18.7988 0 0
-18.75 0 0
-18.7012 0 0
-18.6523 0 0
-18.6035 0 0
-18.5547 0 0
-18.5059 0 0
-18.457 0 0
-18.4082 0 0
-18.3594 0 0
-18.3105 0 0
-18.2617 0 0
-18.2129 0 0
-18.1641 0 0
-18.1152 0 0
-18.0664 0 0
-18.0176 0 0
-17.9688 0 0
-17.9199 0 0
-17.8711 0 0
-17.8223 0 0
-17.7734 0 0
-17.7246 0 0
-17.6758 0 0
-17.627 0 0
-17.5781 0 0
-17.5293 0 0
-17.4805 0 0
-17.4316 0 0
-17.3828 0 0
-17.334 0 0
-17.2852 0 0
-17.2363 0 0
-17.1875 0 0
-17.1387 0 0
-17.0898 0 0
-17.041 0 0
-16.9922 0 0
-16.9434 0 0
-16.8945 0 0
-16.8457 0 0
-16.7969 0 0
-16.748 0 0
-16.6992 0 0
-16.6504 0 0
-16.6016 0 0
-16.5527 0 0
-16.5039 0 0
-16.4551 0 0
-16.4062 0 0
-16.3574 0 0
-16.3086 0 0
-16.2598 0 0
-16.2109 0 0
-16.1621 0 0
-16.1133 0 0
-16.0645 0 0
-16.0156 0 0
-15.9668 0 0
-15.918 0 0
-15.8691 0 0
-15.8203 0 0
-15.7715 0 0
-15.7227 0 0
-15.6738 0 0
-15.625 0 0
-15.5762 0 0
-15.5273 0 0
-15.4785 0 0
-15.4297 0 0
-15.3809 0 0
-15.332 0 0
-15.2832 0 0
-15.2344 0 0
-15.1855 0 0
-15.1367 0 0
-15.0879 0 0
-15.0391 0 0
-14.9902 0 0
-14.9414 0 0
-14.8926 0 0
-14.8438 0 0
-14.7949 0 0
-14.7461 0 0
-14.6973 0 0
-14.6484 0 0
-14.5996 0 0
-14.5508 0 0
-14.502 0 0
-14.4531 0 0
-14.4043 0 0
-14.3555 0 0
-14.3066 0 0
-14.2578 0 0
-14.209 0 0
-14.1602 0 0
-14.1113 0 0
-14.0625 0 0
-14.0137 0 0
-13.9648 0 0
-13.916 0 0
-13.8672 0 0
-13.8184 0 0
-13.7695 0 0
-13.7207 0 0
-13.6719 0 0
-13.623 0 0
-13.5742 0 0
-13.5254 0 0
-13.4766 0 0
-13.4277 0 0
-13.3789 0 0
-13.3301 0 0
-13.2812 0 0
-13.2324 0 0
-13.1836 0 0
-13.1348 0 0
-13.0859 0 0
-13.0371 0 0
-12.9883 0 0
-12.9395 0 0
-12.8906 0 0
-12.8418 0 0
-12.793 0 0
-12.7441 0 0
-12.6953 0 0
-12.6465 0 0
-12.5977 0 0
-12.5488 0 0
-12.5 0 0
-12.4512 0 0
-12.4023 0 0
-12.3535 0 0
-12.3047 0 0
-12.2559 0 0
-12.207 0 0
-12.1582 0 0
-12.1094 0 0
-12.0605 0 0
-12.0117 0 0
-11.9629 0 0
-11.9141 0 0
-11.8652 0 0
-11.8164 0 0
-11.7676 0 0
-11.7188 0 0
-11.6699 0 0
-11.6211 0 0
-11.5723 0 0
-11.5234 0 0
-11.4746 0 0
-11.4258 0 0
-11.377 0 0
-11.3281 0 0
-11.2793 0 0
-11.2305 0 0
-11.1816 0 0
-11.1328 0 0
-11.084 0 0
-11.0352 0 0
-10.9863 0 0
-10.9375 0 0
-10.8887 0 0
-10.8398 0 0
-10.791 0 0
-10.7422 0 0
-10.6934 0 0
-10.6445 0 0
-10.5957 0 0
-10.5469 0 0
-10.498 0 0
-10.4492 0 0
-10.4004 0 0
-10.3516 0 0
-10.3027 0 0
-10.2539 0 0
-10.2051 0 0
-10.1562 0 0
-10.1074 0 0
-10.0586 0 0
-10.0098 0 0
-9.96094 0 0
-9.91211 0 0
-9.86328 0 0
-9.81445 0 0
-9.76562 0 0
-9.7168 0 0
-9.66797 0 0
-9.61914 0 0
-9.57031 0 0
-9.52148 0 0
-9.47266 0 0
-9.42383 0 0
-9.375 0 0
-9.32617 0 0
-9.27734 0 0
-9.22852 0 0
-9.17969 0 0
-9.13086 0 0
-9.08203 0 0
-9.0332 0 0
-8.98438 0 0
-8.93555 0 0
-8.88672 0 0
-8.83789 0 0
-8.78906 0 0
-8.74023 0 0
-8.69141 0 0
-8.64258 0 0
-8.59375 0 0
-8.54492 0 0
-8.49609 0 0
-8.44727 0 0
-8.39844 0 0
-8.34961 0 0
-8.30078 0 0
-8.25195 0 0
-8.20312 0 0
-8.1543 0 0
-8.10547 0 0
-8.05664 0 0
-8.00781 0 0
-7.95898 0 0
-7.91016 0 0
-7.86133 0 0
-7.8125 0 0
-7.76367 0 0
-7.71484 0 0
-7.66602 0 0
-7.61719 0 0
-7.56836 0 0
-7.51953 0 0
-7.4707 0 0
-7.42188 0 0
-7.37305 0 0
-7.32422 0 0
-7.27539 0 0
-7.22656 0 0
-7.17773 0 0
-7.12891 0 0
-7.08008 0 0
-7.03125 0 0
-6.98242 0 0
-6.93359 0 0
-6.88477 0 0
-6.83594 0 0
-6.78711 0 0
-6.73828 0 0
-6.68945 0 0
-6.64062 1.05968e-10 0
-6.5918 1.46378e-10 0
-6.54297 2.01716e-10 0
-6.49414 2.77314e-10 0
-6.44531 3.80336e-10 0
-6.39648 5.20389e-10 0
-6.34766 7.10318e-10 0
-6.29883 9.67257e-10 0
-6.25 1.314e-09 0
-6.20117 1.7808e-09 0
-6.15234 2.40767e-09 0
-6.10352 3.24747e-09 0
-6.05469 4.36976e-09 0
-6.00586 5.86589e-09 0
-5.95703 7.85552e-09 0
-5.9082 1.0495e-08 0
-5.85938 1.39879e-08 0
-5.81055 1.85989e-08 0
-5.76172 2.46709e-08 0
-5.71289 3.26475e-08 0
-5.66406 4.31001e-08 0
-5.61523 5.67638e-08 0
-5.56641 7.45812e-08 0
-5.51758 9.77578e-08 0
-5.46875 1.27832e-07 0
-5.41992 1.66759e-07 0
-5.37109 2.17023e-07 0
-5.32227 2.81764e-07 0
-5.27344 3.64948e-07 0
-5.22461 4.71564e-07 0
-5.17578 6.07876e-07 0
-5.12695 7.81725e-07 0
-5.07812 1.0029e-06 0
-5.0293 1.28359e-06 0
-4.98047 1.63892e-06 0
-4.93164 2.08764e-06 0
-4.88281 2.65287e-06 0
-4.83398 3.36312e-06 0
-4.78516 4.25337e-06 0
-4.73633 5.36647e-06 0
-4.6875 6.75474e-06 0
-4.63867 8.48189e-06 0
-4.58984 1.06253e-05 0
-4.54102 1.32787e-05 0
-4.49219 1.65552e-05 0
-4.44336 2.05909e-05 0
-4.39453 2.55495e-05 0
-4.3457 3.16268e-05 0
-4.29688 3.90563e-05 0
-4.24805 4.81163e-05 0
-4.19922 5.91368e-05 0
-4.15039 7.25083e-05 0
-4.10156 8.86915e-05 0
-4.05273 0.000108228 0
-4.00391 0.000131754 0
-3.95508 0.000160012 0
-3.90625 0.000193868 0
-3.85742 0.000234328 0
-3.80859 0.000282557 0
-3.75977 0.000339901 0
-3.71094 0.000407909 0
-3.66211 0.000488358 0
-3.61328 0.000583282 0
-3.56445 0.000694998 0
-3.51562 0.000826139 0
-3.4668 0.000979686 0
-3.41797 0.001159 0
-3.36914 0.00136788 0
-3.32031 0.00161056 0
-3.27148 0.00189177 0
-3.22266 0.00221679 0
-3.17383 0.00259147 0
-3.125 0.00302226 0
-3.07617 0.00351627 0
-3.02734 0.00408128 0
-2.97852 0.00472581 0
-2.92969 0.00545909 0
-2.88086 0.00629113 0
-2.83203 0.00723273 0
-2.7832 0.00829545 0
-2.73438 0.00949166 0
-2.68555 0.0108345 0
-2.63672 0.0123379 0
-2.58789 0.0140164 0
-2.53906 0.0158854 0
-2.49023 0.0179606 0
-2.44141 0.0202587 0
-2.39258 0.0227964 0
-2.34375 0.0255908 0
-2.29492 0.0286595 0
-2.24609 0.0320196 0
-2.19727 0.0356885 0
-2.14844 0.0396831 0
-2.09961 0.0440197 0
-2.05078 0.0487139 0
-2.00195 0.0537804 0
-1.95312 0.0592324 0
-1.9043 0.0650817 0
-1.85547 0.0713384 0
-1.80664 0.0780104 0
-1.75781 0.0851032 0
-1.70898 0.0926198 0
-1.66016 0.10056 0
-1.61133 0.108922 0
-1.5625 0.117697 0
-1.51367 0.126877 0
-1.46484 0.136447 0
-1.41602 0.146389 0
-1.36719 0.156682 0
-1.31836 0.167299 0
-1.26953 0.17821 0
-1.2207 0.189381 0
-1.17188 0.200772 0
-1.12305 0.212342 0
-1.07422 0.224044 0
-1.02539 0.235828 0
-0.976562 0.247641 0
-0.927734 0.259426 0
-0.878906 0.271125 0
-0.830078 0.282676 0
-0.78125 0.294018 0
-0.732422 0.305087 0
-0.683594 0.315818 0
-0.634766 0.326149 0
-0.585938 0.336015 0
-0.537109 0.345355 0
-0.488281 0.35411 0
-0.439453 0.362222 0
-0.390625 0.369638 0
-0.341797 0.376307 0
-0.292969 0.382184 0
-0.244141 0.387228 0
-0.195312 0.391405 0
-0.146484 0.394685 0
-0.0976562 0.397045 0
-0.0488281 0.398467 0
0 0.398942 0
0.0488281 0.398467 0
0.0976562 0.397045 0
0.146484 0.394685 0
0.195312 0.391405 0
0.244141 0.387228 0
0.292969 0.382184 0
0.341797 0.376307 0
0.390625 0.369638 0
0.439453 0.362222 0
0.488281 0.35411 0
0.537109 0.345355 0
0.585938 0.336015 0
0.634766 0.326149 0
0.683594 0.315818 0
0.732422 0.305087 0
0.78125 0.294018 0
0.830078 0.282676 0
0.878906 0.271125 0
0.927734 0.259426 0
0.976562 0.247641 0
1.02539 0.235828 0
1.07422 0.224044 0
1.12305 0.212342 0
1.17188 0.200772 0
1.2207 0.189381 0
1.26953 0.17821 0
1.31836 0.167299 0
1.36719 0.156682 0
1.41602 0.146389 0
1.46484 0.136447 0
1.51367 0.126877 0
1.5625 0.117697 0
1.61133 0.108922 0
1.66016 0.10056 0
1.70898 0.0926198 0
1.75781 0.0851032 0
1.80664 0.0780104 0
1.85547 0.0713384 0
1.9043 0.0650817 0
1.95312 0.0592324 0
2.00195 0.0537804 0
2.05078 0.0487139 0
2.09961 0.0440197 0
2.14844 0.0396831 0
2.19727 0.0356885 0
2.24609 0.0320196 0
2.29492 0.0286595 0
2.34375 0.0255908 0
2.39258 0.0227964 0
2.44141 0.0202587 0
2.49023 0.0179606 0
2.53906 0.0158854 0
2.58789 0.0140164 0
2.63672 0.0123379 0
2.68555 0.0108345 0
2.73438 0.00949166 0
2.7832 0.00829545 0
2.83203 0.00723273 0
2.88086 0.00629113 0
2.92969 0.00545909 0
2.97852 0.00472581 0
3.02734 0.00408128 0
3.07617 0.00351627 0
3.125 0.00302226 0
3.17383 0.00259147 0
3.22266 0.00221679 0
3.27148 0.00189177 0
3.32031 0.00161056 0
3.36914 0.00136788 0
3.41797 0.001159 0
3.4668 0.000979686 0
3.51562 0.000826139 0
3.56445 0.000694998 0
3.61328 0.000583282 0
3.66211 0.000488358 0
3.71094 0.000407909 0
3.75977 0.000339901 0
3.80859 0.000282557 0
3.85742 0.000234328 0
3.90625 0.000193868 0
3.95508 0.000160012 0
4.00391 0.000131754 0
4.05273 0.000108228 0
4.10156 8.86915e-05 0
4.15039 7.25083e-05 0
4.19922 5.91368e-05 0
4.24805 4.81163e-05 0
4.29688 3.90563e-05 0
4.3457 3.16268e-05 0
4.39453 2.55495e-05 0
4.44336 2.05909e-05 0
4.49219 1.65552e-05 0
4.54102 1.32787e-05 0
4.58984 1.06253e-05 0
4.63867 8.48189e-06 0
4.6875 6.75474e-06 0
4.73633 5.36647e-06 0
4.78516 4.25337e-06 0
4.83398 3.36312e-06 0
4.88281 2.65287e-06 0
4.93164 2.08764e-06 0
4.98047 1.63892e-06 0
5.0293 1.28359e-06 0
5.07812 1.0029e-06 0
5.12695 7.81725e-07 0
5.17578 6.07876e-07 0
5.22461 4.71564e-07 0
5.27344 3.64948e-07 0
5.32227 2.81764e-07 0
5.37109 2.17023e-07 0
5.41992 1.66759e-07 0
5.46875 1.27832e-07 0
5.51758 9.77578e-08 0
5.56641 7.45812e-08 0
5.61523 5.67638e-08 0
5.66406 4.31001e-08 0
5.71289 3.26475e-08 0
5.76172 2.46709e-08 0
5.81055 1.85989e-08 0
5.85938 1.39879e-08 0
5.9082 1.0495e-08 0
5.95703 7.85552e-09 0
6.00586 5.86589e-09 0
6.05469 4.36975e-09 0
6.10352 3.24747e-09 0
6.15234 2.40767e-09 0
6.20117 1.7808e-09 0
6.25 1.314e-09 0
6.29883 9.67257e-10 0
6.34766 7.10318e-10 0
6.39648 5.20389e-10 0
6.44531 3.80336e-10 0
6.49414 2.77314e-10 0
6.54297 2.01716e-10 0
6.5918 1.46378e-10 0
6.64062 1.05967e-10 0
6.68945 0 0
6.73828 0 0
6.78711 0 0
6.83594 0 0
6.88477 0 0
6.93359 0 0
6.98242 0 0
7.03125 0 0
7.08008 0 0
7.12891 0 0
7.17773 0 0
7.22656 0 0
7.27539 0 0
7.32422 0 0
7.37305 0 0
7.42188 0 0
7.4707 0 0
7.51953 0 0
7.56836 0 0
7.61719 0 0
7.66602 0 0
7.71484 0 0
7.76367 0 0
7.8125 0 0
7.86133 0 0
7.91016 0 0
7.95898 0 0
8.00781 0 0
8.05664 0 0
8.10547 0 0
8.1543 0 0
8.20312 0 0
8.25195 0 0
8.30078 0 0
8.34961 0 0
8.39844 0 0
8.44727 0 0
8.49609 0 0
8.54492 0 0
8.59375 0 0
8.64258 0 0
8.69141 0 0
8.74023 0 0
8.78906 0 0
8.83789 0 0
8.88672 0 0
8.93555 0 0
8.98438 0 0
9.0332 0 0
9.08203 0 0
9.13086 0 0
9.17969 0 0
9.22852 0 0
9.27734 0 0
9.32617 0 0
9.375 0 0
9.42383 0 0
9.47266 0 0
9.52148 0 0
9.57031 0 0
9.61914 0 0
9.66797 0 0
9.7168 0 0
9.76562 0 0
9.81445 0 0
9.86328 0 0
9.91211 0 0
9.96094 0 0
10.0098 0 0
10.0586 0 0
10.1074 0 0
10.1562 0 0
10.2051 0 0
10.2539 0 0
10.3027 0 0
10.3516 0 0
10.4004 0 0
10.4492 0 0
10.498 0 0
10.5469 0 0
10.5957 0 0
10.6445 0 0
10.6934 0 0
10.7422 0 0
10.791 0 0
10.8398 0 0
10.8887 0 0
10.9375 0 0
10.9863 0 0
11.0352 0 0
11.084 0 0
11.1328 0 0
11.1816 0 0
11.2305 0 0
11.2793 0 0
11.3281 0 0
11.377 0 0
11.4258 0 0
11.4746 0 0
11.5234 0 0
11.5723 0 0
11.6211 0 0
11.6699 0 0
11.7188 0 0
11.7676 0 0
11.8164 0 0
11.8652 0 0
11.9141 0 0
11.9629 0 0
12.0117 0 0
12.0605 0 0
12.1094 0 0
12.1582 0 0
12.207 0 0
12.2559 0 0
12.3047 0 0
12.3535 0 0
12.4023 0 0
12.4512 0 0
12.5 0 0
12.5488 0 0
12.5977 0 0
12.6465 0 0
12.6953 0 0
12.7441 0 0
12.793 0 0
12.8418 0 0
12.8906 0 0
12.9395 0 0
12.9883 0 0
13.0371 0 0
13.0859 0 0
13.1348 0 0
13.1836 0 0
13.2324 0 0
13.2812 0 0
13.3301 0 0
13.3789 0 0
13.4277 0 0
13.4766 0 0
13.5254 0 0
13.5742 0 0
13.623 0 0
13.6719 0 0
13.7207 0 0
13.7695 0 0
13.8184 0 0
13.8672 0 0
13.916 0 0
13.9648 0 0
14.0137 0 0
14.0625 0 0
14.1113 0 0
14.1602 0 0
14.209 0 0
14.2578 0 0
14.3066 0 0
14.3555 0 0
14.4043 0 0
14.4531 0 0
14.502 0 0
14.5508 0 0
14.5996 0 0
14.6484 0 0
14.6973 0 0
14.7461 0 0
14.7949 0 0
14.8438 0 0
14.8926 0 0
14.9414 0 0
14.9902 0 0
15.0391 0 0
15.0879 0 0
15.1367 0 0
15.1855 0 0
15.2344 0 0
15.2832 0 0
15.332 0 0
15.3809 0 0
15.4297 0 0
15.4785 0 0
15.5273 0 0
15.5762 0 0
15.625 0 0
15.6738 0 0
15.7227 0 0
15.7715 0 0
15.8203 0 0
15.8691 0 0
15.918 0 0
15.9668 0 0
16.0156 0 0
16.0645 0 0
16.1133 0 0
16.1621 0 0
16.2109 0 0
16.2598 0 0
16.3086 0 0
16.3574 0 0
16.4062 0 0
16.4551 0 0
16.5039 0 0
16.5527 0 0
16.6016 0 0
16.6504 0 0
16.6992 0 0
16.748 0 0
16.7969 0 0
16.8457 0 0
16.8945 0 0
16.9434 0 0
16.9922 0 0
17.041 0 0
17.0898 0 0
17.1387 0 0
17.1875 0 0
17.2363 0 0
17.2852 0 0
17.334 0 0
17.3828 0 0
17.4316 0 0
17.4805 0 0
17.5293 0 0
17.5781 0 0
17.627 0 0
17.6758 0 0
17.7246 0 0
17.7734 0 0
17.8223 0 0
17.8711 0 0
17.9199 0 0
17.9688 0 0
18.0176 0 0
18.0664 0 0
18.1152 0 0
18.1641 0 0
18.2129 0 0
18.2617 0 0
18.3105 0 0
18.3594 0 0
18.4082 0 0
18.457 0 0
18.5059 0 0
18.5547 0 0
18.6035 0 0
18.6523 0 0
18.7012 0 0
18.75 0 0
18.7988 0 0
18.8477 0 0
18.8965 0 0
18.9453 0 0
18.9941 0 0
19.043 0 0
19.0918 0 0
19.1406 0 0
19.1895 0 0
19.2383 0 0
19.2871 0 0
19.3359 0 0
19.3848 0 0
19.4336 0 0
19.4824 0 0
19.5312 0 0
19.5801 0 0
19.6289 0 0
19.6777 0 0
19.7266 0 0
19.7754 0 0
19.8242 0 0
19.873 0 0
19.9219 0 0
19.9707 0 0
20.0195 0 0
20.0684 0 0
20.1172 0 0
20.166 0 0
20.2148 0 0
20.2637 0 0
20.3125 0 0
20.3613 0 0
20.4102 0 0
20.459 0 0
20.5078 0 0
20.5566 0 0
20.6055 0 0
20.6543 0 0
20.7031 0 0
20.752 0 0
20.8008 0 0
20.8496 0 0
20.8984 0 0
20.9473 0 0
20.9961 0 0
21.0449 0 0
21.0938 0 0
21.1426 0 0
21.1914 0 0
21.2402 0 0
21.2891 0 0
21.3379 0 0
21.3867 0 0
21.4355 0 0
21.4844 0 0
21.5332 0 0
21.582 0 0
21.6309 0 0
21.6797 0 0
21.7285 0 0
21.7773 0 0
21.8262 0 0
21.875 0 0
21.9238 0 0
21.9727 0 0
22.0215 0 0
22.0703 0 0
22.1191 0 0
22.168 0 0
22.2168 0 0
22.2656 0 0
22.3145 0 0
22.3633 0 0
22.4121 0 0
22.4609 0 0
22.5098 0 0
22.5586 0 0
22.6074 0 0
22.6562 0 0
22.7051 0 0
22.7539 0 0
22.8027 0 0
22.8516 0 0
22.9004 0 0
22.9492 0 0
22.998 0 0
23.0469 0 0
23.0957 0 0
23.1445 0 0
23.1934 0 0
23.2422 0 0
23.291 0 0
23.3398 0 0
23.3887 0 0
23.4375 0 0
23.4863 0 0
23.5352 0 0
23.584 0 0
23.6328 0 0
23.6816 0 0
23.7305 0 0
23.7793 0 0
23.8281 0 0
23.877 0 0
23.9258 0 0
23.9746 0 0
24.0234 0 0
24.0723 0 0
24.1211 0 0
24.1699 0 0
24.2188 0 0
24.2676 0 0
24.3164 0 0
24.3652 0 0
24.4141 0 0
24.4629 0 0
24.5117 0 0
24.5605 0 0
24.6094 0 0
24.6582 0 0
24.707 0 0
24.7559 0 0
24.8047 0 0
24.8535 0 0
24.9023 0 0
24.9512 0 0
25 0 0
25.0488 0 0
25.0977 0 0
25.1465 0 0
25.1953 0 0
25.2441 0 0
25.293 0 0
25.3418 0 0
25.3906 0 0
25.4395 0 0
25.4883 0 0
25.5371 0 0
25.5859 0 0
25.6348 0 0
25.6836 0 0
25.7324 0 0
25.7812 0 0
25.8301 0 0
25.8789 0 0
25.9277 0 0
25.9766 0 0
26.0254 0 0
26.0742 0 0
26.123 0 0
26.1719 0 0
26.2207 0 0
26.2695 0 0
26.3184 0 0
26.3672 0 0
26.416 0 0
26.4648 0 0
26.5137 0 0
26.5625 0 0
26.6113 0 0
26.6602 0 0
26.709 0 0
26.7578 0 0
26.8066 0 0
26.8555 0 0
26.9043 0 0
26.9531 0 0
27.002 0 0
27.0508 0 0
27.0996 0 0
27.1484 0 0
27.1973 0 0
27.2461 0 0
27.2949 0 0
27.3438 0 0
27.3926 0 0
27.4414 0 0
27.4902 0 0
27.5391 0 0
27.5879 0 0
27.6367 0 0
27.6855 0 0
27.7344 0 0
27.7832 0 0
27.832 0 0
27.8809 0 0
27.9297 0 0
27.9785 0 0
28.0273 0 0
28.0762 0 0
28.125 0 0
28.1738 0 0
28.2227 0 0
28.2715 0 0
28.3203 0 0
28.3691 0 0
28.418 0 0
28.4668 0 0
28.5156 0 0
28.5645 0 0
28.6133 0 0
28.6621 0 0
28.7109 0 0
28.7598 0 0
28.8086 0 0
28.8574 0 0
28.9062 0 0
28.9551 0 0
29.0039 0 0
29.0527 0 0
29.1016 0 0
29.1504 0 0
29.1992 0 0
29.248 0 0
29.2969 0 0
29.3457 0 0
29.3945 0 0
29.4434 0 0
29.4922 0 0
29.541 0 0
29.5898 0 0
29.6387 0 0
29.6875 0 0
29.7363 0 0
29.7852 0 0
29.834 0 0
29.8828 0 0
29.9316 0 0
29.9805 0 0
30.0293 0 0
30.0781 0 0
30.127 0 0
30.1758 0 0
30.2246 0 0
30.2734 0 0
30.3223 0 0
30.3711 0 0
30.4199 0 0
30.4688 0 0
30.5176 0 0
30.5664 0 0
30.6152 0 0
30.6641 0 0
30.7129 0 0
30.7617 0 0
30.8105 0 0
30.8594 0 0
30.9082 0 0
30.957 0 0
31.0059 0 0
31.0547 0 0
31.1035 0 0
31.1523 0 0
31.2012 0 0
31.25 0 0
31.2988 0 0
31.3477 0 0
31.3965 0 0
31.4453 0 0
31.4941 0 0
31.543 0 0
31.5918 0 0
31.6406 0 0
31.6895 0 0
31.7383 0 0
31.7871 0 0
31.8359 0 0
31.8848 0 0
31.9336 0 0
31.9824 0 0
32.0312 0 0
32.0801 0 0
32.1289 0 0
32.1777 0 0
32.2266 0 0
32.2754 0 0
32.3242 0 0
32.373 0 0
32.4219 0 0
32.4707 0 0
32.5195 0 0
32.5684 0 0
32.6172 0 0
32.666 0 0
32.7148 0 0
32.7637 0 0
32.8125 0 0
32.8613 0 0
32.9102 0 0
32.959 0 0
33.0078 0 0
33.0566 0 0
33.1055 0 0
33.1543 0 0
33.2031 0 0
33.252 0 0
33.3008 0 0
33.3496 0 0
33.3984 0 0
33.4473 0 0
33.4961 0 0
33.5449 0 0
33.5938 0 0
33.6426 0 0
33.6914 0 0
33.7402 0 0
33.7891 0 0
33.8379 0 0
33.8867 0 0
33.9355 0 0
33.9844 0 0
34.0332 0 0
34.082 0 0
34.1309 0 0
34.1797 0 0
34.2285 0 0
34.2773 0 0
34.3262 0 0
34.375 0 0
34.4238 0 0
34.4727 0 0
34.5215 0 0
34.5703 0 0
34.6191 0 0
34.668 0 0
34.7168 0 0
34.7656 0 0
34.8145 0 0
34.8633 0 0
34.9121 0 0
34.9609 0 0
35.0098 0 0
35.0586 0 0
35.1074 0 0
35.1562 0 0
35.2051 0 0
35.2539 0 0
35.3027 0 0
35.3516 0 0
35.4004 0 0
35.4492 0 0
35.498 0 0
35.5469 0 0
35.5957 0 0
35.6445 0 0
35.6934 0 0
35.7422 0 0
35.791 0 0
35.8398 0 0
35.8887 0 0
35.9375 0 0
35.9863 0 0
36.0352 0 0
36.084 0 0
36.1328 0 0
36.1816 0 0
36.2305 0 0
36.2793 0 0
36.3281 0 0
36.377 0 0
36.4258 0 0
36.4746 0 0
36.5234 0 0
36.5723 0 0
36.6211 0 0
36.6699 0 0
36.7188 0 0
36.7676 0 0
36.8164 0 0
36.8652 0 0
36.9141 0 0
36.9629 0 0
37.0117 0 0
37.0605 0 0
37.1094 0 0
37.1582 0 0
37.207 0 0
37.2559 0 0
37.3047 0 0
37.3535 0 0
37.4023 0 0
37.4512 0 0
37.5 0 0
37.5488 0 0
37.5977 0 0
37.6465 0 0
37.6953 0 0
37.7441 0 0
37.793 0 0
37.8418 0 0
37.8906 0 0
37.9395 0 0
37.9883 0 0
38.0371 0 0
38.0859 0 0
38.1348 0 0
38.1836 0 0
38.2324 0 0
38.2812 0 0
38.3301 0 0
38.3789 0 0
38.4277 0 0
38.4766 0 0
38.5254 0 0
38.5742 0 0
38.623 0 0
38.6719 0 0
38.7207 0 0
38.7695 0 0
38.8184 0 0
38.8672 0 0
38.916 0 0
38.9648 0 0
39.0137 0 0
39.0625 0 0
39.1113 0 0
39.1602 0 0
39.209 0 0
39.2578 0 0
39.3066 0 0
39.3555 0 0
39.4043 0 0
39.4531 0 0
39.502 0 0
39.5508 0 0
39.5996 0 0
39.6484 0 0
39.6973 0 0
39.7461 0 0
39.7949 0 0
39.8438 0 0
39.8926 0 0
39.9414 0 0
39.9902 0 0
40.0391 0 0
40.0879 0 0
40.1367 0 0
40.1855 0 0
40.2344 0 0
40.2832 0 0
40.332 0 0
40.3809 0 0
40.4297 0 0
40.4785 0 0
40.5273 0 0
40.5762 0 0
40.625 0 0
40.6738 0 0
40.7227 0 0
40.7715 0 0
40.8203 0 0
40.8691 0 0
40.918 0 0
40.9668 0 0
41.0156 0 0
41.0645 0 0
41.1133 0 0
41.1621 0 0
41.2109 0 0
41.2598 0 0
41.3086 0 0
41.3574 0 0
41.4062 0 0
41.4551 0 0
41.5039 0 0
41.5527 0 0
41.6016 0 0
41.6504 0 0
41.6992 0 0
41.748 0 0
41.7969 0 0
41.8457 0 0
41.8945 0 0
41.9434 0 0
41.9922 0 0
42.041 0 0
42.0898 0 0
42.1387 0 0
42.1875 0 0
42.2363 0 0
42.2852 0 0
42.334 0 0
42.3828 0 0
42.4316 0 0
42.4805 0 0
42.5293 0 0
42.5781 0 0
42.627 0 0
42.6758 0 0
42.7246 0 0
42.7734 0 0
42.8223 0 0
42.8711 0 0
42.9199 0 0
42.9688 0 0
43.0176 0 0
43.0664 0 0
43.1152 0 0
43.1641 0 0
43.2129 0 0
43.2617 0 0
43.3105 0 0
43.3594 0 0
43.4082 0 0
43.457 0 0
43.5059 0 0
43.5547 0 0
43.6035 0 0
43.6523 0 0
43.7012 0 0
43.75 0 0
43.7988 0 0
43.8477 0 0
43.8965 0 0
43.9453 0 0
43.9941 0 0
44.043 0 0
44.0918 0 0
44.1406 0 0
44.1895 0 0
44.2383 0 0
44.2871 0 0
44.3359 0 0
44.3848 0 0
44.4336 0 0
44.4824 0 0
44.5312 0 0
44.5801 0 0
44.6289 0 0
44.6777 0 0
44.7266 0 0
44.7754 0 0
44.8242 0 0
44.873 0 0
44.9219 0 0
44.9707 0 0
45.0195 0 0
45.0684 0 0
45.1172 0 0
45.166 0 0
45.2148 0 0
45.2637 0 0
45.3125 0 0
45.3613 0 0
45.4102 0 0
45.459 0 0
45.5078 0 0
45.5566 0 0
45.6055 0 0
45.6543 0 0
45.7031 0 0
45.752 0 0
45.8008 0 0
45.8496 0 0
45.8984 0 0
45.9473 0 0
45.9961 0 0
46.0449 0 0
46.0938 0 0
46.1426 0 0
46.1914 0 0
46.2402 0 0
46.2891 0 0
46.3379 0 0
46.3867 0 0
46.4355 0 0
46.4844 0 0
46.5332 0 0
46.582 0 0
46.6309 0 0
46.6797 0 0
46.7285 0 0
46.7773 0 0
46.8262 0 0
46.875 0 0
46.9238 0 0
46.9727 0 0
47.0215 0 0
47.0703 0 0
47.1191 0 0
47.168 0 0
47.2168 0 0
47.2656 0 0
47.3145 0 0
47.3633 0 0
47.4121 0 0
47.4609 0 0
47.5098 0 0
47.5586 0 0
47.6074 0 0
47.6562 0 0
47.7051 0 0
47.7539 0 0
47.8027 0 0
47.8516 0 0
47.9004 0 0
47.9492 0 0
47.998 0 0
48.0469 0 0
48.0957 0 0
48.1445 0 0
48.1934 0 0
48.2422 0 0
48.291 0 0
48.3398 0 0
48.3887 0 0
48.4375 0 0
48.4863 0 0
48.5352 0 0
48.584 0 0
48.6328 0 0
48.6816 0 0
48.7305 0 0
48.7793 0 0
48.8281 0 0
48.877 0 0
48.9258 0 0
48.9746 0 0
49.0234 0 0
49.0723 0 0
49.1211 0 0
49.1699 0 0
49.2188 0 0
49.2676 0 0
49.3164 0 0
49.3652 0 0
49.4141 0 0
49.4629 0 0
49.5117 0 0
49.5605 0 0
49.6094 0 0
49.6582 0 0
49.707 0 0
49.7559 0 0
49.8047 0 0
49.8535 0 0
49.9023 0 0
49.9512 0 0
50 0 0
